2.321920463327906 177.0 0.9961608495412239 0.9781744972597511
2.3222011360622754 176.33333333333334 0.9961822698872301 0.9798215777258246
2.3221914787267566 177.33333333333334 0.9961831126951818 0.9833592728189707
2.322455081664737 180.66666666666666 0.9962078436337807 0.9881929396147431
2.3224922076322643 179.0 0.9962327194756455 0.9879412890233649
2.3230327987504076 175.66666666666666 0.9962638891520627 0.9879484858442423
2.3230079526743843 179.0 0.996275974874861 0.9879375488052906
2.3223035559833325 174.66666666666666 0.9963027450145557 0.9867175207766136
2.3217333801146993 174.33333333333334 0.9962857287467664 0.9854392796367997
2.322753440356591 179.33333333333334 0.9962866511160823 0.9771086446128672
2.323138275219033 180.33333333333334 0.9962511301979878 0.9781688335990986
2.32569030248192 176.33333333333334 0.9962120328459633 0.9782605180253483
2.3258136171378663 173.0 0.9962538129343813 0.9779619587091443
2.327001737486614 180.0 0.9962509178144338 0.9782019726293998
2.3272899958203563 177.33333333333334 0.9962516853554784 0.978360348831992
2.328788316336632 169.33333333333334 0.9962177120110399 0.9795786238997582
2.3296124997060943 177.66666666666666 0.9961211313004017 0.9838079672771802
2.3292731010834635 177.33333333333334 0.9963827561783193 0.9665490640826516
2.3274417664124285 179.33333333333334 0.9958799816944552 0.9807339923268144
2.327485555769161 178.0 0.9957541119545342 0.9827135322442337
2.329939683191803 179.33333333333334 0.9957046003283075 0.9821452111580219
2.330137062779143 172.33333333333334 0.9957760165970573 0.9823897069775268
2.3296325317343367 176.0 0.9958907532063878 0.9861491921432334
2.3299124346744318 177.66666666666666 0.9960266281623443 0.9884019198517289
2.332101151113215 180.0 0.9961811193039574 0.988497232361201
2.3310126821372013 176.0 0.996280922658459 0.9895204606965344
2.3301039825768615 181.33333333333334 0.996332384099686 0.991700729715613
2.3302360698942155 178.66666666666666 0.9963951500749108 0.9927837022457504
2.330287956031053 179.0 0.9964426965216355 0.9934935129908341
2.3315059951954247 177.66666666666666 0.9964559812383872 0.9904366652887898
2.3313214437441347 178.66666666666666 0.996476083326453 0.9897692647704592
2.3309400706597256 178.66666666666666 0.99646840227448 0.9887694849103608
2.331954697311836 178.0 0.9965617394490883 0.9873644992139503
2.3331978054428095 176.66666666666666 0.9964776354268118 0.9855587410080887
2.333123086668979 178.33333333333334 0.996459711050462 0.9854507355554473
2.3337116190861606 181.33333333333334 0.9964511078071638 0.9847155038026959
2.3344434718625187 180.33333333333334 0.9964851275514023 0.9848698135335255
2.3350978741588557 178.33333333333334 0.9965166695134727 0.9844188898825903
2.3357499350964996 178.66666666666666 0.9965253757056592 0.9818289637294918
2.3357864900383305 178.66666666666666 0.9964210756184105 0.9754721157965028
2.3360512578820924 179.66666666666666 0.996380950011096 0.9700196671450468
2.3356250773069154 177.33333333333334 0.996334307990104 0.9653610494007194
2.335605206785598 176.0 0.9963195333657512 0.9629902593619551
2.3360664766528614 179.66666666666666 0.9963048373704753 0.9562302272986506
2.3361646744929585 180.0 0.9962921088986112 0.9487833308991647
2.334246886535343 178.66666666666666 0.9963265495448802 0.947323263221576
2.331918431861917 178.0 0.9963713965988591 0.9472162615237391
2.330365918906726 175.0 0.9964389247206608 0.9436664336921534
2.3300160986287004 178.0 0.9965291404092665 0.9318828388591798
2.3301099554815314 178.33333333333334 0.9967354585672031 0.9227530268150594
2.331665716175305 178.33333333333334 0.9969495752072283 0.9115665798775988
2.332453659048517 177.66666666666666 0.9970629978787421 0.9021687112755463
2.334152286212217 176.0 0.9971314526967399 0.888126066015477
2.336844294290701 176.0 0.9971040219473912 0.8593891055609606
2.3391465804239955 176.33333333333334 0.9970708857302095 0.8342205180822211
2.341543589515057 175.0 0.997056914588572 0.807175202621513
2.3430454687720745 175.66666666666666 0.9970474140572165 0.7875046382526731
2.3429140060637152 175.66666666666666 0.9970508607246946 0.7667413291189439
2.3437714654307187 172.33333333333334 0.9970760322052178 0.7449742316010741
2.344064974709379 177.66666666666666 0.9970888091613526 0.724242523279529
2.3456108059642062 176.66666666666666 0.9971562614732303 0.6970773927153368
2.347681249833157 175.0 0.9971746261988205 0.6714836932293707
2.3509295340719123 170.66666666666666 0.9971498516842024 0.6252531718569669
2.3519115559948394 171.0 0.9971197849739284 0.5977905725998033
2.3524053394585724 171.0 0.9971099222803335 0.5660084146813891
2.352412282074919 168.66666666666666 0.997146962592697 0.541178138273364
2.3524364793500667 168.66666666666666 0.9971455243910089 0.5369794468427161
2.352135756417075 171.0 0.9972479193576201 0.48637828279040585
2.3528453653579247 170.0 0.9973449221917534 0.4456083284637832
2.3515245568022625 170.0 0.9973535999148717 0.4276735260581849
2.3501136710103365 168.0 0.9973786902724431 0.39460350041037306
2.349971791830499 168.66666666666666 0.9973787039272629 0.39027429173348904
2.349244630564156 168.33333333333334 0.9974465070542506 0.3291027428534949
2.3499385333163874 162.66666666666666 0.9974297168598383 0.29663251286086506
2.3493466041186153 159.66666666666666 0.9974305852394476 0.27652780359772533
2.3495734431594624 163.0 0.9974926794506573 0.2521158114198428
2.3514487006976004 161.33333333333334 0.9975548512594049 0.21394534637530713
2.351778555792412 156.66666666666666 0.9975516229760454 0.18825656454767184
2.350768456396944 161.66666666666666 0.9974735921046997 0.16543110187921742
2.350421012289278 155.66666666666666 0.9974329858289308 0.1448644705947674
2.350525142651292 156.66666666666666 0.9974047255835956 0.11744088184519245
2.3527405647884763 157.33333333333334 0.9973620385046587 0.07825804403017524
2.3522974007134874 158.66666666666666 0.9973113252567893 0.062017762881309814
2.353434617587446 153.0 0.9972763570064626 0.037909305343009986
2.354447077405346 153.66666666666666 0.9973815365847674 0.013142590131093809
2.3573081377314473 155.0 0.9974997850646351 -0.018125063745445896
2.3566660797651515 155.0 0.9975640555592202 -0.030637640076393004
2.3575983591307774 152.66666666666666 0.9976168112951473 -0.053986239229515565
2.357615830128062 146.33333333333334 0.9975875528437381 -0.06820855483420409
2.3583954339122686 146.0 0.9975388114124852 -0.08683800747882685
2.3592434006636576 138.66666666666666 0.997530848622341 -0.09780846891906893
2.360000427971892 150.66666666666666 0.9975660515836812 -0.10204132834113583
2.3575989644099584 149.33333333333334 0.9974816059666239 -0.07928728322682556
2.3545328135712538 155.33333333333334 0.997455156670374 -0.03892427249070108
2.3521779941508125 151.66666666666666 0.9974472783192424 0.006475523740857683
2.3504084889933936 152.33333333333334 0.9974157798007481 0.042179916354683655
2.3464671853253787 157.0 0.9974072110560653 0.09950424651453868
2.3463290414030236 159.33333333333334 0.9973761782727661 0.13142713682134272
2.3484486958329294 162.33333333333334 0.9973332769991305 0.16672843017193648
2.349638286112841 158.66666666666666 0.9972737016424978 0.20594595708097138
2.3493593564309343 167.0 0.9972380486857713 0.26808706132304744
2.348941536673998 163.0 0.9971891650602377 0.32696039627689233
2.3486271707180983 169.33333333333334 0.9970986647956364 0.3763451657706481
2.3492987422567833 166.33333333333334 0.9970691165864921 0.4036060658923447
2.3502882989175093 167.66666666666666 0.9970582567116539 0.44479832750384174
2.3498333149398567 166.66666666666666 0.9971327707130142 0.48827048598139305
2.347125548991989 166.33333333333334 0.9970615319975652 0.5420572952183934
2.3443781574364606 173.0 0.9970931295186157 0.6020956163277338
2.343285275210791 171.33333333333334 0.9970453518456548 0.6394667869607346
2.3411502578814694 176.33333333333334 0.997041295728118 0.6933492242379926
2.3402187524992866 174.0 0.9970028972713789 0.7273382790721727
2.3385807331708968 175.66666666666666 0.997017849291696 0.7612462890904776
2.3371710539600605 176.66666666666666 0.9971046734961333 0.8030204449256375
2.3356850569036145 176.33333333333334 0.9971005248280509 0.8266348678476977
2.3338200231094812 176.0 0.997102275208183 0.8525657424817034
2.3315137613251844 172.33333333333334 0.9971874673607013 0.881770352064066
2.3328295989068737 179.0 0.997147699701275 0.8886340349341387
2.334368844021865 179.66666666666666 0.997141253521073 0.8916570127483859
2.3350663896651036 176.66666666666666 0.9972065085241245 0.9079160689650965
2.333471381725053 178.66666666666666 0.9972924582206302 0.9237333274038798
2.331406010169922 176.0 0.9973718375633153 0.9468201848775181
2.3323846786333173 181.33333333333334 0.9973475876004905 0.955393889410385
2.3321120598216116 175.66666666666666 0.9972950093011066 0.9789024572310716
2.3319980181225897 176.0 0.9972968849592486 0.9805466837666086
2.3314118921621536 180.33333333333334 0.9972532963557388 0.9878677944778268
2.3314698340892037 181.66666666666666 0.9972946799591833 0.9918338548978929
2.3322462672665973 179.66666666666666 0.9972721103476819 0.9926117339378513
2.331833629619654 178.66666666666666 0.9973139110131696 0.9950526877358712
2.3305146494735878 178.33333333333334 0.9973832357726483 0.9959682783011183
2.327874879068293 174.33333333333334 0.9973952201787072 0.9956252390669159
2.3261511109272663 178.33333333333334 0.9973577333477578 0.9954829608631979
2.325518285062673 178.66666666666666 0.9974100557821364 0.99136520598134
2.326808346700462 175.33333333333334 0.9975341395475004 0.978032061078613
2.328393494873426 174.33333333333334 0.997578396533628 0.9662106598273987
2.329239782207746 178.0 0.9975712231517325 0.9518890664749354
2.3305640208986675 177.0 0.997585790729709 0.9387125233761455
2.3325663924869633 175.0 0.9976378688822873 0.9181684821328918
2.3342767773529003 178.33333333333334 0.9976488076431606 0.9019412224816448
2.338714124425077 176.0 0.9977714742930655 0.8401564491875699
2.3394160810086277 174.66666666666666 0.9977945435218493 0.8252876432327858
2.3400356656619885 172.66666666666666 0.9979103014802234 0.7999686891982589
2.3399469873927456 174.0 0.9979385939351388 0.794670006628446
2.3415736650476395 174.33333333333334 0.9980825928893388 0.758961611284431
2.3400457310386362 174.33333333333334 0.9981423089284549 0.7404177331740176
2.3387942141398574 176.33333333333334 0.9982086129629941 0.7176273427842642
2.3395667809894016 171.0 0.9982896608593949 0.6797885171405935
2.3414119751978184 168.33333333333334 0.9983502220707284 0.6441741383728548
2.3420368267429814 165.0 0.9983907763247813 0.6182257814398878
2.3452541063208754 170.66666666666666 0.9984755162542771 0.55746059006738
2.3451919546743953 170.33333333333334 0.9984738573788297 0.5553587396737071
2.3386440291817054 167.66666666666666 0.9983512972047652 0.559934166225273
2.335998001630013 170.33333333333334 0.9983293326037844 0.5467413627301481
2.335428772598099 169.66666666666666 0.9983412587501107 0.521456192707185
2.3356400125068117 163.66666666666666 0.9983901808621111 0.4896973104511537
2.3361491619104156 168.66666666666666 0.9984306680618064 0.4742601370545209
2.337609280500829 167.33333333333334 0.9984676264781649 0.4514783581047494
2.3391587168128005 170.0 0.9984824110017387 0.4256945092022596
2.340180066928563 163.33333333333334 0.9984330218737333 0.4039192051568857
2.3414366976368877 165.66666666666666 0.9983580567680534 0.3761229821897942
2.343263245535109 165.0 0.9982898840686334 0.343139123963486
2.344769937839444 160.0 0.9982130373870293 0.3169225493912028
2.346591269617307 158.0 0.9981605759132502 0.29352205033606243
2.346838789334538 158.66666666666666 0.9980969903321434 0.26907435204880614
2.3464267377671497 161.66666666666666 0.9980718254081914 0.2369175408756246
2.345441372214107 157.0 0.9980745438432447 0.21903711604276768
2.3455410860731685 152.66666666666666 0.9980633266897525 0.18720764065107384
2.3451269295128805 156.33333333333334 0.9980308882156081 0.1608291366123904
2.344777329307967 162.33333333333334 0.9980072632206634 0.15751414587298154
2.3445763832407405 161.66666666666666 0.9980040217722843 0.16081005797258355
2.341767025605222 156.66666666666666 0.9979976510955179 0.21798209206416957
2.3384603594759468 160.66666666666666 0.9979534313861341 0.28940767642988363
2.3337854771093864 168.0 0.9978594477697942 0.3998260819666807
2.336556792076447 167.0 0.9978875352997444 0.4173152265436695
2.3409012951005264 164.0 0.9979624484448736 0.4166703920815516
2.344076858123964 170.0 0.9980105781195093 0.4126881713143032
2.3481623374699225 167.33333333333334 0.9981029519652794 0.40902488483815175
2.3543500852788193 163.66666666666666 0.998270271792995 0.39537645048482184
2.360274427420938 169.0 0.9984399133799226 0.3866842955919079
2.3633966223942284 167.33333333333334 0.9985457110931348 0.37928557619461334
2.3669541758042034 162.0 0.9987880076624911 0.36199822669413984
2.3653543358327482 162.66666666666666 0.998744572067925 0.372226689240203
2.3634106776465167 164.66666666666666 0.9986909121204469 0.374745897681752
2.3630990830232186 163.33333333333334 0.9986823472321898 0.3740759039499034
2.3595927028797385 163.66666666666666 0.9986099823779903 0.3781657957048042
2.3578115701469082 163.33333333333334 0.9986067875754975 0.36687865243962553
2.3547880439067574 158.0 0.998518209792039 0.37585349113990846
2.352701964297435 165.0 0.9984230054298975 0.3857970364358079
2.352467957415944 169.0 0.9983695641026884 0.3910059015202154
2.3544348074204664 163.33333333333334 0.9983282673453803 0.396014273108451
2.35788569425048 167.33333333333334 0.9983018090752065 0.39715000195036854
2.3608184960065284 167.0 0.9981930557968123 0.40575735335884544
2.366837312832269 161.33333333333334 0.998120898407505 0.41038240364221046
2.3692906471424395 166.33333333333334 0.9980450322495529 0.41793718475826774
2.371465685656251 164.66666666666666 0.9978286585538043 0.4490081685915949
2.3725598952605886 166.0 0.997744391807672 0.4508762680968373
2.374421971430288 161.0 0.9976640027320977 0.4518146105223601
2.3780883463488514 167.66666666666666 0.9976677198605768 0.44363432760648
2.379928265735504 164.0 0.9977659792924922 0.43574473746749737
2.3795458726116725 165.33333333333334 0.9977650238472644 0.44659615186460516
2.3788588034400737 162.66666666666666 0.9977279816685316 0.4523108512093159
2.3754309964445337 168.0 0.9976208050813735 0.46848747589732526
2.3720617166405304 165.0 0.9975297323390404 0.48564323951459776
2.3694093417802033 165.66666666666666 0.9975398835440555 0.4906781364149121
2.368881201361785 162.66666666666666 0.9975436440981774 0.49240618543392756
2.3688264575811506 167.0 0.9975510329524309 0.4928867791993553
2.3672625237897327 166.66666666666666 0.9976934842441306 0.4961107758562186
2.366941912088018 167.33333333333334 0.9977409396443907 0.5099432571847807
2.365232813883844 167.0 0.9978246079404536 0.5329456207419607
2.3627141596283856 164.66666666666666 0.9978651291524938 0.5422169724220188
2.3607201653004184 174.33333333333334 0.9979344990932159 0.5489562967603184
2.360566785532898 167.66666666666666 0.9979364843816085 0.5486951098906194
2.3608375670204835 169.66666666666666 0.9979453954649294 0.5699614250177891
2.360369543676874 169.33333333333334 0.9979041393644098 0.5737033435740867
2.3599229960840016 167.0 0.9978986444615434 0.5913624928520204
2.3573940542810377 171.0 0.9979720449563177 0.6039042212833519
2.3535716661634147 172.33333333333334 0.9980083575493457 0.6375232379324692
2.3491904263376138 173.0 0.9980675354883398 0.6796784280400936
2.345341316008425 175.33333333333334 0.9981699045584874 0.7002990157474973
2.3423697700903605 176.33333333333334 0.9983139917442059 0.7131325218847789
2.338597979008895 171.66666666666666 0.9983588537356162 0.7396955063405044
2.336690296231391 173.66666666666666 0.9984060553042554 0.7598048586380831
2.334107208238436 174.33333333333334 0.9984591941189115 0.7853061336976525
2.332171871784445 171.33333333333334 0.9985040320101358 0.8155538456352665
2.33113907638367 176.66666666666666 0.9985772906691235 0.834567982448183
2.3305648400352346 171.66666666666666 0.9985486461906004 0.8567019651833423
2.3297139771361945 175.33333333333334 0.9985843420890789 0.873085609923426
2.3292466793414626 179.0 0.9986031484178147 0.8870127124068637
2.3271485870219832 178.66666666666666 0.998608832442169 0.9154120791129777
2.326046052418331 176.66666666666666 0.9985838444920393 0.9359897006790115
2.325522091623398 175.66666666666666 0.9986056789561014 0.9430868274246137
2.325558512167073 178.66666666666666 0.9985537925021449 0.9602297500319926
2.3264821114023593 177.66666666666666 0.9984975605242559 0.9705686990280205
2.3260915242535196 181.0 0.9984847818714983 0.9771948265336904
2.3224775622268665 179.66666666666666 0.9985535977420066 0.9828201000252738
2.322075576059565 178.0 0.9985387917364719 0.9867439078875677
2.3244305017911455 178.33333333333334 0.9984619881428816 0.9921502684613638
2.3249534972607657 179.66666666666666 0.9984033832259673 0.9945784213504775
2.3242621665025607 178.33333333333334 0.9983411876855344 0.9978928241287193
2.32225014533071 176.0 0.9983586771742762 0.9980875112457757
2.3201033530608335 178.0 0.9984046833900186 0.9970216403482967
2.3166513239763464 178.66666666666666 0.9984318697348292 0.9898304572704055
2.316246255290136 170.33333333333334 0.9984337509152893 0.9787870375008638
2.317744968231563 178.0 0.9984925609078036 0.9619662093139505
2.3225744810978908 172.33333333333334 0.9985422514052056 0.939870533874544
2.325292592470166 171.33333333333334 0.9985702801285813 0.925870659992918
2.34520506894098 172.66666666666666 0.9985597267304133 0.8429863969159254
2.3494361186224206 169.0 0.9985254489905941 0.8159771053361281
2.350666752914726 171.66666666666666 0.9984874778105676 0.8028492707337638
2.3517073717155617 174.33333333333334 0.9984741136605488 0.7897604571759624
2.3524552814291586 172.66666666666666 0.998471318250274 0.7770809435263301
2.354028110849701 173.66666666666666 0.998497245258513 0.7467397838884765
2.355310441414083 168.66666666666666 0.9985688494928516 0.7073301906991469
2.3560246689083892 172.33333333333334 0.9986166216439454 0.6880609143826023
2.365079408356622 164.0 0.998618484727946 0.5389975375617456
2.365619106648027 170.0 0.9986045454476572 0.5206531224400903
2.3661709276968055 168.66666666666666 0.9986196991633031 0.4925512367850719
2.3661899966289344 164.0 0.9986199429881526 0.4892817729667498
2.366461339140628 167.0 0.998625444141196 0.47233289969069386
2.367111842008081 162.33333333333334 0.9985851385358117 0.44906071034169026
2.3670304513072145 165.66666666666666 0.9985576473992342 0.4358262044044775
2.3674310506087948 167.0 0.9985565759022946 0.4225152972155828
2.367474171703777 163.33333333333334 0.998544257464286 0.4169902294932841
2.369476608107431 160.33333333333334 0.9985118014371241 0.34818586633861554
2.3702466396478874 165.33333333333334 0.9985083758690824 0.33444236124251947
2.370700876223243 160.33333333333334 0.9985062443715534 0.3304052153027796
2.371070302399407 158.33333333333334 0.9985152091263098 0.3233288621729756
2.3727030956095407 157.66666666666666 0.9985116537813548 0.31550562800329374
2.373844899627171 160.0 0.9985339366674382 0.31561936757458453
2.373754201094004 160.33333333333334 0.9985016253037072 0.3164245694806623
2.374630797561674 158.0 0.9984947676428955 0.314227151485575
2.375523032621165 157.33333333333334 0.9985350633494455 0.30981190693403415
2.376096061664837 160.66666666666666 0.9985893035867297 0.30131726346846804
2.376108469597817 156.0 0.9985966375314768 0.300743705157192
2.3756960900458237 159.33333333333334 0.9986257300638225 0.299434916498022
2.3755497511136108 159.33333333333334 0.9986250277267494 0.30000230098600417
2.374063089111237 158.33333333333334 0.998633543380844 0.3019568211201868
2.37295597468535 160.66666666666666 0.9986384878361273 0.3016332535753281
2.369606726786013 155.0 0.9986103646532721 0.3130563363744159
2.368764294927095 161.33333333333334 0.9986187768311825 0.3147112522272224
2.3698831255401145 160.66666666666666 0.9986429463719979 0.29265914317572556
2.36939354900543 160.0 0.9986629534553233 0.2832775615428801
2.368968764656127 156.66666666666666 0.9986777290453728 0.27364465672420785
2.368916524233933 162.33333333333334 0.9986072724433461 0.2576875700455502
2.3698613756307263 160.33333333333334 0.9985619721739092 0.2366275221824677
2.371724874418468 156.33333333333334 0.9985266334992138 0.20842221146344134
2.3745862424089443 158.66666666666666 0.9985006236056481 0.17713011799906908
2.378065976503604 155.33333333333334 0.9985911390568468 0.1408729212277845
2.3794416498280575 148.0 0.9985396942885091 0.1302991803814001
2.3819747786568457 152.33333333333334 0.998491430640474 0.1061640164467514
2.3896538196446935 148.66666666666666 0.9985975050579665 0.04281358826911253
2.391900630958584 151.0 0.9985877648794637 0.028995537340096057
2.3962895444896986 150.0 0.9985629781273212 -0.0069489555569173
2.3984710415352235 148.0 0.9985473366733043 -0.02570456468921385
2.397777941686607 141.33333333333334 0.9985558493841399 -0.020048850916285037
2.401839756093316 137.33333333333334 0.9986050371043753 -0.060758129011973264
2.4059169755935983 137.33333333333334 0.998428724446421 -0.11891512100859021
2.407571202677567 131.33333333333334 0.9984429595748922 -0.14179530862859246
2.4075164201439554 140.33333333333334 0.9984646082634812 -0.1470832265989421
2.407941560958228 143.66666666666666 0.9985167588658982 -0.15119384102366193
2.4072309174860282 135.0 0.9985534261365984 -0.1482460213122766
2.4039487686310275 141.0 0.9985535665222398 -0.12396196627352238
2.401801436056882 146.33333333333334 0.9985189784588211 -0.10752931499217118
2.400459819621317 144.66666666666666 0.9985215230003801 -0.09568761114405092
2.3987994701642767 148.66666666666666 0.9984583513372652 -0.07641062233702671
2.3965494539882615 144.33333333333334 0.9983718729022218 -0.045325850061411314
2.395922920152731 152.33333333333334 0.9982969493350756 -0.020469427918358162
2.3957688334534066 150.66666666666666 0.9982823710682609 0.004394427059428011
2.395554102363192 152.0 0.9982808740206983 0.009568312190447457
2.394901846734794 151.0 0.9983225259495015 0.03716474410174343
2.39175814875559 153.33333333333334 0.9983108248043228 0.10086182768964663
2.389674296895957 152.33333333333334 0.9983072896020938 0.14803726160320857
2.3905178646912533 154.0 0.9984433533694744 0.16525056142205524
2.3893703226162977 155.66666666666666 0.9984760135801739 0.21407216475954818
2.3882761521713403 157.0 0.9984995618800591 0.2384179195613072
2.3722894283740414 165.0 0.9984119268297158 0.40920223620899365
2.367002640831239 164.0 0.998359755490377 0.44449192287323025
2.349564875304059 166.0 0.9983669595840343 0.5494934192452479
2.3458947309003535 165.0 0.9983842673271465 0.5728400758608726
2.344608616646096 165.0 0.9984016067184475 0.5790359167156932
2.3404856066770474 170.66666666666666 0.9983867972182345 0.6161398902243129
2.339638229577835 170.0 0.9983819011949044 0.627832084809597
2.33787586004371 170.0 0.9983730437318292 0.6541030932154465
2.3362179564109904 170.66666666666666 0.9983024693032381 0.6983643922160616
2.3373934648870827 168.33333333333334 0.9982198701485125 0.7305242901355178
2.3375571968652245 169.66666666666666 0.9982195204363019 0.7350669524896759
2.33968916671554 171.66666666666666 0.9982439490361324 0.7524118367343178
2.339976345636936 173.66666666666666 0.9982389596969706 0.7574298281074139
2.3402581715066457 175.0 0.9982356565535144 0.7628969205030608
2.3426897170896606 172.66666666666666 0.9981396294316865 0.8041016528161249
2.3432911370223435 172.66666666666666 0.998100860253017 0.8292681206687915
2.3433424698682326 175.0 0.9981450186752894 0.8383711741716287
2.341718995797166 173.66666666666666 0.9980246558542974 0.8579596690948682
2.3411500246343557 173.66666666666666 0.9980079293893301 0.8604091197091894
2.3277205455698025 177.0 0.997757730170971 0.9192556727044819
2.320887496640224 175.0 0.9978400487393736 0.9391227932185343
2.3186013359298663 171.33333333333334 0.9979801463586332 0.9505188525140043
2.317301966940375 174.0 0.9980084166535002 0.9624976843665164
2.316961475123517 175.66666666666666 0.99801766637732 0.9642822836854326
2.312596422610177 175.66666666666666 0.9979590333219545 0.9790102651341858
2.3094412804632203 172.0 0.9979267957129848 0.9831684615409216
2.304405382774313 179.33333333333334 0.997921899183557 0.9939416780536531
2.300641858373052 176.66666666666666 0.9980035328999597 0.9987774726152482
2.2987642249275173 177.33333333333334 0.9980549182677024 0.999650389850449
2.2971912805992027 175.33333333333334 0.9980036977251207 0.9980782610243373
2.2949950701545516 177.0 0.9979042254334523 0.99440583737548
2.2941430991207232 179.33333333333334 0.9978643009705477 0.9901393760026604
2.297214947579167 179.33333333333334 0.997801861317065 0.9827952429938008
2.3022571159201983 177.33333333333334 0.9976934734753413 0.9699578411070949
2.30611675175505 177.33333333333334 0.9976332138245605 0.9607324193396818
2.3087814201998276 178.33333333333334 0.9976562742553988 0.9489688216671983
2.3107858867427122 179.33333333333334 0.9976907514313457 0.9356980013251741
2.312807186722347 180.33333333333334 0.9976295080207356 0.9118557182846521
2.3173825784435778 176.66666666666666 0.9975424556946934 0.8380660177703925
2.318729294680313 177.33333333333334 0.997593830063461 0.8046708878341169
2.3199568205218983 180.66666666666666 0.9975106190440718 0.7665940663747551
2.320056372754117 177.0 0.9975048477435381 0.7629623298219297
2.3215376990239474 176.66666666666666 0.9975105155053352 0.7354523931531729
2.324569270754281 176.0 0.9975896861883012 0.7001380834217573
2.3299618372544564 177.0 0.9976320722452892 0.6487447928432769
2.331784430466061 171.33333333333334 0.9976424426596866 0.6209557232157316
2.3347571779825906 173.66666666666666 0.9976280552202277 0.5793704238585393
2.337827165193164 171.33333333333334 0.9977256804739275 0.5394978937315787
2.3397833070480853 173.33333333333334 0.9978223286077051 0.513803329499782
2.344384771459555 171.0 0.9979013120921004 0.4655213992038189
2.347820175624951 166.66666666666666 0.9980213104465122 0.41264372236724906
2.3493737991440073 164.0 0.9979869664097468 0.3786238833494799
2.3530981610853186 165.0 0.9978764021185013 0.3224637919943423
2.352214411409634 167.33333333333334 0.9978673876083507 0.29827870427633874
2.351004054012971 165.66666666666666 0.9978737131148553 0.28504579975194516
2.3517335282503145 168.0 0.9978503192826836 0.2602720718598957
2.354085746326051 157.33333333333334 0.9978172546610096 0.23199338825760674
2.356162526382975 160.33333333333334 0.997774854571603 0.2103581968117027
2.3603775864556136 161.0 0.9977058884077612 0.17866750632754827
2.3622941856897346 160.0 0.9976718982519218 0.16481331976972075
2.3641250228827686 160.0 0.9976812699322908 0.145361645599203
2.3687789408275197 155.33333333333334 0.9977485625295076 0.1046526902466937
2.3733858460469848 156.0 0.997807720936618 0.06881534180580205
2.374702997216575 156.33333333333334 0.9978065669868472 0.06413269378835844
2.375502212817514 154.0 0.9977948143940037 0.0434837168254188
2.37283489037546 157.0 0.9977469348785931 0.0461634516203484
2.3700949848462893 156.33333333333334 0.9976838512527567 0.05509287612764876
2.3663910670566026 155.66666666666666 0.9976072329410721 0.08549128901001303
2.365046868191215 157.66666666666666 0.9975199239369164 0.0983870523908393
2.362613597790288 158.66666666666666 0.9975218751531422 0.13194632855572552
2.3608595081149346 157.66666666666666 0.9975525632928683 0.16384476686058214
2.3609741461956055 157.33333333333334 0.9976509256638297 0.17860768721750794
2.3576286199290175 165.33333333333334 0.9977297505458426 0.2275918538394399
2.3552696374970417 163.66666666666666 0.9977605412416225 0.2711911901945909
2.353378080653462 170.33333333333334 0.9978533253722427 0.3247250663312305
2.3442350409485138 170.66666666666666 0.9979933544618308 0.5015486165843386
2.343293990050509 171.66666666666666 0.998000812673264 0.5545694434894546
2.3398851429152927 176.33333333333334 0.9979768908885988 0.6347470983083874
2.3395461472920696 176.33333333333334 0.9979854644570582 0.6436282455683477
2.3392441467080283 176.33333333333334 0.99799492734731 0.6526279105878174
2.335254081157425 176.66666666666666 0.9980316290312491 0.7605704515745628
2.3325008856691998 177.0 0.9980333740437449 0.8169641334397323
2.3298313913615343 178.66666666666666 0.9980612133151168 0.8578518787827858
2.3264116392600283 181.66666666666666 0.9981277454142701 0.9089821812237416
2.326834751199647 177.33333333333334 0.9980909839747183 0.9200453141726092
2.3347120730579993 177.66666666666666 0.9980156880588766 0.9563437327870684
2.3387435210166267 178.0 0.9980175965402568 0.97003906989623
2.342855228822187 176.66666666666666 0.9980348103574558 0.9745520653785708
2.347282641807359 176.33333333333334 0.9980260989739297 0.9738749818048813
2.3492938013609876 181.0 0.9980226781811414 0.9769782217875317
2.3483889534387337 177.0 0.9980370483294858 0.9806512434778643
2.3476537146832706 177.33333333333334 0.998027286529261 0.9873327488137382
2.3453913100047736 178.66666666666666 0.9981273405598744 0.9875266923592081
2.3406474575234433 179.66666666666666 0.9983037017538847 0.9824275471121658
2.3400036008739598 178.66666666666666 0.99829140083647 0.9871099726894319
2.340471847715276 174.33333333333334 0.9982354926325466 0.9907722992616147
2.3387994137805035 180.0 0.9981556236369067 0.9956951176459048
2.336799795618557 179.66666666666666 0.9981642915264074 0.9956693327686134
2.3378085141385925 176.33333333333334 0.9982270186446722 0.9903524703676029
2.334829531781447 177.0 0.998380101930864 0.9600347196027796
2.332972549553585 177.0 0.998434410988454 0.9363886851737346
2.327145233062399 177.0 0.9985169624064747 0.9117129185076828
2.326401029151584 179.33333333333334 0.9985190296349872 0.9150843356095646
2.3052944665273642 171.66666666666666 0.9995596178393428 0.7316105979879648
2.305143921433335 171.66666666666666 0.9995840702882399 0.7149014143793689
2.303078009990913 171.66666666666666 0.999669163196971 0.6613139151705263
2.301247410540025 168.66666666666666 0.9996583778261273 0.656897066388201
2.2974216745730085 176.0 0.9996789764727793 0.6304358914419527
2.295581097529757 169.33333333333334 0.9997100809700369 0.6082841945329669
2.295360461268206 174.0 0.9997242702720706 0.5994636013243336
2.294963736598434 167.33333333333334 0.9997310601309035 0.5968316633978499
2.294958588948784 173.66666666666666 0.9997396232118544 0.5922013542513772
2.2945563721384916 174.0 0.9997743211939627 0.5756303052954058
2.294840550533637 169.33333333333334 0.9997945368838459 0.5638832482857479
2.295461645507766 168.0 0.9998082090622444 0.5534755704343988
2.2903987898045086 172.33333333333334 0.999796182579835 0.5609837562658679
2.2867516539080732 172.33333333333334 0.9996870302674687 0.6336089261854045
2.284283476608765 174.66666666666666 0.9996400156936945 0.6676641813815871
2.28358247816543 174.33333333333334 0.9996328729526363 0.6744873693647497
2.280665311939221 176.0 0.9996030719760808 0.7076106574652007
2.278292208717947 174.0 0.9995734203323186 0.7368422093857743
2.2757143108140445 174.33333333333334 0.9994894816390156 0.7844833097734657
2.275556818294155 177.0 0.9994822735164303 0.7906283720312219
2.2759981762794284 178.0 0.9993504072915228 0.8436262253561382
2.276370305826511 177.66666666666666 0.9993071659655499 0.8591869702998722
2.276558462985111 180.33333333333334 0.9992469338646817 0.8909430439360966
2.2766471437287312 178.0 0.9991455548267836 0.9303495055321601
2.2740069827762635 174.66666666666666 0.9988708736167435 0.9908484351302228
2.2683232014488293 176.0 0.9988737343537606 0.9961338171674229
2.2677851718979953 180.33333333333334 0.9988586797440464 0.9967560441853708
2.2667341945714288 179.33333333333334 0.9988525276932834 0.9970879246460348
2.262749428648841 177.33333333333334 0.9988861018234031 0.9967042498024558
2.258521413798427 180.0 0.9988816845609856 0.999226763700955
2.258830802061283 180.33333333333334 0.998752485503103 0.9917303977974365
2.261020441541634 177.33333333333334 0.9986576673445564 0.9764243718505667
2.264730086951357 179.66666666666666 0.9985677089789213 0.9579395880723863
2.264802931202998 179.33333333333334 0.9985268509170377 0.9476784757048363
2.2659806205110407 180.66666666666666 0.9984615883349457 0.9322612697560042
2.2680742412407544 177.33333333333334 0.9983874813529512 0.9034852491711896
2.26892884316166 178.0 0.9984198581277496 0.8836307405109305
2.275270680081874 180.0 0.9984313372726215 0.8396984781100125
2.2834882328053006 176.66666666666666 0.9984775232938404 0.7883033425052643
2.285879575488368 179.0 0.9985123033991847 0.7686045216281147
2.285211892517491 178.33333333333334 0.9986325108962635 0.7515041159049035
2.2917493873744013 174.0 0.9987140282300753 0.6600210562055078
2.29562372566434 174.66666666666666 0.9987453436750994 0.618909988512605
2.3004169548668214 175.33333333333334 0.9987297922483618 0.5680491932882572
2.298772087330644 173.66666666666666 0.9987113062339567 0.5710250012034255
2.305494952554101 171.66666666666666 0.9986954096758242 0.5336496701562715
2.3110448846758187 173.66666666666666 0.9987088178276503 0.49939788888541914
2.3119880734605527 160.66666666666666 0.998711704904295 0.49278359804967065
2.3147667666357292 170.66666666666666 0.9987074883772212 0.44458563849178734
2.310729563743154 169.0 0.9986858950241086 0.42064428143380445
2.3108332539066567 168.66666666666666 0.9986813910035709 0.38850392595286554
2.313732233204711 168.0 0.9987207905008207 0.3418868008819766
2.3154844255286164 169.0 0.9987556759619136 0.32424646523690925
2.3168695536639583 166.66666666666666 0.9987779445086811 0.31175607493647756
2.3200018729652263 167.0 0.9988104584675069 0.28854292583930014
2.3242699661942923 168.0 0.9988356849963979 0.26242972060799336
2.328404866898588 161.33333333333334 0.9988506622478655 0.2456530626020649
2.3290716323639984 162.66666666666666 0.9988528293405544 0.24194369784592656
2.3313790704402004 168.66666666666666 0.9988092136226813 0.22983384692645845
2.3315169073381274 167.33333333333334 0.9988003723534487 0.23016296388742366
2.32883728436482 168.0 0.9987271049591462 0.2639322989316421
2.3260509057668854 164.66666666666666 0.9986411395966655 0.3043032484262964
2.3249085895918884 168.66666666666666 0.9985278394355099 0.35840288030256323
2.325444282051597 172.0 0.9984494368880424 0.43032928916324237
2.328377803480178 172.0 0.9984280868333131 0.4827582301221819
2.3269219275675685 172.33333333333334 0.998375281405792 0.5365954914260465
2.3243773403261367 173.0 0.9982762571470137 0.5714322335179997
2.3226079092115177 176.0 0.998182601522053 0.585917109534192
2.3200083208054445 175.0 0.9981449912528628 0.6080045224715567
2.3145517290260345 177.33333333333334 0.9981055120623002 0.6448206846628555
2.3122892530404706 176.0 0.9980648158557947 0.6625457542615996
2.309092840329962 177.66666666666666 0.9980456668702559 0.6907856403168804
2.306116461989638 180.0 0.9980562146143214 0.7201642722000375
2.299087911290695 181.66666666666666 0.9981580079415092 0.7747444209727545
2.2925634941096806 178.66666666666666 0.9982970131010404 0.8269668305058859
2.289470369707694 178.66666666666666 0.9983970932875036 0.8664982735857333
2.2854137887079258 180.33333333333334 0.998494740414798 0.905891211762085
2.283002622395508 179.33333333333334 0.9985269908239688 0.9310047374747382
2.2819077696180154 176.33333333333334 0.9985702619640621 0.9508366125853472
2.286244800722588 179.33333333333334 0.9985997384934571 0.9625376467427927
2.287571328123615 179.33333333333334 0.9986170293504918 0.9699577651926478
2.2847018112988495 180.0 0.9986690964938528 0.9809340096152368
2.2821381945377612 182.33333333333334 0.9987174373628785 0.9887451035579709
2.2783205469868815 180.0 0.9988077777006267 0.9952436085450828
2.2781437630613293 179.0 0.9987627558730313 0.9849103000818131
2.279941197368596 177.66666666666666 0.9987593557626876 0.9712446824043389
2.2800258448631645 180.66666666666666 0.9987586548491524 0.9693792373092306
2.284093002379898 177.66666666666666 0.9986863168386567 0.9528199469847395
2.2852468507980754 175.0 0.9986911903354101 0.9412030458153335
2.2873051730104907 177.33333333333334 0.9988737917317516 0.9044271552101728
2.2872709541355456 172.33333333333334 0.9989370196309357 0.8923864246790287
2.2869904844316395 177.66666666666666 0.9989648463692669 0.8860652401841085
2.2865468937244984 173.33333333333334 0.9990631613892712 0.863291178931336
2.2870508677911845 174.33333333333334 0.9991014810380824 0.8520369700540891
2.2928044325306525 174.33333333333334 0.9992816116775151 0.7812121934425614
2.2930375462409325 169.66666666666666 0.999338859936906 0.7586390605587469
2.2930978570056184 176.66666666666666 0.9993564036905399 0.7529555656897343
2.293803691075214 174.33333333333334 0.9993807733735101 0.7490541754244799
2.2925146342481435 178.33333333333334 0.9990795616398277 0.8852263899758239
2.2939023213766867 178.66666666666666 0.9989521341912243 0.9216330755907162
2.294218047144494 171.33333333333334 0.9989028199872051 0.9392766985134476
2.2963058020259566 179.66666666666666 0.9987763521647052 0.968414267596132
2.296450617851335 180.33333333333334 0.9987664597904845 0.9706805955094118
2.300470860952484 178.66666666666666 0.9986990725790207 0.9815179043357519
2.307160379306375 178.0 0.9986201912830855 0.9735759020143114
2.3094937656530137 176.66666666666666 0.9985958291663721 0.9685953149890377
2.3168662298464935 177.33333333333334 0.9985476138985635 0.9426574346660344
2.3240710120909127 178.0 0.9984482556271879 0.9288368534608071
2.325142544670337 173.66666666666666 0.9984796209469313 0.9267959165393852
2.3268243972614435 173.66666666666666 0.9984674521283392 0.9211979854496114
2.3303235115701684 175.0 0.9983939392652352 0.9117284141492258
2.3332796385419057 178.33333333333334 0.9983767243827054 0.8988126630276568
2.3329955860658895 177.33333333333334 0.998389231885926 0.8866121729087186
2.3291467324462136 176.66666666666666 0.998453248879703 0.8812259269534555
2.3287855381782303 171.66666666666666 0.9984552986545926 0.8802034257750537
2.3291903572745687 178.66666666666666 0.9984847928521927 0.8751817353339189
2.3270826590340516 180.66666666666666 0.9985534084802042 0.869360141457226
2.3260464359571746 179.33333333333334 0.9985895236336098 0.8624286572665737
2.32570894765592 179.33333333333334 0.998552402912078 0.8619249950705075
2.3269677021074537 178.66666666666666 0.9985751436045008 0.8374378196328801
2.3258274568250625 175.33333333333334 0.9986449576556738 0.8152922490232403
2.324122160821839 171.0 0.9987031931482128 0.7993311111686301
2.3219478407881025 181.33333333333334 0.9987840622285858 0.774139883850172
2.322048278927871 176.0 0.998789003931302 0.7692515824344834
2.326225628380128 174.33333333333334 0.9988654652427316 0.6711444922862891
2.330769986744721 174.66666666666666 0.9988555392673147 0.6164573795829099
2.3311709638645577 171.0 0.9988552503346262 0.6109052964062456
2.338269317584326 172.66666666666666 0.9988669922371054 0.545795493912593
2.3393444107759938 172.66666666666666 0.9988667983052378 0.5363495944621431
2.3427507203465194 169.0 0.9988861576714912 0.5107078245557404
2.341690162951628 170.66666666666666 0.9988895342977507 0.5025839601265266
2.3388916305465024 171.33333333333334 0.9987441654577927 0.5531636400445187
2.3410950260623933 173.0 0.998642102355764 0.5712557822649589
2.342550536719881 173.66666666666666 0.9985151629322089 0.6028910028162948
2.342278883168719 172.66666666666666 0.9984809258815925 0.6202050440624851
2.34075834401382 175.0 0.9984447116133 0.6767565431644603
2.3397618843383903 176.33333333333334 0.9983736829504825 0.723203235123828
2.3406291925563956 177.0 0.9983341469664033 0.7538765963984959
2.3440426924725926 176.33333333333334 0.9982940425237953 0.7856737900349093
2.345660841876356 177.33333333333334 0.9982867830303945 0.8276830919577317
2.3456087900998877 179.33333333333334 0.9982896271957246 0.8522312713911598
2.3468569450933336 176.33333333333334 0.9982872678049957 0.9299391910270446
2.347847482174952 178.66666666666666 0.9982689854592236 0.958476256955296
2.3481087018993647 175.0 0.9982774957313437 0.9650830903970452
2.3487219454205257 172.33333333333334 0.9982698544732315 0.9889647507676902
2.3492704042974095 177.66666666666666 0.9982502208108395 0.9958570538344594
2.350104704178624 175.0 0.9982384310921476 0.9975488311308198
2.350285220297349 177.0 0.9982600806352239 0.9969179947181415
2.3508219670215067 178.0 0.998324952318688 0.9910566717312222
2.353116307952023 174.66666666666666 0.9983230119721919 0.9863854328339248
2.3553806332380223 174.0 0.9983037727942684 0.9801450739089168
2.355875437710037 174.66666666666666 0.9982971562491398 0.9791237189021126
2.357829005736108 173.0 0.9982806908083525 0.9712565127528151
2.3588394717459957 176.0 0.998274217643393 0.9661609879712294
2.3609078780003814 172.33333333333334 0.9982572933209459 0.9468549515161575
2.360918679209568 174.33333333333334 0.9982518787189133 0.9455761799423843
2.360552048934306 177.33333333333334 0.9982294336608978 0.9386105523250492
2.361360740100274 173.0 0.9981721534259521 0.9268976817624038
2.3639164827776487 173.33333333333334 0.9980892788495082 0.9067259852046138
2.364129006033327 171.33333333333334 0.9981041855685708 0.8894861271923064
2.364577875708445 176.33333333333334 0.9980871858294266 0.8765473483108626
2.364320465644918 173.0 0.9981456448645668 0.8703942882593054
2.365170923493216 172.66666666666666 0.9981493722387679 0.8648398623662211
2.36610229708769 173.66666666666666 0.998133249043717 0.8605265970197925
2.366149728437865 171.0 0.998120366433531 0.8527286411477301
2.3653482566576995 174.66666666666666 0.9981226820708241 0.8516945534709833
2.3634992845778 170.66666666666666 0.9981241058389918 0.8596812023467021
2.36135778084019 170.66666666666666 0.998084611307479 0.8725881122187056
2.360260368460364 173.66666666666666 0.998053855637503 0.8801754894778014
2.3594380523362424 172.0 0.9980231123862235 0.8912557205749175
2.358219530383573 175.0 0.9979973782624207 0.9118867374350866
2.3513944612438116 177.0 0.9980834040573882 0.9565616725835732
2.3491752301747186 177.0 0.9981287875153955 0.967828732400328
2.3484859176749344 180.0 0.9981404153719181 0.9723385998115638
2.348268988002072 176.33333333333334 0.998144236567007 0.976509741177235
2.3476763997986536 178.0 0.9981399474503744 0.9828136800825141
2.346698014870618 176.0 0.9981366159951435 0.9865584535416863
2.341641129503829 178.33333333333334 0.9982117832569237 0.9928511409984285
2.339086003703099 176.66666666666666 0.9983091153642594 0.993002252212185
2.338996431592636 178.0 0.9982894516520106 0.9930718652608405
2.337256726919063 174.0 0.9983752877043374 0.9931490102709906
2.3351250117660967 179.66666666666666 0.9985012079989779 0.9913570559996124
2.335548077716554 177.0 0.9985726615345394 0.9901353653592022
2.3352699879985725 181.66666666666666 0.9985917682499565 0.9889899778711528
2.333672791796229 178.0 0.9986508129944024 0.985222265921143
2.3277245385423377 182.33333333333334 0.9986604076618629 0.9986008534857007
2.327503380233407 173.66666666666666 0.9986655146123883 0.9983752437190248
2.327320831998282 175.66666666666666 0.998665287676423 0.9982259501176791
2.3268399797397814 176.33333333333334 0.9986463545844803 0.9983657167391579
2.327121246615094 177.66666666666666 0.9985771747705544 0.9968557428813035
2.327033900192024 178.66666666666666 0.9985753986737658 0.9966542792183962
2.3270350915849507 176.0 0.9985509549328877 0.9956751524788268
2.326870796683105 180.0 0.9985347597218955 0.9951002144369998
2.3271819243109433 177.66666666666666 0.9985412026056023 0.9938254061495115
2.3273019913594353 181.0 0.9985424847741423 0.9937271354049079
2.327769887414191 178.66666666666666 0.9985456157656377 0.9931203973619798
2.327980852848009 179.0 0.9985494945688559 0.9932878333146117
2.328700261043112 177.0 0.998544159306552 0.9929107733689961
2.3293336309387427 180.66666666666666 0.9985402196342786 0.9921773232764342
2.329600115256683 179.66666666666666 0.9985361078132086 0.9920267967891064
