2.322134597597847 174.66666666666666 0.999394034718093 0.9880819813478979
2.3221269773171493 178.66666666666666 0.9993948562558159 0.9880508003958156
2.3220505234218245 178.66666666666666 0.9993940645621844 0.9880146764096148
2.3220938772993307 177.33333333333334 0.9993945066882868 0.988060386297753
2.3221132847948027 176.33333333333334 0.9993931093799845 0.9880525925470787
2.322041967800256 177.0 0.9993926779936894 0.9880875550578719
2.322064106088214 175.0 0.9993927731635807 0.9880760698477733
2.322120613234487 179.33333333333334 0.9993916722454023 0.9880424989478289
2.3221379566552214 177.33333333333334 0.9993915169259365 0.9880554863747608
2.3221233965831547 173.0 0.9993912070712045 0.9880786885359507
2.3220534780802127 178.66666666666666 0.9993902367978378 0.9880020393960104
2.322081038453351 177.33333333333334 0.9993883190078584 0.9879330966688435
2.3220550396302526 177.33333333333334 0.9993919408929036 0.9878927879354248
2.322138715684288 173.0 0.9993913640565911 0.9879889035128124
2.3221283955307777 177.0 0.999392331565148 0.987970987949099
2.3221027612413296 180.33333333333334 0.9993905174792644 0.9880216007950653
2.3221888305619793 175.0 0.9993888250029471 0.9879880342119848
2.3221127086618005 179.33333333333334 0.9993880732728739 0.9879230775474198
2.3221518202048896 176.66666666666666 0.9993883900279887 0.9878752485733067
2.3220498024961693 176.66666666666666 0.9993871011286202 0.9878062914663942
2.3221298002494573 178.66666666666666 0.9993882446173495 0.9878039062961838
2.3221019997135732 177.33333333333334 0.9993868280555646 0.9878062317072903
2.322063969696674 179.33333333333334 0.9993863318773804 0.9878032382282028
2.3220633060119633 181.0 0.9993867225076385 0.9877791547058048
2.3220594970532833 179.33333333333334 0.9993855426788197 0.9878154712757566
2.3221016050191974 178.33333333333334 0.9993857900988452 0.9877750256030319
2.3220592059310308 178.66666666666666 0.999385547792778 0.9877871706562108
2.3221608437941117 178.66666666666666 0.9993875911022072 0.9877712137705783
2.3220480025579895 177.33333333333334 0.9993854605569348 0.9877760415093787
2.322100373857624 179.33333333333334 0.9993833798120286 0.987771309233203
2.3220435543809224 178.66666666666666 0.9993835431813891 0.9877766540936195
2.3220682312635708 180.66666666666666 0.9993811950852202 0.9877609990045052
2.3220913921559223 176.33333333333334 0.9993839442512721 0.9877901526397069
2.322114176923394 177.0 0.999382972689617 0.9878325972093529
2.322359288580139 180.0 0.9994305988378374 0.9878943096752709
2.322077557263432 178.66666666666666 0.9993836624076695 0.9878580090510947
2.322175285731085 177.33333333333334 0.9993831282784134 0.9880291730210553
2.32214846424907 179.33333333333334 0.9993859023749683 0.9881333013850041
2.322154237751151 177.66666666666666 0.9993868219198243 0.9881173922001344
2.3222420194115307 178.66666666666666 0.9993850120628108 0.9881379361594794
2.322019317426405 174.66666666666666 0.999382954840679 0.987860004001271
2.3220138108472272 180.0 0.9993945432362636 0.990290162843818
2.3219719558636602 179.33333333333334 0.9993880840925116 0.9912443835445273
2.321564491976563 177.0 0.9993446581633036 0.9905342093977556
2.3214600035123554 177.33333333333334 0.9993422760284056 0.9906484154468966
2.3222576287576433 179.33333333333334 0.9992030555098301 0.9886746647850367
2.324577169025906 177.33333333333334 0.9991166683070979 0.9855289047905109
2.3271654582782015 179.66666666666666 0.999048010095412 0.9785898078072379
2.3278470530645117 177.33333333333334 0.9990021725052374 0.976153000056893
2.327790781863218 179.66666666666666 0.9989986517707453 0.9762713088776257
2.329275585901959 179.0 0.9988730133413217 0.9811214554119536
2.3315367198659396 178.33333333333334 0.9987525301184877 0.9824252616587902
2.3342849573619984 177.33333333333334 0.9986554896731963 0.9833739199332343
2.340428425950561 181.0 0.9984644451889195 0.9815762549048801
2.344996421600868 177.66666666666666 0.9983081028503691 0.9831927396507901
2.350378039768014 175.0 0.9980503993831116 0.9859085720561178
2.3545002258473353 178.0 0.9977857107508153 0.9877118307196489
2.355281614026372 171.66666666666666 0.9977356453783409 0.9879418667786721
2.368212558773514 175.0 0.9958662801408464 0.9924994404223785
2.368129889333596 178.33333333333334 0.9957383835179984 0.9930500347670571
2.3674184194865924 176.33333333333334 0.9949109080756572 0.9952905174263282
2.367339385444304 177.0 0.9939441623847054 0.9967076353004395
2.368556719460675 176.0 0.993102423493329 0.9972504017981549
2.3696790827572194 175.66666666666666 0.9920361383058139 0.9978124236925433
2.3721137191049158 176.66666666666666 0.990653361749896 0.9977331703342563
2.374719851415824 176.0 0.9893827979501572 0.9964792564911825
2.378369777109063 175.33333333333334 0.9882002281131537 0.9935724236489093
2.3835651997580345 175.66666666666666 0.9871208500042276 0.9861072857886115
2.389311032788157 173.66666666666666 0.9858999982272915 0.9761704473817713
2.396060718433092 175.66666666666666 0.9848440052251088 0.9677975867548516
2.3970350374746277 173.66666666666666 0.9847174034920649 0.9665746566292621
2.4050581216315914 175.66666666666666 0.9836629194770324 0.9541924130007696
2.414328856741963 175.66666666666666 0.9808465083392365 0.952367434759054
2.4222492499916446 173.33333333333334 0.9789409731599364 0.9525582713059801
2.4328248234619156 171.66666666666666 0.9768319485165344 0.9501764275315131
2.4473824065682037 170.66666666666666 0.9740757150274009 0.9467725036984014
2.4669327340140943 171.33333333333334 0.9707993624818625 0.9362106042176435
2.4850267881997943 168.33333333333334 0.9678655978208688 0.920675465809426
2.4993607157536375 167.66666666666666 0.9639409589698785 0.9214395815756938
2.506775198845476 168.0 0.9608232729648828 0.9290498450494438
2.515322546001262 166.66666666666666 0.9555329347379047 0.9377687987759311
2.522378182894998 167.33333333333334 0.9505546291088705 0.9443779561797575
2.5305248089822143 168.33333333333334 0.943705569475317 0.9465292596712805
2.533543600429402 167.66666666666666 0.9381055783763357 0.9455921483295958
2.534738252861975 164.66666666666666 0.9306041744298286 0.9464925889736668
2.5315399924648014 165.0 0.9227847365593151 0.946808728655444
2.526756564440814 165.33333333333334 0.9158177198966759 0.9501451242914135
2.5204141635623944 163.33333333333334 0.9078394106351498 0.9590999009301542
2.516843314232606 166.33333333333334 0.8997461875458891 0.9646589776307338
2.5163825059980325 163.0 0.8986405737712357 0.9665909670734714
2.517166452738707 162.66666666666666 0.8914120802307203 0.9721195704477894
2.5213017202749373 162.66666666666666 0.8843550430766769 0.977151115492348
2.5298728053270234 162.66666666666666 0.8751858299353075 0.983339233538404
2.5373379654416346 161.66666666666666 0.8678728724550504 0.9883689973933856
2.546538006569082 157.66666666666666 0.8593230278364558 0.9925619454560978
2.5524160511567247 156.66666666666666 0.8527467878420868 0.9947586269576449
2.556765268727555 156.33333333333334 0.8457642025855546 0.9968289432720719
2.5613599564018656 160.33333333333334 0.8317285276685301 0.9981735341719336
2.5593257449693962 157.0 0.8260597207799587 0.9989479121243535
2.551810454250184 156.0 0.815793147856456 0.9993848652350945
2.541911973230897 159.33333333333334 0.8068492444213139 0.9995405969215446
2.531522203789421 156.0 0.7967711350598432 0.9989155505283607
2.522114902576577 160.66666666666666 0.7883074880799438 0.998556100902449
2.504623537644784 154.33333333333334 0.7746783757490272 0.9986190570913818
2.4856226847015397 156.66666666666666 0.7599681189211722 0.9981659646151949
2.4706663931737993 157.66666666666666 0.7476171760986118 0.997506101353577
2.4556698667346377 155.0 0.7363085613031743 0.996209586227122
2.4393676198801164 153.66666666666666 0.7266757252125787 0.9956656190268302
2.4157575548497126 157.33333333333334 0.7135171835290448 0.9968942890611747
2.393251056113215 156.0 0.7028544918733394 0.9983183197792774
2.3619294814348133 158.0 0.6882665104376543 0.998965233640511
2.3361690469359173 154.0 0.6763567790136689 0.999220472102086
2.3094991637003157 152.66666666666666 0.6641937083103583 0.9995799333258566
2.2735058655202307 155.0 0.6484294712305829 0.9995593915511339
2.237885814448324 160.33333333333334 0.6325620385372303 0.9994733889177877
2.211339848399512 157.66666666666666 0.6187453375109955 0.9994855050532729
2.187296790613375 155.66666666666666 0.6063629775334637 0.9991246817037549
2.1678076451113935 159.0 0.5960147201336747 0.9985798153869769
2.143925622424561 156.0 0.5838100131390564 0.9982989861876911
2.1294759713483042 156.0 0.5742381613088887 0.9986556790187904
2.1133297421724704 159.66666666666666 0.5647156124518817 0.9994017047043753
2.105075913521685 159.33333333333334 0.5564034063194275 0.9998349488727217
2.097496861032005 157.0 0.5476291322926694 0.9995649533634776
2.0896668215322762 156.66666666666666 0.5351830626752464 0.9985954350126608
2.079492012574928 156.66666666666666 0.5206292584862252 0.9975816959560971
2.071544336420673 156.33333333333334 0.5043553137388606 0.9983633254164833
2.0709314669706194 162.33333333333334 0.4896456217625232 0.9998149967569068
2.0677015652356014 154.0 0.47193872528880204 0.9974665432280743
2.0712939250993325 147.33333333333334 0.4634836024601144 0.9961721116114852
2.0736774832814233 145.0 0.45900534536056964 0.9957286520755007
2.0845193325493154 156.33333333333334 0.45449624696362606 0.9935285712486357
2.0925775984910855 147.0 0.4530790835625182 0.9904678316392516
2.105857248407619 149.66666666666666 0.4523471656623795 0.986796864197856
2.1237701525409545 144.66666666666666 0.4529579318645023 0.9803256128465705
2.145541755525479 141.0 0.4544106808382889 0.9711637445893337
2.172487903889688 142.0 0.45780643676454236 0.9651787723923085
2.2003356555639635 145.33333333333334 0.461368817062153 0.9621010253181391
2.2288580764635313 140.33333333333334 0.46280510867207914 0.9564813533230526
2.255415428071587 141.66666666666666 0.46613696343300415 0.9536637863357534
2.283890872859621 155.66666666666666 0.6800036401884302 0.960266261884177
2.2912156209286842 159.0 0.6903547546030095 0.9652057330330659
2.3033946352427055 161.66666666666666 0.6995713791400411 0.9636875901643621
2.3142779295689935 156.0 0.7081235556800531 0.9729105262182908
2.329807444471265 159.66666666666666 0.7156401113273169 0.9740107367501618
2.344955294225254 161.0 0.7218606383927896 0.9735121037554427
2.362952852681751 161.0 0.7281103642278413 0.9750905487941025
2.3805438621735506 159.66666666666666 0.734175021735982 0.976268390843633
2.396499915813829 163.66666666666666 0.7411635161280283 0.9799657459459965
2.418155901458123 158.33333333333334 0.7484480368088884 0.9746872039383837
2.4285101101863513 153.33333333333334 0.7547666249474595 0.9776498160236312
2.4403572130773954 157.66666666666666 0.7619672275049176 0.9808766529651574
2.450183100691346 154.33333333333334 0.7683086575088622 0.9835934721105208
2.4569021289355164 163.33333333333334 0.7749614407080505 0.9879906356946002
2.464478395599001 154.33333333333334 0.7813216320207288 0.9874699289390588
2.4741523288892076 158.33333333333334 0.7884167925007144 0.9861723003772167
2.4820836036813763 160.0 0.7938645982823511 0.9855474532416474
2.489283284014043 159.0 0.8025971089663098 0.9874096212452983
2.4983450320616867 157.66666666666666 0.8092669092191667 0.9843499370489687
2.5213047392625265 156.33333333333334 0.818724221250024 0.978183829359566
2.5434001692209 158.33333333333334 0.824229574598582 0.9750009469692721
2.5718241342883794 157.66666666666666 0.8299843587854027 0.9704212117342519
2.6067083427999282 153.66666666666666 0.8354502737953359 0.9715251533249044
2.6379328101268893 153.66666666666666 0.8392295722365177 0.9741144998857811
2.6830721092908836 155.0 0.8428606797644012 0.9761524437600542
2.7212952575858953 153.33333333333334 0.8455470280669104 0.9834055851277926
2.7776080000875494 151.0 0.8484564700199457 0.9899906160074645
2.816190714794265 148.0 0.8501468615564292 0.9900718437600846
2.8608280430421456 148.66666666666666 0.8525687053244478 0.9854158633979123
2.900352970188994 143.0 0.8550696582159956 0.981930346600665
2.948028205616979 143.66666666666666 0.8588176331718204 0.9821118557366056
2.9829590008574587 146.33333333333334 0.8613178637159344 0.9775016260992764
3.0289445009527722 143.66666666666666 0.8649516799053665 0.9765723069885563
3.0715382507367592 140.66666666666666 0.8689329464514818 0.9808280886369402
3.1082193582899555 144.66666666666666 0.8728577027366148 0.9784450423334738
3.121293366682707 139.33333333333334 0.8743135666736092 0.9766833112608936
3.1799317714393083 126.33333333333333 0.8811728974704259 0.9754334708498674
3.2183743770514406 133.66666666666666 0.885930855868665 0.9798526715827044
3.247319361765335 140.66666666666666 0.8891990993139463 0.9772961507598323
3.292923956664953 137.33333333333334 0.8945479828344721 0.9780404111784281
3.336472194613618 137.33333333333334 0.8995822572344249 0.9801753179214681
3.3758443645404563 133.33333333333334 0.9032017577668253 0.9825077809022003
3.4249287102691075 114.0 0.9086509418216183 0.98213396945758
3.4630172864863003 132.66666666666666 0.9126920167189013 0.9863732442347993
3.4987415230281855 115.0 0.9153817940900136 0.9853708918712476
3.536029077878813 132.66666666666666 0.9182378197530784 0.9860025458477295
3.576022040184536 137.66666666666666 0.9209359807904124 0.9880116610581944
3.629311528564946 112.66666666666667 0.9237405608278781 0.9887443093616405
3.677785960196292 115.0 0.926312007106402 0.9903523416296413
3.733379318997113 115.0 0.929239658877358 0.9921362571885248
3.790027493162126 130.33333333333334 0.9320221526882008 0.9900201381887699
3.8408561398134116 113.0 0.9352172673953385 0.9892255909483322
3.8797088043727714 139.66666666666666 0.937632281387891 0.9878766251378837
3.903130276243254 110.66666666666667 0.9395303832546279 0.988189078064848
3.9315396808465692 136.0 0.9420660580830136 0.9921329228207916
3.9461491988520336 117.0 0.9431722816951496 0.9958191463319255
3.9564042162662987 131.66666666666666 0.9454523307850162 0.9966962297912793
3.9622153002626477 139.66666666666666 0.9463531615413824 0.9988127001230491
3.9624829516004385 113.66666666666667 0.948263542648645 0.9989509229943647
3.9645531402461636 113.0 0.9498073429639624 0.9996282337880859
3.9709632386766476 131.0 0.9514096425662643 0.9974969053496591
3.972877026567742 111.0 0.9523540902771715 0.9993373017331263
3.98534027774429 113.0 0.953420340875857 0.9975890876122088
3.9991813513857117 110.33333333333333 0.954631574417061 0.995520956990143
4.013366310788488 109.33333333333333 0.9550664813973279 0.9943813023212387
4.027586607293134 113.66666666666667 0.9550841440913072 0.9935340827917337
4.042593150088598 113.0 0.9551084223975692 0.9917122589423182
4.062184333000644 143.0 0.9553128915352055 0.9891074369300344
4.054854716915022 131.0 0.9581673284213381 0.9879376121375518
4.091861119094445 113.66666666666667 0.9584470503290023 0.9830517461512758
4.113857278549555 108.33333333333333 0.9583505024964895 0.9832765285754604
4.137107338335931 135.33333333333334 0.9586381144638253 0.9818106548813146
4.163898810445195 143.33333333333334 0.9586305050028556 0.9837432475944988
5.275570103350692 111.66666666666667 0.7909043070400457 0.753376232516711
5.2774281411849016 138.0 0.7910004260491155 0.7434523072039565
5.277441946084294 131.33333333333334 0.7910084853917789 0.7433130267218527
5.277390599867655 133.0 0.7910126011418553 0.743663833989109
5.274913750836927 112.66666666666667 0.7908594299711911 0.758097441434298
5.277408177910161 107.66666666666667 0.7910215771669085 0.7436447921988595
5.277497416496875 112.66666666666667 0.7910423748206953 0.7430109386345389
5.275631378206478 106.33333333333333 0.7909102012238328 0.7528958339971125
5.276074462399152 112.66666666666667 0.7901171285745837 0.7534854492006128
5.275596908731031 112.66666666666667 0.7909024339244788 0.7531362063566539
5.277956916971769 131.33333333333334 0.790219607324457 0.7435998089510502
5.27735531795854 116.33333333333333 0.7910096685725242 0.7439013591927011
5.277393713011796 129.33333333333334 0.7910208307475777 0.7436262276057503
5.277527490115545 112.66666666666667 0.7910196412950005 0.7429275351813139
5.277419575052128 129.0 0.7910268783133927 0.7435240527895647
5.277430880436749 136.0 0.791022743339568 0.7435163670300565
5.277447334807321 130.33333333333334 0.791009015436078 0.7433939053524323
5.277387856216695 129.66666666666666 0.7910269763057448 0.7437230644799367
5.275620189958226 112.0 0.790934830508738 0.7527724173757153
5.276230093181525 130.66666666666666 0.7901286392607686 0.7526580991765296
5.277343447630685 111.0 0.7910198621685478 0.7437584060446654
5.277373021087522 128.66666666666666 0.7910256660609185 0.7437634668693535
5.2756206094600655 136.66666666666666 0.7908974807878294 0.7532002277760306
5.275574866872956 133.33333333333334 0.7909191040721716 0.7531801830533107
5.2774692513483705 138.0 0.7909858556560189 0.743201007604499
5.275052390697589 111.33333333333333 0.79084224842859 0.757252676483321
5.277455907557141 130.66666666666666 0.7909983614443489 0.7432376224150489
5.275538222507746 106.33333333333333 0.7908846615365003 0.7536387593130743
5.277547961796867 110.0 0.7910112955296336 0.7427734561770878
5.277548595969738 111.0 0.7909678783015741 0.7428373503343145
5.277322775420125 138.0 0.7910223900565835 0.744008923502528
5.274775352247929 138.33333333333334 0.7908393494360803 0.7591251610261224
5.2779636636275145 110.66666666666667 0.7902356056930608 0.7436532639703987
4.47281482682128 112.0 0.9868187883458883 0.9967660011043525
4.475825382424527 138.0 0.9872074106562091 0.996264183784037
4.479511196710706 134.66666666666666 0.9875370173221756 0.99544102166921
4.4910084205808785 108.33333333333333 0.9878413866401412 0.999199596776751
4.498004347195635 105.33333333333333 0.987788804162249 0.9983346649418874
4.501138714457551 136.0 0.9877627444535165 0.995784232052032
4.501989480560611 110.0 0.9877475516437144 0.9956756168874632
4.507261284244256 109.33333333333333 0.9876556375255683 0.9942488311989112
4.508587533580431 135.66666666666666 0.987596569352392 0.9938520913686805
4.521917514801947 110.0 0.9870346375260423 0.9885310762122034
4.5400701346992545 107.33333333333333 0.9865631834501024 0.9883258735115645
4.560564991742577 126.33333333333333 0.9860582558814703 0.9917671818032394
4.586147675187904 110.0 0.9857754976006239 0.9862621051965101
4.627138861762925 127.66666666666667 0.9858997867026171 0.9464852117322595
4.659361960588877 106.0 0.9854511352879265 0.9453454896619956
5.2773707647007315 105.66666666666667 0.791007917853141 0.7438493709615195
4.717983422721555 105.33333333333333 0.9842949744278917 0.9628354457632
4.7480065290916915 106.33333333333333 0.9835952924056791 0.970398075528639
4.776505837417852 105.0 0.9829859747292328 0.974286434241619
4.805149475794426 107.66666666666667 0.9824691546251054 0.9686576762359144
4.827375855046575 102.66666666666667 0.9820844770648006 0.9617062769936614
4.844462902513194 103.33333333333333 0.9818048980429962 0.9538142249759932
4.855838868935007 103.33333333333333 0.981536142826024 0.9401070480808998
4.865802036112331 137.33333333333334 0.9808818229548972 0.9242363063321265
4.868516380220101 133.33333333333334 0.9801209493456586 0.9178838343079795
4.868820843097886 122.66666666666667 0.9800153757351336 0.9166680461945924
4.8702644405411055 122.66666666666667 0.977817548835922 0.9017328424144803
4.8681235244545356 104.66666666666667 0.9758822304505649 0.8981249938549898
4.865000883051148 104.66666666666667 0.9743065453248537 0.8999767092628399
4.85834867809022 102.66666666666667 0.9721761519133851 0.8988045113673129
4.860366077442474 102.66666666666667 0.9707512488889222 0.8998889702034347
4.864181538339679 123.0 0.9694565636057644 0.8966771271641242
4.867697689212385 98.0 0.9677608643261161 0.8929243666746348
4.874037861990068 133.33333333333334 0.9653208451640892 0.8995713440596204
4.880188250899006 101.0 0.9629104088227746 0.9040924562453823
4.889748196828152 103.66666666666667 0.9592545330274302 0.8985743639916096
4.8973078786203095 105.33333333333333 0.9558439009001892 0.896735622149176
4.8981193769881965 102.0 0.955317556509416 0.895330546311029
4.904722301998815 130.0 0.9474278852493231 0.8966561528589658
4.910085830520057 122.66666666666667 0.9416018935739658 0.9016402572929194
4.910676138198389 101.33333333333333 0.9409354064699967 0.9033735031220929
4.914710089243417 122.66666666666667 0.9266939040042286 0.9368581043820815
4.9141487273969 105.33333333333333 0.9261016530886482 0.9397387744628122
4.914267119034595 122.0 0.9234698209040292 0.9406669926636259
4.913448662807085 100.66666666666667 0.9188945794955562 0.9364110936852675
4.911618807403131 100.66666666666667 0.9173221678690563 0.9344961036564099
4.907892033634152 122.0 0.9145618695507334 0.9356317546216343
4.8785461331307225 98.0 0.9056476402151492 0.9330650345523973
4.855103924841865 101.0 0.9007758139850379 0.9300529594181681
4.834749352930459 102.0 0.8956180219079155 0.9412680111450296
4.8110423907324416 121.33333333333333 0.8905382535459426 0.9443538295415395
4.781472441080677 121.66666666666667 0.8828038745509159 0.9462159644000764
4.763483584423369 103.0 0.8784188450906903 0.9509930311288549
4.740090079082564 103.33333333333333 0.8726838798572754 0.956466524137469
4.7139304105250845 102.66666666666667 0.8672468254210199 0.9710890511715375
4.7117344621370965 103.33333333333333 0.8665447392639395 0.9692735182958429
4.6778939691934 104.66666666666667 0.8595224789865319 0.975799559495658
4.655504241197774 123.33333333333333 0.8549169551898151 0.9772522103239817
4.639180447366824 102.66666666666667 0.8511818589552811 0.97778838365721
4.623912357378567 100.66666666666667 0.8464744564991983 0.981895616234809
4.611747119171749 103.66666666666667 0.8418697897877833 0.9840251471356068
4.602969584581479 103.66666666666667 0.8369571618031838 0.9873387265440081
4.594676154027543 122.33333333333333 0.8322273946894425 0.9899807860150003
4.583647473015594 104.0 0.8256546910496216 0.991435025140845
4.5820315187240706 103.33333333333333 0.824885032944034 0.9910396283031723
4.547563638735754 103.66666666666667 0.8143118437749727 0.9877936260991852
4.526125716694186 101.0 0.8101497198380625 0.9827855238059529
4.523359088498923 102.0 0.8096528479089424 0.9837368103159189
5.277986841918115 104.0 0.7902429233262566 0.7433369637327703
5.274722195174956 121.33333333333333 0.7908573850496828 0.7594144416174792
5.277381551046832 107.0 0.7910290272466306 0.7432549364638482
5.27476253572116 126.0 0.7908538131649484 0.7591541797530195
5.277447757515562 106.33333333333333 0.7910028091760727 0.7432892974422264
5.274930454232504 106.66666666666667 0.7908689086761906 0.7580896081491095
5.274955906050016 125.33333333333333 0.7908388995347031 0.7580993706757982
5.274824101406667 106.33333333333333 0.7908452272901 0.758858680534197
5.277447419428231 107.66666666666667 0.7910070861911186 0.7433447578189262
5.27742300232704 133.66666666666666 0.7909910228161209 0.743361492020579
5.277877220782919 127.0 0.7902282003686116 0.7440815689415596
5.277907056425446 127.0 0.7902453004956763 0.7437076138384076
5.277976378691723 125.66666666666667 0.7902312922578331 0.7433237179749624
5.277932542678254 133.33333333333334 0.790220620046226 0.743717517731453
5.277890282238017 124.66666666666667 0.7902096762491173 0.7439793267608417
5.277433521620496 106.33333333333333 0.7910174605406736 0.7434000217252411
5.275624356508555 125.33333333333333 0.7909085736711615 0.7529604749913413
5.277420746045044 125.66666666666667 0.7910006913963841 0.7436333988351762
5.277956818235429 132.33333333333334 0.7902247784174808 0.743476040567244
5.277389487369007 109.33333333333333 0.791000976316536 0.743717606766174
5.2773801262642905 124.66666666666667 0.7910233951885032 0.74364186939922
5.276144534409973 127.66666666666667 0.7901334450619609 0.7530458660649618
5.276117722375955 135.33333333333334 0.7901263453227757 0.7533659777055363
5.277927881394779 111.66666666666667 0.7902307359914312 0.7436657496497258
5.275547362962627 136.66666666666666 0.7900608924375991 0.7576694088978118
5.275472712194925 138.0 0.7900963018098772 0.7581172833339149
5.27831507648712 111.0 0.790229357255413 0.7413699690527543
3.672192755160827 115.66666666666667 0.8327436838651741 0.9492536431894744
3.6401519141094343 139.33333333333334 0.8378454914444742 0.9480688497421793
3.618982659418861 117.0 0.8422967830987896 0.9470653341618512
3.5901201564586627 130.33333333333334 0.8504977245991859 0.9404765004548711
3.5660976612328392 113.0 0.8574808340502658 0.939285655263183
3.545919089152797 115.0 0.8634936788779655 0.9408370259596388
3.5220148727127754 116.33333333333333 0.8715440271623935 0.9397927361643766
3.5046695949844557 133.33333333333334 0.8769834598643077 0.9491625587301716
3.4816960883873396 144.0 0.8846556549696253 0.9458033027201926
3.4664842441478627 138.66666666666666 0.889356464091261 0.9454397249931481
3.451384800905561 132.66666666666666 0.8946614047221996 0.9499219694157254
3.4280041143736506 144.33333333333334 0.9023763106267348 0.9495303736888357
3.425761461653294 138.66666666666666 0.903103078014869 0.9490452367506028
3.3956669976043545 137.0 0.9121201309732785 0.949892165290513
3.3703191681073856 141.33333333333334 0.9187806774523841 0.9480319614803296
3.367239565482775 145.66666666666666 0.9195105836712624 0.9474659401785471
3.3208127981718305 148.66666666666666 0.9296628817171677 0.9436916137055338
3.29643301652205 144.33333333333334 0.9340292686723698 0.9423616607132994
3.2703135741441405 146.66666666666666 0.9382237955380412 0.9397747702985585
3.2415054720542336 145.0 0.9433917929268498 0.9375486793578406
3.2163179487291567 146.66666666666666 0.9474329661468675 0.9356471019821444
3.1960519697003207 148.66666666666666 0.9508173361337268 0.9326868400450987
3.1760575277342395 151.66666666666666 0.9537992237643846 0.932137395994327
3.141501177021668 154.33333333333334 0.9582193266344147 0.8993872380213882
3.1146044346837636 154.66666666666666 0.9604472684999271 0.894182916116377
3.0927692749425586 155.66666666666666 0.9621926330471077 0.8956748128795065
3.0606013573335398 156.33333333333334 0.9630384481657673 0.9332391530309933
3.038536485164823 155.66666666666666 0.9639867812418157 0.935134426433178
3.020078905575564 155.33333333333334 0.9643326564716254 0.9444986983606473
3.003714247939443 151.0 0.9648131436394792 0.9558416196917121
2.9817563808831187 159.0 0.9658405813577542 0.965677744313024
2.9675528227784747 153.0 0.9666479724766054 0.9715271012539667
2.946720705848895 160.0 0.9676923396407618 0.9746718794898046
2.93229329788299 161.0 0.9683882056333023 0.9725577685496168
2.9085458972835494 158.33333333333334 0.969275935787557 0.962076175991795
2.880221906839177 160.33333333333334 0.9694411068652588 0.9441731701817401
2.8552354045624377 158.0 0.9688731009058377 0.9364552311963027
2.81704222303086 162.33333333333334 0.9670288845775491 0.9344694151302528
2.79211555273585 161.33333333333334 0.9654900378180133 0.9337400825076017
2.7541850071488794 164.33333333333334 0.9627075319556715 0.928079624655197
2.7283895770990436 160.0 0.9600830846401763 0.9272019307536706
2.6946328617099695 162.66666666666666 0.9558698598893433 0.9301167347330834
2.665433664208183 164.66666666666666 0.9513698517119087 0.9342211733172653
2.634563196638386 162.66666666666666 0.945309912598269 0.9408612136331355
2.609841824070901 162.66666666666666 0.9399996868547704 0.9323833876496233
2.594074852215851 167.0 0.9355447754873125 0.9288852721910179
2.575641591460693 166.33333333333334 0.9289273705196313 0.9332895480899296
2.555401966162966 161.66666666666666 0.9217296448545229 0.9319538619786288
2.5339756060396024 168.66666666666666 0.9151438631358028 0.927204937781132
2.5163679715823544 168.66666666666666 0.9100590883934496 0.919579814577463
2.493386411785314 165.0 0.9023560562692503 0.9241266353666272
2.4758275292666596 165.0 0.8953547121616054 0.9300034025824295
2.4523740228293436 163.66666666666666 0.8852678818721974 0.929823910487096
2.43393528075103 163.33333333333334 0.8768410308688056 0.9269821150078524
2.4205010057005087 168.66666666666666 0.869046340057266 0.9214658820542291
2.4083963801994046 163.33333333333334 0.8585647229819983 0.9380950689121813
2.401134919704005 163.66666666666666 0.8515457193949654 0.9391015972418663
2.392140299737986 165.33333333333334 0.8422300592351504 0.944233956022236
2.3814479369093022 164.66666666666666 0.8329221292845448 0.9429556196532755
2.3719799873760303 161.33333333333334 0.8241914861548272 0.94341599064542
2.3643912437029178 163.0 0.8165475447666107 0.9329036564326417
2.361396481186739 165.66666666666666 0.8093784040472974 0.9255817136748418
2.363087561346068 164.66666666666666 0.7999528290006382 0.9102122975632735
2.3702475721839327 162.66666666666666 0.791967968482913 0.9017143950104689
2.3855288816099725 164.0 0.7792321450751504 0.8820884531043458
2.402181463387537 156.66666666666666 0.767008759092081 0.8704488471406867
2.4185024082664843 157.33333333333334 0.7548798289636269 0.8563890671775443
2.429280115118877 157.66666666666666 0.7420698632043454 0.8742812854111339
2.439095087503647 159.0 0.7266378377668732 0.8884481373491574
2.4462034808628688 153.33333333333334 0.7128231138163987 0.8929603214629839
2.4499730358579948 155.33333333333334 0.6966798790138337 0.8991219145081023
2.4495239890246943 156.33333333333334 0.683476480035708 0.9003248900807403
2.4424393510909446 153.0 0.667787484451849 0.9113684482657046
2.43008962593495 156.33333333333334 0.651165518356956 0.9246767741029012
2.415582039253001 150.0 0.6382677024381309 0.9298892280533585
2.3962388954429343 154.33333333333334 0.6239008850658646 0.9280368315937145
2.3730393219472368 157.66666666666666 0.6096666498792028 0.9124176366063982
2.353551619539054 156.0 0.598223158653967 0.9061243118871273
2.3341279149621643 152.66666666666666 0.5865037636616238 0.9132296661638301
2.3139096799463874 151.66666666666666 0.5742944261890957 0.916442066245903
2.294434309863294 152.66666666666666 0.5608640832044045 0.9274887434561618
2.275973524886457 153.33333333333334 0.5485538780522796 0.9301721444129045
2.259114167864505 150.0 0.535799961181245 0.9380427571791177
2.2405940371611988 152.33333333333334 0.5216377592207001 0.9465670589936773
2.220342758837329 158.33333333333334 0.5068941860253716 0.949782723739847
2.202237065986303 157.0 0.4908731614122468 0.9607101552415158
2.188126271282185 151.0 0.4780135530770015 0.9651912864647185
2.1682491364771255 146.66666666666666 0.4621891420852135 0.9721776483485303
2.1659680195148794 145.0 0.4619396347753863 0.9732263769868413
2.139235101273735 142.0 0.4424673194790218 0.9880057821012337
2.1148384394868303 156.33333333333334 0.43181963173758386 0.9906320418688198
2.0892878293557824 150.0 0.4256471752130503 0.9925132578143717
2.064378128091099 152.0 0.42148998340317795 0.9951783232054245
2.0412333875243465 152.33333333333334 0.4197787184669691 0.9964778452770691
2.0061588034809525 151.33333333333334 0.4196919512037169 0.9976243637315871
1.9723082101580496 155.0 0.42282161795007844 0.9966857138759906
1.8916209375932507 163.0 0.42753361231292164 0.9921554780824634
1.8508576567145492 167.33333333333334 0.4310730785201414 0.9929161842561971
1.8031263702578417 162.66666666666666 0.4339173648518232 0.990423264967084
1.7981078648211393 166.33333333333334 0.4340906711544396 0.9898913334521718
1.7931855088753785 165.33333333333334 0.4341415085250246 0.9895171862648793
1.7104047728275662 171.33333333333334 0.44075834752629794 0.9908053512989977
1.6814480704042174 173.0 0.4439673707203034 0.9912324523795962
1.6439689417535688 173.66666666666666 0.44990500415007567 0.9908610327277578
1.6011532137926854 177.0 0.45992616261701186 0.9912092317590462
1.5653507342322743 174.66666666666666 0.4697923792010702 0.9876929104741157
1.528859336262974 178.0 0.4788912796691428 0.9842863100883821
1.491894014337016 180.66666666666666 0.48833549966259615 0.978865801894841
1.4443611748601042 182.66666666666666 0.5009682969585454 0.9727538271090467
1.4146396642503505 185.0 0.5082698344328949 0.9687678624506785
1.38031760075488 182.0 0.5162542230205455 0.9631895601823904
1.3571509468773695 184.66666666666666 0.5239328971983975 0.9558768062238685
1.3251477666999953 186.33333333333334 0.5382788013068921 0.9532594681961662
1.3016871885500163 187.33333333333334 0.5524106177928895 0.9511348943450018
1.2800484566407424 187.66666666666666 0.5706807259276094 0.9492876592631291
1.260119657142249 187.66666666666666 0.5916569632819563 0.945611011355322
1.2430581120099276 190.33333333333334 0.6143877768573642 0.9371696837624988
1.2284269508987855 191.66666666666666 0.6367687945743993 0.9299641856688855
1.2157634788699079 191.66666666666666 0.6634762992452158 0.921060514292008
1.2071130475569862 189.66666666666666 0.6867709016049985 0.91358314104934
1.200666607216773 193.33333333333334 0.7091074124554324 0.9067171015644918
1.192927387490884 195.33333333333334 0.7341956246404829 0.8996397748199482
1.1923236589349882 195.33333333333334 0.7542226779288327 0.8829497092577901
1.1944247271808481 195.33333333333334 0.7699455783429417 0.869811485191107
1.2031829110907324 195.66666666666666 0.7866749721770668 0.8501912614807581
1.2136972213932762 193.0 0.7982408083851951 0.8326272039362034
1.2364388339813166 195.66666666666666 0.8129701849411257 0.822645765262652
1.2570410259599725 195.33333333333334 0.8223989647422713 0.8189533812173728
1.2867601463562681 194.66666666666666 0.8328226322517363 0.8201634049660814
1.3233974782560223 195.0 0.8437326583249661 0.8290855974862519
1.3495205721238441 192.0 0.8509305916260947 0.8431533658148677
1.3852530629579023 194.66666666666666 0.8579760905638206 0.8439705184900019
1.4163733043755948 192.33333333333334 0.86595548439767 0.8462602530686364
1.446912172180043 192.33333333333334 0.8732284640437681 0.8498819659924397
1.4789536659688904 191.0 0.8784766291783077 0.852598085279726
1.5052942384172143 191.33333333333334 0.8829386626127775 0.8569952034268005
1.5353621941435043 190.33333333333334 0.887669638164557 0.8611073016357124
1.562328677405473 190.33333333333334 0.8906902418534742 0.8646869564525147
1.5926737098435266 189.66666666666666 0.8960360926098193 0.8672484217416081
1.615439902971576 185.66666666666666 0.9025900857492998 0.8680199931277405
1.6414489229640712 188.66666666666666 0.9085651711711922 0.8711534313365716
1.6647407102517946 187.33333333333334 0.9151391189950697 0.8806644301239146
1.7068939218201127 184.0 0.9265316452388609 0.8874804320562977
1.7377555777430593 187.66666666666666 0.9336550676831447 0.8937695045303982
1.7688987326109065 186.33333333333334 0.9382087204170011 0.9132499372386622
1.8111759093673618 187.66666666666666 0.9426080362571607 0.9278779102287055
1.8439163337847246 186.33333333333334 0.9457784614209821 0.9464983813103653
1.8668895483478725 188.0 0.9489820727744995 0.9539822111419349
1.893292141475201 183.66666666666666 0.9514131147528392 0.9563775773115288
1.9250761553701778 183.66666666666666 0.9542420895429075 0.96090207188084
1.951224738963975 182.33333333333334 0.9563862616958678 0.9634172612719826
1.9868648496823456 185.0 0.958775626526457 0.9657758449628421
2.0170765874789476 181.66666666666666 0.9605391290116456 0.9661273427599528
2.0615351227782814 183.33333333333334 0.9624455201446716 0.9711383267795008
2.0953758168459626 179.33333333333334 0.9631527297007917 0.9708791768542159
2.129894996855455 180.0 0.9635184375270679 0.973962222587074
2.1670373589673333 179.66666666666666 0.9630853480034857 0.9794026326936921
2.199551558909171 179.0 0.9622395148154075 0.9855499132040029
2.2449002815946533 174.33333333333334 0.9611933782118938 0.993201305968551
2.2827780120685075 173.66666666666666 0.9610846737793882 0.9969021653095974
2.3165226706957815 180.66666666666666 0.9621222894941605 0.9986140564486643
2.3432447566603107 178.66666666666666 0.9638460805177789 0.9989766261643783
2.3774869516752855 175.0 0.9661424649998773 0.9979878838381667
2.406955224081997 174.66666666666666 0.9675832503790358 0.997545760441942
2.497207600030755 171.0 0.9703323640635655 0.9945519825717538
2.5266225768138826 171.0 0.97078679096722 0.9931725589982612
2.5621270747237346 169.66666666666666 0.9707875478187267 0.9945714508225986
2.584350746665231 166.66666666666666 0.9707760987053248 0.9953337460315812
2.6872340165682846 165.0 0.9707871270559627 0.9962579408240071
2.755127935706585 168.0 0.9709309140214225 0.9966434182768058
2.7903159044117 162.66666666666666 0.9710462352425311 0.9970002909205452
2.887886272742789 156.0 0.9719712936849493 0.9972419242466499
2.9361298742082926 163.0 0.9723235244715869 0.9981080991694521
2.991113667537795 155.66666666666666 0.9726203089505522 0.9977055421604183
3.058937392091697 154.33333333333334 0.9726335899652049 0.997362589185989
3.128226115560983 154.66666666666666 0.9724203110118994 0.9984031705142827
3.18121599438165 150.0 0.9723197955421528 0.9972061210261436
3.225681556213704 154.0 0.9718529202579665 0.997858532518448
3.2801834957118805 151.0 0.9711135762841182 0.9987082515760635
3.320829088184168 150.66666666666666 0.9704048426560837 0.9992421698755534
3.3694613784349454 150.0 0.9695943562684605 0.9998454718661309
3.4242974752365525 135.66666666666666 0.824294390579234 0.9963869894602317
3.3831262516746303 113.0 0.8203577553208625 0.9975879275786026
3.3380423630662963 137.33333333333334 0.8160373342872981 0.9978209706382549
3.3003829461056786 115.66666666666667 0.8133113455937566 0.998379610785364
3.2480690685945555 131.66666666666666 0.81012104079024 0.9986195721218951
3.2116255974249515 138.33333333333334 0.8081868551645418 0.9985319153116272
3.1154002549614876 137.33333333333334 0.8027154868451652 0.9992269745679134
3.1094879773432353 141.0 0.8023716953878575 0.9991968782653723
3.0605198599539722 136.66666666666666 0.7997294187756356 0.9991384008076843
3.0113392793030305 137.33333333333334 0.7960591415690498 0.9984929405115881
2.9732947502298472 144.33333333333334 0.7925671697603491 0.9983528526095747
2.9431143374911644 141.33333333333334 0.7900171628478388 0.9977828218885645
2.8965759052757334 146.0 0.7863673118539082 0.9977164856769625
2.8546790876270927 146.0 0.7829693733478312 0.9979788254691887
2.7627834570269845 156.0 0.7743460655728839 0.9986285607406893
2.7258068662966726 153.0 0.7698288408320988 0.9990669396686704
2.6617753995451303 147.66666666666666 0.7614795060695052 0.9996790020411367
2.613228168332787 156.33333333333334 0.7555785387353353 0.9995741152317436
2.553296018430604 153.33333333333334 0.7477330546560073 0.9995613165273217
2.5106513128647108 154.33333333333334 0.7414519144012194 0.9987316064929116
2.4622491656153884 154.33333333333334 0.7311253988941429 0.9983490153268691
2.2460505263581427 160.0 0.6986112577545085 0.9939503869871369
2.2423237247215293 163.33333333333334 0.6984063116545406 0.9939086879478235
2.20935708882433 165.33333333333334 0.6977264673727094 0.9934379947680996
2.1674530870974857 164.33333333333334 0.6982866487683236 0.99206943328504
2.1401927742771196 163.33333333333334 0.6995690609362778 0.9857384710157082
2.1022283540036453 167.33333333333334 0.7011456657990323 0.9767115352749405
2.0687078277456457 170.0 0.7019110481553266 0.9689593057764863
2.0375232256601437 167.0 0.700846104503828 0.9674623598534631
2.0345537498784445 169.33333333333334 0.7007471034404004 0.9672985116806693
1.995677743912205 170.0 0.6985847568077884 0.9677470354813101
1.9762693030634897 169.33333333333334 0.6956437809317074 0.9684200161152889
1.9580470667253098 172.33333333333334 0.6922544253514572 0.9684297078493483
1.9343681554090042 169.33333333333334 0.6874279531444992 0.9664707781485348
1.9111517159422042 170.33333333333334 0.6820202997932834 0.9635519787165776
1.8826408427563845 171.66666666666666 0.6743372902170303 0.9688354917195985
1.8580343188871082 171.66666666666666 0.6678666691261309 0.9651824265682054
1.828401174828072 172.33333333333334 0.6615174366741424 0.9652151122034475
1.8063813992315056 172.66666666666666 0.6541569043588159 0.964117337494632
1.777814590689747 171.66666666666666 0.6473281635700532 0.9643985326476275
1.7510929090953333 172.33333333333334 0.6428454007031907 0.9621235353115705
1.721159465996064 172.66666666666666 0.639945289365812 0.9588769247229351
1.6775784607330848 174.66666666666666 0.6393291779126467 0.9527074420395142
1.6531043418699478 176.0 0.6415988778424175 0.9551462306128315
1.6140864319338555 174.33333333333334 0.645975153506173 0.936134589121509
1.5847254740307828 176.33333333333334 0.6481047996055481 0.9322828418302149
1.5484107166584433 178.0 0.6519250270097504 0.938199244974071
1.504629235677425 177.66666666666666 0.6557196529839806 0.9533774345672401
1.477857606859292 178.33333333333334 0.6603078022419488 0.9459610629352122
1.441646169933816 177.66666666666666 0.6629926380216623 0.9429076968099503
1.4106949601176249 180.33333333333334 0.6653382760989679 0.9599786905442176
1.3813941224373332 179.33333333333334 0.6665682590364607 0.9702664310566705
1.3638724046890067 177.66666666666666 0.6640623732409356 0.9906128843994334
1.3135237937675868 180.66666666666666 0.6758586000004657 0.9864832668566912
1.309447301052563 180.33333333333334 0.6769837046542134 0.9841510177853986
1.2725909801400621 182.33333333333334 0.6831779702923038 0.9694371692948139
1.2459593487142766 182.66666666666666 0.684825809810731 0.9757043164831737
1.2171893520217658 183.0 0.6874454076536917 0.9860882167707372
1.1906422694150545 183.33333333333334 0.6966528849896159 0.985209204944692
1.1703272222522494 186.33333333333334 0.7040951406892958 0.9806161076974949
1.1471254454556292 182.66666666666666 0.70667663739934 0.9801179019599519
1.1271925908874814 184.0 0.7079425981088291 0.9798390764653976
1.1147681620121723 184.66666666666666 0.7087661232517711 0.9846033198802292
1.1084874249339571 184.66666666666666 0.7121483025693739 0.9844970981208531
1.1094858104788425 184.66666666666666 0.7137893873226709 0.9815790075666629
1.1147493845130119 185.33333333333334 0.709884708174439 0.976589996646574
1.1121613959119179 185.0 0.7028284129346549 0.9757299179127166
1.0988410036962055 185.0 0.6911966327467313 0.9778676516820296
1.0824145579678013 184.66666666666666 0.6782890559499287 0.9795848999460134
1.0671165758599919 183.66666666666666 0.6707870689124822 0.9790364046880909
1.0528144866644527 186.33333333333334 0.6677696212243415 0.9753815126950738
1.0380944887686019 183.66666666666666 0.6641263268599572 0.9721136287759504
1.0249752099416398 184.0 0.6628765459797591 0.9613536107717546
1.017385160933013 185.66666666666666 0.6621467911288432 0.9512388995938531
1.0043815663959665 184.66666666666666 0.6601583311847813 0.9465766542036896
0.9932247365470831 185.66666666666666 0.6657597947000162 0.9413296909579937
0.9869798193664899 186.0 0.6768401769430117 0.9321109784380472
0.9847906132382542 184.0 0.6889999807864775 0.919099209085815
0.9834517456831566 185.0 0.7028369556606497 0.9066792641879909
0.9795764465477289 185.66666666666666 0.7143520973598729 0.9036507172821097
0.9770767352740387 187.66666666666666 0.7300210853341129 0.8913792435701005
0.977019130937342 187.0 0.7445990909367515 0.8805801059942636
0.9760437914344384 187.33333333333334 0.7600120948022274 0.8710835209177901
0.98242413864347 189.33333333333334 0.7762484520257301 0.8568476457956522
0.9949864748869051 189.33333333333334 0.781791291436031 0.8466486706239562
1.0231748385560846 188.33333333333334 0.7955281556419537 0.8478972947896869
1.0248926835383 188.33333333333334 0.7959077975340474 0.8510623452565999
1.0410987896617576 188.33333333333334 0.8017804819439934 0.8552456339808269
1.0524017453872623 187.66666666666666 0.8046486680938297 0.8689915823686123
1.0605209663209914 187.33333333333334 0.8069155130720419 0.8725912522977688
1.0571406494144209 186.66666666666666 0.8003120061575826 0.9341166410558613
1.056602022506977 187.0 0.799929479892224 0.9366940444303715
1.0546886909044062 186.66666666666666 0.7985393560719021 0.9487800336497091
1.054039967388841 186.66666666666666 0.803692056755255 0.9451173435151781
1.055808201665497 186.0 0.812884976211752 0.9313116713800506
1.0657774796707642 185.66666666666666 0.8172225046064604 0.9197689648368008
1.0857000392156662 186.0 0.8167911178869608 0.9149407558996605
1.0941615135961966 186.33333333333334 0.8236326595063782 0.8809510847040064
1.0964260817990659 188.33333333333334 0.826943647367391 0.8538981293354266
1.0983886122673474 188.66666666666666 0.830631791315213 0.8360790425181489
1.0926484642593923 189.0 0.8366304966354616 0.82179646328642
1.0857060584141158 190.0 0.841485474730119 0.8094525093192855
1.0728968360675937 189.66666666666666 0.8423586796591839 0.8187146696662635
1.072844592663075 187.0 0.8377931904671612 0.8325654938045541
1.088977569607615 188.0 0.8256173651681554 0.8788619429517303
1.1051322698418877 187.0 0.8208300143308519 0.9000291256980757
1.1221574195677884 187.33333333333334 0.8183153262829377 0.9044880630634231
1.1472301221460914 186.33333333333334 0.8161864301997291 0.9015386749081616
1.1747934347287372 188.33333333333334 0.8171463463328125 0.8954077397507236
1.1902799598887617 188.0 0.8196210479777197 0.8987042670542683
1.2050911191685085 187.0 0.8243832837992263 0.8981697245330716
1.2156705094835054 189.33333333333334 0.8312819415067227 0.9136033008699993
1.2119170626248805 187.33333333333334 0.844342033544315 0.9221252916880538
1.2074708744539489 188.66666666666666 0.860572539153732 0.9115493860510921
1.2168170766628457 190.33333333333334 0.8786790355289592 0.8900054806319577
1.2253455232039219 191.66666666666666 0.8934537689692098 0.8670561814023539
1.23913667852028 193.33333333333334 0.9035867024238449 0.8428396120179509
1.2575776184967027 194.0 0.9143519443039204 0.8280334599918584
1.2751582799898753 195.33333333333334 0.9235226589124603 0.8298012931033695
1.2889709595751282 195.0 0.9310967588615194 0.8392811457406658
1.3023957535223125 196.0 0.9344939365731049 0.8563857909099181
1.3173507337843076 194.66666666666666 0.9354584354391815 0.8670835318514092
1.3280980994917801 193.33333333333334 0.9314062492867735 0.8988622193440274
1.3411660259595533 193.0 0.928120373509803 0.9430999339875604
1.370996420653911 190.66666666666666 0.9273991923229222 0.9714687622347432
1.414581438281176 188.33333333333334 0.9264594976012097 0.9730148397523312
1.4540781740899185 187.66666666666666 0.9262299191809662 0.9634643659519571
1.528038363370361 187.33333333333334 0.9233896568004926 0.9836325068646408
1.532892030467189 185.66666666666666 0.9235763314917254 0.9825945560391143
1.5704083365997463 186.33333333333334 0.9233818797205677 0.9822779088538259
1.6172544820241017 184.33333333333334 0.9256016681817882 0.9757826343838986
1.6561491417579988 183.66666666666666 0.9257523904142657 0.9746521825531904
1.682768695564952 182.0 0.9243924120541177 0.9930805102636399
1.7068630021436118 184.0 0.92798859530826 0.9840105607873844
1.721069930753372 182.33333333333334 0.9301450578912709 0.9821042469616198
1.7422292238141717 183.33333333333334 0.9315431864600519 0.983786027470906
1.7645945196302333 183.66666666666666 0.9363505990039489 0.9878188756167721
1.7934497669839538 182.66666666666666 0.9384318244281227 0.9834510750845459
1.8171806003063293 181.33333333333334 0.9397652546037434 0.9834302610654638
1.8539855227569428 182.66666666666666 0.9413947997125761 0.9650998454133692
1.8869718012084333 185.0 0.9422648136583612 0.952957548479571
1.910754695136563 178.66666666666666 0.94249627421474 0.950689156433019
1.9337297237316997 178.33333333333334 0.9448867192969305 0.9762360744915665
1.9779147725976454 176.66666666666666 0.9470923759481544 0.9544579486336988
2.0151785457357425 177.33333333333334 0.9505620454440044 0.950476088528532
2.0422051059668123 178.0 0.9541124631203983 0.9724118623408954
2.067578263624695 175.33333333333334 0.9565042241337006 0.985310474994313
2.104267056144502 175.0 0.9602661125289105 0.9925714312893889
2.1489481077579446 176.0 0.9620417322658594 0.9871638577034596
2.1953802837157563 174.0 0.960303815751993 0.9731995743985348
2.2210838250751728 170.0 0.9604547450290881 0.961925447657802
2.262646527456915 176.0 0.9652598923946766 0.976094302388289
2.2935718186929956 172.66666666666666 0.9646767016887788 0.9513287274279454
2.3010814867006313 173.0 0.9664489634981225 0.9694968549928534
2.3297831259092576 169.33333333333334 0.9668526864022026 0.9752328274894444
2.3519010038032664 171.0 0.9660365281074038 0.9719105090327003
2.38387297012769 170.33333333333334 0.9658114683846046 0.9739478436238471
2.401973786806867 170.66666666666666 0.9669246828512889 0.9861163059870885
2.4279780784442595 169.0 0.9675767116410727 0.9839015311982003
2.4672707586841054 169.33333333333334 0.9691536825695211 0.9839767393373056
2.498229767205993 164.66666666666666 0.9704452392355898 0.9815023639497107
2.5146637749184073 167.33333333333334 0.9719513271286018 0.9834661548082329
2.5355941640895274 168.0 0.9733748250412827 0.9773388632522932
2.5666256813490875 166.66666666666666 0.9741998321252615 0.9679249691119626
2.590503846664439 165.33333333333334 0.9753341260963029 0.9728659111153167
2.615180819261478 163.33333333333334 0.9770625939302738 0.9722942780364533
2.654275300720403 165.66666666666666 0.9816811820855873 0.9873084600785861
2.679475605395226 162.66666666666666 0.9849912100550617 0.9965258469226678
2.7117688521650347 170.0 0.9884924451054333 0.9932573403726387
2.725506253801425 166.66666666666666 0.9905115469462742 0.989508045120678
2.723548110188042 169.33333333333334 0.9917341516392417 0.9968465536278714
2.7244249808857854 167.0 0.9922099325018251 0.997597432411363
2.7329374583225152 166.66666666666666 0.9925557914658487 0.9972550161749558
2.7435309153221077 166.66666666666666 0.9924906417876179 0.9967136691766633
2.7517268823245553 165.33333333333334 0.992104770921198 0.9962711525294863
2.7561817464703133 167.0 0.9919839633603129 0.9979578186455604
2.77984362367818 165.66666666666666 0.99179222835745 0.991036426651798
2.81870816562327 164.66666666666666 0.9913644097629126 0.957234640178189
2.8535753053884516 166.33333333333334 0.9909866303053775 0.9366508014509687
2.8689059436207622 162.66666666666666 0.99118310842794 0.9541259281147147
2.8963029793274035 158.33333333333334 0.9912495160941163 0.9747274417737253
2.9374182897157683 161.33333333333334 0.9908002119237483 0.9767042475749377
2.975093107578601 158.66666666666666 0.9900580800961463 0.9698109164724282
3.005233120185369 161.0 0.9892032684647761 0.9687468709243908
3.0266581816835507 159.33333333333334 0.988241220866826 0.9751178398471139
3.0412440340209765 160.0 0.9873468505729427 0.974751312720433
3.0434254750636973 156.66666666666666 0.9868270765393526 0.9736209623130574
3.0413354533864045 154.0 0.9865766926299298 0.9724054226026908
3.0147719458744167 160.66666666666666 0.9862510656725421 0.9811940770444932
3.0048279601584884 156.0 0.9863117571042348 0.9815490385737526
2.995898778806379 162.66666666666666 0.9859406480881382 0.9747470213034121
2.994881564210514 158.33333333333334 0.9858743891694607 0.9739392437886548
2.9920913340007993 160.33333333333334 0.9856955454355086 0.9716483425870277
2.984110988058054 155.0 0.9847225123416808 0.9687031691490554
2.9856980398384807 156.0 0.9834668802076239 0.9657657412185487
2.988602173307122 160.0 0.9827052216288658 0.9585438560221802
2.988180357361193 156.66666666666666 0.9824230873559497 0.9600859332822075
2.9909759026381795 161.0 0.9823704911935093 0.9454516186304603
2.9974872129100665 158.33333333333334 0.9829128612239306 0.9215564608946727
3.0051574894209887 157.66666666666666 0.9834154881984877 0.9073646702912777
3.01189049895935 157.0 0.9835142549019281 0.8868511884499262
3.022075639684347 151.0 0.9832082913959366 0.8355345867891562
3.0299733274340612 153.0 0.9821572467940491 0.804834116002883
3.036264706542254 149.0 0.9802007874372772 0.8011261714834483
3.039757092679234 149.0 0.9774837376625896 0.8109463806264299
3.03587110857888 155.33333333333334 0.9754946306821816 0.8212929002237219
3.0275423033133815 152.33333333333334 0.9734837490331144 0.8395400732874224
3.0202842702297095 157.0 0.971674977260174 0.8533494869973697
3.0174619780004117 153.66666666666666 0.9698460382711661 0.8617628494469475
3.015613818927846 154.66666666666666 0.9689005064113692 0.85744832644654
3.0156058520170967 159.0 0.967880565676622 0.8457603580742973
3.0037392892994337 152.33333333333334 0.9666350935760709 0.8427526242391077
2.983910445127843 151.0 0.9651155554277867 0.8445775306292828
2.9588448258397344 157.66666666666666 0.9634046131101413 0.8504589442733269
2.9407589410501 156.66666666666666 0.961884839936562 0.8564166203432317
2.9026429242302156 154.66666666666666 0.9597669944122148 0.8817387990570141
2.877763705107572 160.0 0.9583704046348861 0.8985337328724927
2.8609350645583516 157.66666666666666 0.95628699926897 0.9144944162865373
2.8645479538324543 162.33333333333334 0.955202935954012 0.9133094064170618
2.880099952563531 156.66666666666666 0.953971443679576 0.9101274915666394
2.900837243075866 154.33333333333334 0.9522919821740095 0.9100881775711064
2.9214099044900936 157.33333333333334 0.9511310813620666 0.9162076533882345
2.9436840132950697 157.0 0.9514494520556259 0.9246079175908822
2.968750324002888 156.33333333333334 0.951528158877794 0.9198423662426962
3.009325153778049 155.33333333333334 0.9511990586179658 0.903937307571941
3.052368017015915 154.66666666666666 0.9511391800967928 0.8841969391203401
3.1118827198158328 146.66666666666666 0.9497714709237772 0.8532121681456268
3.1630040653712417 150.66666666666666 0.9484046760173994 0.8395633563151975
3.21656771629112 148.0 0.9469326266390562 0.8375276956178551
3.275414133027153 132.66666666666666 0.945770219544124 0.8372393042562989
3.3408775064353256 132.66666666666666 0.9448213039267006 0.8414479079748877
3.412572833463122 133.33333333333334 0.9437207484931333 0.856813474584384
3.463437904856151 115.66666666666667 0.9428694279550683 0.8660940686742146
3.516664419074845 132.66666666666666 0.942158277922652 0.8744920574121188
3.5697252510469863 134.0 0.9410934517341986 0.8775905724213047
3.613248635272403 115.33333333333333 0.9399455605383011 0.8796300558797738
3.668398837877003 141.33333333333334 0.9377643763260843 0.8874752699404556
3.7096466145868146 134.33333333333334 0.9361683180842599 0.8962389341501094
3.7468065213846877 115.0 0.9346745412795846 0.9067812010161058
3.7792234497034873 117.0 0.9338709469969818 0.9187633382833273
3.824987774251342 114.66666666666667 0.9333984880987813 0.9225070455933997
3.86104086138658 113.66666666666667 0.9331005397569959 0.9217063810406008
3.890218734655688 137.66666666666666 0.9328553371818794 0.9234212481851953
3.9298517724585644 133.66666666666666 0.9330533730183277 0.9304481662713765
3.954631015280931 112.33333333333333 0.9337882666478977 0.9371301193894396
3.9980354201971973 114.66666666666667 0.9347271328590632 0.9368103241378347
4.030121171200888 130.66666666666666 0.9356865832635182 0.9384322211053652
4.060916845016912 129.66666666666666 0.9368532549688718 0.9335644621890814
4.12207599471016 127.0 0.9415236925329725 0.9143388472197779
4.125009110691014 112.0 0.941896715819701 0.9130581438877441
4.139454386364124 111.0 0.9437977625372426 0.9092685377351785
4.1664490116704735 127.66666666666667 0.9472585545458387 0.9017460675948645
4.189182770493808 109.0 0.9497674840145007 0.9070822576800357
4.218207825272091 135.33333333333334 0.9520846276300579 0.8999927606708602
4.23964873855819 138.33333333333334 0.9536359410423015 0.9032982431109057
4.259425403473451 136.0 0.9547120851283388 0.9121406000182137
4.277059046205879 110.0 0.9556555238065648 0.9159489946153876
4.2938288948487155 109.0 0.955304787707396 0.9246141655322349
4.316455488500118 110.0 0.9550090736206639 0.9400183915887685
4.340069643268131 143.66666666666666 0.9547654881720146 0.9509228111622346
4.3821343063630565 132.66666666666666 0.9535905662552407 0.9865756907809211
4.403528883211274 111.33333333333333 0.9527284421746515 0.9925404870793638
4.438640139209728 135.33333333333334 0.9516358600289455 0.9970810320526571
4.450625160648591 109.0 0.9514774975210178 0.9976037083958794
4.466176120046385 107.66666666666667 0.9513264525144133 0.9976846380591912
4.499351707901169 127.66666666666667 0.9507987598041954 0.9978061958133287
4.5287698469651865 108.66666666666667 0.9502676813305104 0.9973557197323408
4.554211119468678 105.66666666666667 0.9501946776874927 0.9971742881601018
4.58900468505741 128.66666666666666 0.950579175861397 0.9948912252465955
4.621547519841852 106.33333333333333 0.9512956547713789 0.9804245706391288
4.660303733478799 110.0 0.951121287166282 0.9767433523637657
4.705039473337878 133.33333333333334 0.951942766912193 0.9614586986785036
4.749811445658179 133.33333333333334 0.9531629435676576 0.9386704229140953
4.785207211384429 108.33333333333333 0.9545040808614023 0.9234658585888429
4.830438677508222 127.66666666666667 0.9560829960484464 0.9004725281399995
4.8751381453104505 104.33333333333333 0.9572485164250982 0.8828873692727126
4.9129964216648725 102.66666666666667 0.9582196675597294 0.8647633808441382
4.9572279680798195 105.33333333333333 0.9591668258794362 0.8442093043549952
5.011131046542973 123.33333333333333 0.9600528174462827 0.817643315758049
5.046437830656753 124.66666666666667 0.9606085310024334 0.7978569834600856
5.100550398580556 106.33333333333333 0.961599910543569 0.7623834771182714
5.164693584817041 105.33333333333333 0.9622247765018437 0.6957649252323271
5.221677111074989 121.66666666666667 0.9652793507934178 0.8085759482486521
5.252073610417683 104.66666666666667 0.9668135586243334 0.8225177327491516
5.267071943492346 102.0 0.9688753224012406 0.8549639248230267
5.267612441567566 104.66666666666667 0.969101467819951 0.8611661697258118
5.270031415051161 102.0 0.9707389766316065 0.8919975939207256
5.270138858806485 101.0 0.9709934233936545 0.896195334176422
5.268324177834369 103.33333333333333 0.9726862358474684 0.9297873062531603
5.263407014991294 105.33333333333333 0.9755842611202066 0.9793871326431757
5.265233236230432 104.66666666666667 0.9765878731061585 0.9868881152707978
5.271733908290157 123.66666666666667 0.9776991772975577 0.9893104016466954
5.281486559365065 105.0 0.9791435082528602 0.9916930251713504
5.293358944781749 105.33333333333333 0.980096285298759 0.9935547542673264
5.297658850686674 104.33333333333333 0.980922853549627 0.9932237713577902
5.277402847802489 104.33333333333333 0.7910748312402036 0.7436163334512315
5.27550368157542 105.0 0.7909316056386857 0.7535783412342043
5.27469713879447 105.33333333333333 0.7909132628742767 0.7593708107299031
5.27745231509752 103.33333333333333 0.7910466378019453 0.7432872854582202
5.277359843152083 126.0 0.7910714063929828 0.7437317339955876
5.277449005297428 103.33333333333333 0.7910445566082933 0.7431429912729169
5.277347693110432 101.33333333333333 0.7910614526254938 0.7437039832741922
5.164694332712459 121.33333333333333 0.9801888926032459 0.9955958215403097
5.131574409761589 104.66666666666667 0.9796883398752245 0.9953643217433925
5.094794080490316 103.0 0.9785953944278074 0.9958594881530608
5.068902681584465 102.66666666666667 0.9777422260861531 0.9964328637657192
5.0255743393389105 103.66666666666667 0.9762814175650472 0.9942960220672233
4.989819502650011 100.33333333333333 0.9747306223760377 0.9937235134328108
4.958478979295977 122.66666666666667 0.9731167839546789 0.994741486347219
4.929481567759642 102.66666666666667 0.971107475056238 0.9984431423698189
4.911519590874162 122.0 0.9700446390881514 0.9993532041145187
4.898187687638475 104.0 0.9686792214975873 0.9991303682135354
4.8969468466212795 106.33333333333333 0.9685024060258389 0.9991718560719023
4.888347337362516 134.66666666666666 0.9673938607822046 0.9974291333206641
4.877974923676448 102.66666666666667 0.965494809431944 0.9934544816616815
4.869931202300956 102.66666666666667 0.9642791833435427 0.9924173873621994
4.854830525062654 103.33333333333333 0.9626286034561512 0.9908107549798872
4.814781121367317 105.33333333333333 0.9592487012878506 0.9917412595310989
4.787125756378636 107.0 0.9573115137205893 0.990544832381751
4.762763932408897 128.0 0.9556335961933651 0.9854048507034332
4.741350904464001 105.33333333333333 0.9541228751564014 0.9843838151688187
4.718535591626025 107.0 0.9522132655314895 0.9779511210912482
4.7066453462654785 106.33333333333333 0.9504714462576139 0.9729749529936581
4.6977535295157375 126.0 0.9479452655231531 0.9694969129935617
4.695492948677465 107.0 0.9456474711968463 0.967123877536913
4.6992355146556015 105.33333333333333 0.9437367181574454 0.9669915426904626
4.709774370925754 103.33333333333333 0.9404683623695 0.963556334214116
4.712774811685533 134.66666666666666 0.9360498094717464 0.9788598235234175
4.71572801076427 128.0 0.9334954436441433 0.9785865461748294
4.72004508169735 103.33333333333333 0.9309188877792378 0.9788605350981532
4.720961900424174 105.66666666666667 0.9302265603549161 0.9772050222904983
4.718064679629992 106.33333333333333 0.9280037067736961 0.9768779961904261
4.712101644012845 105.66666666666667 0.9259128988767376 0.9773741063157063
4.699379050183095 122.0 0.9229702950641827 0.9717677378358552
4.685483979321121 107.66666666666667 0.9210171215753767 0.9675343376832509
4.662937014869923 108.66666666666667 0.9184232869331903 0.9619493531192785
4.628446929875273 103.33333333333333 0.9157092789225117 0.959045495942228
4.595200204785572 107.0 0.9136325814510905 0.9462390482872891
4.517421326260376 106.66666666666667 0.9085385814920575 0.9508237257499867
4.512478215843047 106.66666666666667 0.9082169584665799 0.9513627439327477
4.484712126920486 106.33333333333333 0.9065096524818038 0.9509574631561721
4.440719161843073 132.0 0.903750065012809 0.9602262491721107
4.406412107532154 102.66666666666667 0.9021188420787275 0.9676597812534258
4.373934745258833 108.66666666666667 0.9007037516160562 0.9720618670521673
4.347035268398669 126.66666666666667 0.8993758613397579 0.9724904557851224
4.31922821291193 106.33333333333333 0.8980629684300526 0.9723152073070533
4.2943147131933115 108.33333333333333 0.8953572426050207 0.9699813865630718
4.2711600177267695 125.33333333333333 0.892642575090076 0.9672739383808177
4.251364748597314 134.66666666666666 0.8892921464329799 0.9633133789647134
4.232044731038704 108.33333333333333 0.8855816395275528 0.9593582214445175
4.213328120203885 108.33333333333333 0.8819403468181288 0.9489378238120277
4.19460663726721 137.66666666666666 0.8775711355409478 0.9469864017885792
4.171169628372096 126.0 0.8720811092118748 0.9485116992762432
4.147645997757519 126.33333333333333 0.8670025471816546 0.9452143777743712
4.12834273014211 126.0 0.8624105520023141 0.9459936032274731
4.111026647302461 122.66666666666667 0.8583151499393986 0.948837606426182
4.085130386300741 134.0 0.852734057357252 0.9504772393479288
4.055347305198153 124.66666666666667 0.8467211185602392 0.9499057941335256
4.013435472660023 107.66666666666667 0.8396858689046233 0.9510550434665838
3.9701763538598094 124.66666666666667 0.8340163214333524 0.9531262507077101
3.9272313951411615 109.33333333333333 0.8288137466102551 0.9560573248993744
3.8660865585984605 135.33333333333334 0.822188531399046 0.952358059036184
3.8128433818929577 130.33333333333334 0.8155210994045833 0.9624243561062907
3.768012491413892 109.0 0.8091368818551147 0.9712953677523363
3.72007733099293 112.33333333333333 0.8017120920972807 0.9746697267071998
3.6797888993540644 130.33333333333334 0.7953562788165538 0.9712712736881572
3.6320070462458807 116.66666666666667 0.7878723150365309 0.9708774289086171
3.592705473574449 133.0 0.7816374424714119 0.9733673369225281
3.558953828953126 114.33333333333333 0.7774101502364342 0.9772638854098362
3.523984846681756 118.0 0.7739695101259508 0.9804155619982202
3.4838143467245586 132.0 0.7698852620653415 0.9828935567698412
3.444499825074923 115.66666666666667 0.7648134685588057 0.9836848953984675
3.4115090744316716 116.33333333333333 0.7601018623316089 0.9812793629616599
3.3784341417441635 116.0 0.7561340815332575 0.9766546689268838
3.3495130224362617 115.33333333333333 0.7531605344545265 0.9726583138597987
3.3201160493239597 134.66666666666666 0.7512064074792516 0.9715333145909105
3.286547372777582 136.66666666666666 0.7505058929340372 0.9673775761914951
3.2836312057108614 135.0 0.750717035493263 0.9696338306310911
3.2278082426603985 114.0 0.751198511270037 0.966389671898914
3.196904119115129 152.0 0.7533423142432971 0.9635414324203615
3.1932323546179706 144.0 0.7537536476854781 0.9637873831618861
3.1341375276293117 146.33333333333334 0.7616876779697026 0.9691628388645636
3.1044646438279937 139.33333333333334 0.7688042068385205 0.9652757522462039
3.101049976993123 138.66666666666666 0.7695629400397334 0.964653266416536
3.082421168196785 148.66666666666666 0.7739334906550688 0.9606604318570715
3.0482104153263103 145.0 0.7832248424143171 0.9353467492970261
3.0321239161236666 150.66666666666666 0.789008450555977 0.9217660212639154
3.0219498863425955 148.0 0.7935756160935424 0.9065235095280207
3.009984277787724 138.66666666666666 0.7981687316791184 0.8923898978162885
2.9906120732968695 150.66666666666666 0.80386099986059 0.8828562446194366
2.964185510968456 153.33333333333334 0.8108202167219714 0.8804017884430628
2.943724907696293 156.0 0.8154255348726053 0.8806099768551925
2.9189080609982714 153.66666666666666 0.8211559929430284 0.8736433320615181
2.898099520238126 150.0 0.8259282228734177 0.8620118136579973
2.873354890180902 154.66666666666666 0.8317604532118442 0.8385114698489877
2.8573858212422687 143.33333333333334 0.8348202929207936 0.8239735391226144
2.8452548712728847 153.0 0.8390510688801727 0.790944517828162
2.8310450918363097 152.33333333333334 0.8421167420839766 0.7682626083190114
2.8170484036603987 155.0 0.8455438084142038 0.7509699332659233
2.793860960122228 154.33333333333334 0.8491954724457504 0.7345436351965962
2.764430106435674 150.66666666666666 0.8518823047202096 0.7309225043751469
2.734026186424419 156.33333333333334 0.8558979014537662 0.7359354814789788
2.7052325272401565 161.0 0.8587045891526484 0.7334276306293619
2.678271605220749 152.0 0.8612294431220755 0.7311231064478525
2.6450975056249546 162.0 0.8638542728252527 0.7370149023228737
2.6010882508758533 164.0 0.8667901701712913 0.743409096281916
2.5629188645980814 160.66666666666666 0.8689676301384096 0.7437264621992067
2.5231211422200235 161.0 0.8721443803640194 0.7434509849513762
2.4860595179635743 164.0 0.8749554614524748 0.745083010060489
2.440060752062764 164.0 0.8782914388916617 0.7390522486274903
2.4004340684216583 166.0 0.8819010989145563 0.730829396014111
2.3640917975072973 169.33333333333334 0.8848270318839563 0.7215748149245775
2.322782620334559 173.0 0.8846952338291257 0.7076580716999962
2.2882094690251273 171.66666666666666 0.883962237983979 0.7076890805487234
2.2542338318542323 171.0 0.883811657898434 0.7038499823657615
2.220746790916578 174.66666666666666 0.8825430951070283 0.7062382653744789
2.187929828998251 172.66666666666666 0.8781738556333328 0.7030776871386666
2.1546273627818495 177.66666666666666 0.8720862756666485 0.7046343096280518
2.1267545033752833 171.33333333333334 0.8653570166894141 0.6999549087410265
2.084599219054052 175.0 0.8537315657265162 0.6949635639448819
2.051818606002922 181.0 0.8442389885805285 0.6823157501653606
2.0224706476849295 176.66666666666666 0.8362622154777789 0.6811595466321165
1.9900676668523347 178.0 0.8287282247975024 0.6684651784887082
1.9582621439969825 180.33333333333334 0.8229656258789014 0.6641912266723375
1.9321288421820622 175.0 0.8144167528034176 0.6393179231575956
1.8967266454961889 181.33333333333334 0.8038032772218189 0.6377638701397124
1.868069175513938 176.66666666666666 0.7963123264972135 0.637223566816665
1.8345839505185757 181.66666666666666 0.788669040552642 0.6268040480079098
1.8075068800622927 183.66666666666666 0.7837938117937172 0.6205775567828464
1.77107263040845 179.0 0.7806433592660694 0.617791313149229
1.7429115908759747 181.66666666666666 0.7800385510599879 0.6089097609351349
1.6712836271496032 182.33333333333334 0.782556980155293 0.5526186014078629
1.648403523069998 184.33333333333334 0.7857364520772985 0.549797347472401
1.6287943087040837 185.33333333333334 0.7859992372963788 0.5204405966393207
1.6052555582273733 185.0 0.7819534641304284 0.49231726250555813
1.5587247326773637 186.33333333333334 0.776516353177645 0.4946481670794941
1.5142872192565646 187.66666666666666 0.7734035392573528 0.5209553495493755
1.449142853727597 188.33333333333334 0.7618250021297691 0.5383935542747601
1.3933970413415602 191.0 0.7528417919214833 0.5635135134017931
1.3431990868669765 193.0 0.7455597950636241 0.5748770129220651
1.2866052613396084 191.0 0.7426399587714683 0.6032471896598929
1.2398244306693755 194.66666666666666 0.7443189759846383 0.6268872286971239
1.2006022624848327 196.33333333333334 0.7479641408024902 0.6473486372376489
1.1530555459603855 197.0 0.7554163792417675 0.6652211521881166
1.1092132382487752 198.33333333333334 0.7583741481763021 0.686875666146109
1.0758122115124773 198.66666666666666 0.7558866003983188 0.7027989241100565
1.0479825807465182 199.33333333333334 0.747906612960962 0.7169739509437599
1.0294357402390772 196.0 0.738344350906894 0.7337122471573292
0.9869697508190938 197.0 0.698049613321847 0.7577925401863855
0.9848615886737949 195.33333333333334 0.6954791748722692 0.7577372375588802
0.9675348600568128 198.33333333333334 0.6790652430776626 0.7638140305035239
0.9443007629717486 197.0 0.6608906157075513 0.7791279312750684
0.9198670099005638 195.66666666666666 0.6449640832122113 0.7990962988809919
0.9020679730784018 196.66666666666666 0.6282420993780504 0.8118768367691899
0.8777619332838057 196.33333333333334 0.6063524125146417 0.8391355203281651
0.8591233706734182 197.0 0.5861093372860098 0.8559990029319823
0.8477007349679623 197.0 0.5648226087890834 0.8661641962007637
0.8395445255865572 196.66666666666666 0.5419408390124276 0.8752653136219286
0.8278359649549085 195.0 0.5131636149565946 0.8890077487620792
0.8167169912781664 197.0 0.48776400226312094 0.9062607068957858
0.8062133001444433 196.66666666666666 0.4680828175253613 0.9249586942203347
0.7996201758231674 197.0 0.4587774281928607 0.9421053151682403
0.8002991577597224 196.33333333333334 0.4601011403013924 0.9604437364651569
0.8090252013089404 195.66666666666666 0.4712139790124779 0.9658376036880518
0.8229869170181613 195.0 0.48501253854809523 0.9679583681810665
0.8370494276435544 193.33333333333334 0.4964191155513355 0.9668592129136099
0.8526915856689672 194.0 0.5068261234491753 0.9663456712487121
0.8708410505196432 190.66666666666666 0.5158647118829341 0.9628043331482903
0.8886251127925813 190.66666666666666 0.5226829669891216 0.9580710540186509
0.9140518024704578 190.33333333333334 0.5330894629554886 0.9502176314915417
0.9363323621592905 190.66666666666666 0.5401965686037687 0.9418616071314063
0.9600449939116615 188.66666666666666 0.5484688878759595 0.9324351028742198
0.9813133650090086 188.66666666666666 0.5562505585634078 0.9239352143017235
1.0012690215536948 187.66666666666666 0.5629122927619454 0.9155031642063026
1.0151175235372518 187.33333333333334 0.5746601730295295 0.9099275875235814
1.0267677235168995 187.66666666666666 0.587027486359634 0.9073962168566252
1.0403416032282269 188.33333333333334 0.6039863719816151 0.9011476830809915
1.0943498690214868 189.33333333333334 0.6672524798904526 0.8566827985247504
1.1161069497440923 187.66666666666666 0.6978568967800748 0.8313627225551808
1.1188904363613013 188.33333333333334 0.702443413488566 0.8280924861199651
1.1395296781696271 188.66666666666666 0.7340861239689623 0.8077433776866283
1.1682411739971188 189.33333333333334 0.7693280124453424 0.7834753468665814
1.1879817568550688 189.66666666666666 0.7930974916070549 0.7679152351967015
1.2113092374681689 190.0 0.8159007337745837 0.7502140099559922
1.2349366864635747 190.0 0.8311447293532065 0.7336545017858747
1.2602337292712409 190.33333333333334 0.8464146384428883 0.7162476645030216
1.2869591169777863 192.66666666666666 0.8595509077284318 0.698532270723582
1.3094813693394542 193.33333333333334 0.8704644017830399 0.6898978249994241
1.3293439338439588 192.66666666666666 0.8786058357708929 0.683284298509381
1.3657547603094429 192.66666666666666 0.8921491957919825 0.6801809209853341
1.3968637846886414 192.66666666666666 0.9025100608387376 0.6859062479019028
1.439191095816293 191.66666666666666 0.9122270043295665 0.7007369299975731
1.4785654264269794 192.0 0.9177848769360898 0.706146303639309
1.5193028298389926 188.33333333333334 0.9224034943544539 0.7069666173215441
1.569293012135987 189.33333333333334 0.924824290721082 0.7035594488721549
1.6099034903591551 186.66666666666666 0.9246469261493268 0.6932690723792834
1.6428408115210262 190.0 0.9224170370876196 0.6896952187467361
1.6775820102379702 184.33333333333334 0.9189206514665411 0.6853464314997243
1.7079736777884107 187.0 0.9142257052440632 0.6935660867497438
1.7322785244764263 188.33333333333334 0.9071834920308689 0.6859075383593756
1.7589672222439323 185.0 0.8977342262740656 0.6870353099679355
1.7872050343508306 184.66666666666666 0.8839979701013084 0.6804072993907482
1.801125655187834 182.33333333333334 0.8725380912882644 0.6882144081871111
1.810293328085458 184.33333333333334 0.8568999433707751 0.6819354375966461
1.8057535865996601 182.33333333333334 0.8441988214029509 0.69433353941905
1.672838478343176 186.0 0.796397285289575 0.8023205525935565
1.6549919277965284 189.0 0.7992262120082171 0.8200898758870728
1.6391193695721447 187.0 0.8057064425844316 0.8543828734064527
1.628515759740847 185.66666666666666 0.8146209329386058 0.8910425048819288
1.6230956578807718 188.0 0.8251074586091243 0.9199420922479743
1.6247994921815743 189.66666666666666 0.837132435002421 0.9398241807475025
1.636085603583959 185.33333333333334 0.852796149847416 0.9589809438318295
1.6514672385169915 187.66666666666666 0.8644754193270385 0.9717343335230947
1.6743733851222815 187.33333333333334 0.8773770468606837 0.9833138829893041
1.6950929964416286 185.33333333333334 0.8850065198973665 0.9906789590394106
1.7281345434385944 185.66666666666666 0.8939870069581138 0.9965113051721519
1.7513847666396594 185.0 0.899178475104431 0.9984325985007754
1.7787557711481823 185.66666666666666 0.9050879374673078 0.9996589489253964
1.8022514322439835 186.33333333333334 0.9103993859464835 0.9999308340566081
1.831008261670225 183.0 0.915883613252548 0.9998258306152024
1.8592719016777186 183.66666666666666 0.9220395549965805 0.9991749984091775
1.8938278761453964 184.66666666666666 0.9291170098860285 0.9991796060475159
1.9251689736564774 180.0 0.9350330073865917 0.9986081243052624
1.9654784869955533 183.0 0.9416690664076101 0.995895699287025
2.0000814853537396 182.33333333333334 0.9464502999741877 0.9936933250212151
2.0430878255010945 180.0 0.9519212733562079 0.9902292915611067
2.086843582438538 181.0 0.9562367678884957 0.9869536330402398
2.1282280313904653 178.33333333333334 0.9598153783940784 0.9833884176819373
2.1737817945375255 176.33333333333334 0.9630907523348341 0.9789911912883151
2.233029824563321 178.66666666666666 0.9659082002740104 0.9701394585278188
2.2788817744782564 177.0 0.9674764679035127 0.9623418293714655
2.3369933955563154 174.33333333333334 0.9685540195808456 0.9515937288408072
2.3911702985359256 174.66666666666666 0.968867315268504 0.9349672746740679
2.43512742202052 172.33333333333334 0.9673943326312808 0.9220504163737748
2.4654591292130443 172.66666666666666 0.9641513762477285 0.9099035518990946
2.488169489683942 168.33333333333334 0.9591599890083368 0.8966772871033094
2.5025658907493695 170.0 0.9531453892808954 0.8847660665644596
2.5080026404384057 169.33333333333334 0.9471533199962263 0.8774352374694752
2.4994807191208808 164.66666666666666 0.9385506311688965 0.8756031963319296
2.481621702020671 171.33333333333334 0.9322330331729827 0.8767778772446295
2.4516727797149938 172.33333333333334 0.9265219122531099 0.8936621245978498
2.422261322349717 169.66666666666666 0.9215531215066867 0.9031592406938939
2.4179818312339743 173.66666666666666 0.920710938026952 0.9053338050634852
2.3882698524085577 175.33333333333334 0.914833705159131 0.9198915603857577
2.3371482701812076 173.33333333333334 0.8981619891940285 0.9522699455153001
2.335041335140087 175.33333333333334 0.8972921778039803 0.9539478634043481
2.3129477613186875 171.0 0.8833212018788522 0.9623897738238986
2.3063359635143086 172.33333333333334 0.8768728123433913 0.9549548000300169
2.299747081970373 170.66666666666666 0.8720929218497842 0.9513576529359685
2.296394320911655 172.66666666666666 0.8678123721239981 0.9445509317276539
2.2954492012917194 173.0 0.8644320465953738 0.9363096753327076
2.293993553437445 170.66666666666666 0.8642368740474726 0.9317523610808568
2.2977625212610233 171.66666666666666 0.8655741645011897 0.9240590053511368
2.306898407019937 173.66666666666666 0.8670985421523895 0.9250575558854055
2.3248556610622826 174.33333333333334 0.8699223180340486 0.9218368526121357
2.3442218616633768 168.33333333333334 0.874088545715002 0.9184551355291513
2.3611750072675934 171.33333333333334 0.8780003220164359 0.9103244068344617
2.38300544551575 168.0 0.8838557743047436 0.8998218864553902
2.4165921701106456 168.33333333333334 0.8929680721187488 0.8856696773030982
2.420156373777909 169.0 0.8940257301901888 0.8845253950526386
2.4744418995537454 169.33333333333334 0.9118797810932092 0.8848773902099629
2.5060384684188057 165.0 0.921719193848557 0.8986036798760978
2.535245649918149 172.66666666666666 0.9300487841273872 0.9133133840830298
2.5746833727144893 169.66666666666666 0.9404479734677863 0.934920003725711
2.6088011661794823 163.33333333333334 0.9478900272543014 0.9481385910121949
2.64680888706284 163.33333333333334 0.9547103532789208 0.9523874533134972
2.700565438481782 168.66666666666666 0.9624792909920046 0.9558041685126064
2.751570350789046 159.0 0.9684830749560506 0.9498621703530191
2.799141632712179 162.33333333333334 0.9731373270197199 0.9416735157278645
2.8553187481350517 153.0 0.9778734996369551 0.9311813418469436
2.9029157721970473 157.0 0.9815731928209188 0.9126442490731109
2.9541042014395287 152.66666666666666 0.9852257708239824 0.8877853880410627
3.0084693254102834 149.66666666666666 0.9879706212834585 0.8543213142562949
3.049282528141982 154.0 0.988879951235912 0.8337456300864503
3.080503217642219 147.66666666666666 0.9887959802901869 0.8201802105512856
3.1119039444451335 148.66666666666666 0.9874519323219445 0.813665386552937
3.128746925756006 148.0 0.9851864532283792 0.8160778315634958
3.137688357944018 152.33333333333334 0.9827691434943273 0.8224679563406613
3.142819395168374 144.33333333333334 0.9794949377906701 0.8232745769069473
3.143527968286001 150.66666666666666 0.9757451717486132 0.8346850655823248
3.1396934131653693 154.0 0.9721198546190355 0.8409770364712064
3.1276283766231057 155.66666666666666 0.9668438539081012 0.859338810890075
3.1172254876737022 156.0 0.9624325876693989 0.8735293946582303
3.0999926711199843 152.33333333333334 0.957090032516123 0.8849078659162716
3.083499902247989 150.66666666666666 0.9528250893296482 0.8913816922149214
3.069040295801833 153.0 0.9502103325183413 0.8932858285081707
3.0451663050977027 161.0 0.9475092290802911 0.8953837099710477
3.0302479776991365 155.0 0.9462474701243814 0.8855778516925646
3.010333831967457 160.33333333333334 0.945117679888405 0.8783917513946022
2.9909915011923713 157.66666666666666 0.9452830259904527 0.8594989094854169
2.9806047508584976 160.66666666666666 0.945956447990661 0.8497619817825185
2.9689424882641533 160.66666666666666 0.9480739372352827 0.8416157748775209
2.9624157319712148 156.0 0.9512562875477363 0.8375583228931238
2.9620773839194565 156.0 0.9516381765199277 0.8364426284661416
2.9604513554769745 159.33333333333334 0.9579103751938065 0.815100173838997
2.9610654011103326 159.33333333333334 0.9621153929732661 0.8014202887211616
2.961537930983993 161.66666666666666 0.9626325547778969 0.800512430772096
2.9712699804763596 157.0 0.9699062704350773 0.7868985414788301
2.976418006280725 159.33333333333334 0.9738941963576784 0.7846376647788948
2.978856422002706 159.33333333333334 0.9778120784260546 0.7936333614126801
2.978607376604747 156.66666666666666 0.9803596394691985 0.8005651604262135
2.977008959216414 160.33333333333334 0.9837696499893893 0.8076059490830172
2.973747647651301 156.0 0.9876528595454319 0.8272485340153912
2.9573727304351443 163.0 0.9961560892621271 0.8926676422559364
2.9549059615893736 157.0 0.9977811119642997 0.9117758966927109
2.9545620659463534 157.0 0.9982150241933727 0.9155272581321927
2.9548824493913144 157.0 0.9984975061721979 0.9223800469552699
2.954986531054058 160.33333333333334 0.9984858973328816 0.9237141302753421
2.9665001829318256 153.0 0.9961012183917032 0.9111032674861611
2.971849302140582 150.0 0.9948502758732088 0.9058004467919818
3.0064157735324275 145.0 0.9866394139142693 0.8563096270004382
3.02633429212697 150.33333333333334 0.9815471220415665 0.8254364172729458
3.0396769734324476 144.33333333333334 0.9770883785126094 0.803792585994255
3.0421964108880712 144.33333333333334 0.9760037604597817 0.8017541522770144
3.048402191858294 139.33333333333334 0.9732708396107029 0.7969667262973601
3.049900061979803 148.0 0.9726769923843954 0.7986195211501658
3.058761566521882 148.66666666666666 0.9680224005739186 0.8161721304579492
3.065891946491577 150.66666666666666 0.9651741067913711 0.836806441990767
3.0730010050672822 140.66666666666666 0.96271363314489 0.855703546871534
3.0848974114568164 150.0 0.9597735957961325 0.8864081294685723
3.095550845564778 155.66666666666666 0.9581054612512253 0.8963285572123344
3.118839369603215 149.33333333333334 0.9564250224198327 0.9134395834455757
3.1344125028854872 148.66666666666666 0.9554773917546495 0.9086135850657349
3.1439252392642927 155.66666666666666 0.955160568745231 0.914280233854143
3.1576042170319454 150.0 0.9550159486689503 0.9144592104684504
3.1710696359655386 155.66666666666666 0.9557229704027316 0.9165426954924355
3.178945233116684 152.66666666666666 0.9566972640974687 0.9247945972990145
3.1867236854073933 149.66666666666666 0.9582230245852212 0.924158612867175
3.194423076635292 152.33333333333334 0.9608626644457513 0.9199641660510401
3.1989541859786232 152.33333333333334 0.9637996268103419 0.9127334920940628
3.20436979649811 156.33333333333334 0.9676902537329117 0.896806051447217
3.2060866743894634 157.66666666666666 0.9718618813435965 0.8783933044264636
3.2060130415276875 152.33333333333334 0.972396938175852 0.8762940824977781
3.205150398516962 154.33333333333334 0.9755113588579141 0.8672580641586026
3.220708338237461 158.33333333333334 0.9840137167203243 0.8090886967836207
3.2212785267203796 155.66666666666666 0.9845012858372972 0.8079141510997814
3.227018938166708 153.66666666666666 0.990629480521303 0.7709509518317134
3.2203364817059676 149.66666666666666 0.9928272777706345 0.7882400243771883
3.2120482511140604 152.33333333333334 0.9938568989034139 0.7947780033419954
3.2052076970253656 149.0 0.9944941417240518 0.7944263848866014
3.2005191259544956 154.66666666666666 0.9950445122388191 0.7821649532137762
3.200935475185207 155.66666666666666 0.9953845184930571 0.7825249127532914
3.1840170613471033 152.66666666666666 0.9949395127648962 0.7970821897247055
3.1727177479883744 150.66666666666666 0.9943721987329186 0.8183353382252379
3.1610401965721735 159.0 0.9935135383372473 0.842957212155296
3.1404458433752658 156.33333333333334 0.9912782940626874 0.889998208409346
3.131946276026865 153.0 0.9884863852017871 0.923580996165694
3.1347491889805417 154.33333333333334 0.9836670681237881 0.9650364340744378
3.1441162685807353 155.66666666666666 0.9791713871960234 0.9882799128854737
3.1651825799952156 149.66666666666666 0.9728370121731706 0.9994345037318637
3.1951491315854694 151.0 0.9664254967967433 0.9935315928633887
3.2213432604482115 141.33333333333334 0.961342792353534 0.9801304589745973
3.2517116265279316 138.0 0.9555589406230999 0.9598584912942695
3.290800054390263 138.66666666666666 0.9473647828165781 0.9218065348167617
3.324485185461307 138.66666666666666 0.9400138064695134 0.8788070743400622
3.364283599554221 112.33333333333333 0.9323398377018252 0.8357075217858855
3.3985992215203016 137.33333333333334 0.9258152637694078 0.8031827308732511
3.4020503525152592 132.0 0.9250041531282477 0.8000119533326056
3.4371755100866235 113.66666666666667 0.9136070226435239 0.7601779597555575
3.439705347560025 132.33333333333334 0.9118903248242904 0.7816756975471236
3.4377784914849974 115.66666666666667 0.9098609135682821 0.80402546817002
3.4315288066789242 137.66666666666666 0.9083764654352282 0.8218030419018494
3.4302528732957844 134.0 0.9080338642911342 0.8262595005813407
3.428122308805698 132.66666666666666 0.9058895616244471 0.8628801929456585
3.4406317599105605 146.66666666666666 0.9039999948686173 0.8850866400961305
3.445039410570946 139.0 0.9032822996534322 0.8899168797609053
3.4572812179113543 114.66666666666667 0.9007353266862406 0.8967302124876233
3.466425915262573 133.33333333333334 0.8966086151647643 0.8940611538074552
3.4656518010405084 139.0 0.895534521732646 0.8925859403844564
3.457824665599212 130.33333333333334 0.8942716799055388 0.8921937392271587
3.438046322493288 139.33333333333334 0.8920756712552035 0.8965440732408168
3.4203012840522264 132.0 0.890739107013985 0.8964564677595254
3.4011815421133607 139.66666666666666 0.8895001769831244 0.8918117917557753
3.3886490018285165 146.33333333333334 0.8882398627480573 0.8910436872431243
3.38315025043434 135.0 0.886414704607015 0.8840411292152551
3.399699294589134 140.33333333333334 0.9070066445807491 0.7398801294511487
3.3947377478126297 131.66666666666666 0.9069326688763184 0.7614669600048684
3.3902772364937253 138.66666666666666 0.9067470540198336 0.7819089071528785
3.3749905650267054 130.66666666666666 0.9083729127072827 0.8154726207450635
3.3597790737365574 140.66666666666666 0.9091958650382725 0.8330268608878146
3.3581129200822613 143.0 0.9091524140811655 0.8341559298143781
3.3516960649917844 143.0 0.9086850027071193 0.8393020778734932
3.350801415272899 138.0 0.9084610984819524 0.8393607327215534
3.339871773272038 143.33333333333334 0.9061379253493173 0.8539550591564157
3.3284341142356046 145.0 0.9031550750046144 0.8681465333561313
3.3076759706793424 130.66666666666666 0.8974304213017142 0.8898220151369439
3.290740372096388 140.0 0.8918553210749985 0.9097107200661665
3.287772106817305 145.0 0.8908153769356972 0.9137048845738582
3.2756365542164794 141.0 0.8863955267345298 0.9262671130485622
3.2694786777351634 141.0 0.884054246562892 0.9321233491539404
