2.3285763640753814 85.0 0.9992337257931042 0.9997611068943878
2.3284604389500463 175.0 0.9992054131752965 0.999737362127814
2.328757991773459 176.0 0.9992305223616631 0.99974599253789
2.328581348174299 178.33333333333334 0.999202699639082 0.999812033963695
2.330590128407146 175.66666666666666 0.999184383227609 0.9993022203316713
2.330359079729879 178.33333333333334 0.9991717380866105 0.9990862301955895
2.329547981832294 177.33333333333334 0.9991601324602164 0.9992096731251972
2.3300236773632674 177.66666666666666 0.9991634479741809 0.9992383502767302
2.3313799628631138 178.66666666666666 0.9991542880409657 0.9990577919129298
2.3318391324409866 181.33333333333334 0.999149107980961 0.9991378365338002
2.3319160947719992 181.0 0.9991471270826051 0.9992309192933068
2.3332272669149496 176.0 0.999169257725064 0.9992414120610386
2.333951083999348 179.66666666666666 0.9991651379785494 0.9990081036940105
2.332207994104079 176.66666666666666 0.9991548113327294 0.9993459636621553
2.3321721184945634 178.66666666666666 0.9991361934172968 0.9991951083487712
2.332666019856879 177.66666666666666 0.9991109163666314 0.9992015999567124
2.331681596912743 174.66666666666666 0.9990580533922154 0.9993775748594179
2.331867391601193 176.0 0.9990159272186904 0.9992649735314004
2.3336433677915953 176.66666666666666 0.9988589256419008 0.9989181047603412
2.3339871618270016 178.0 0.9988444958953024 0.9987919178369155
2.336039978406017 178.66666666666666 0.9986971450912401 0.9985959963690397
2.3364311743818864 176.66666666666666 0.9984822534068877 0.9993352151532106
2.3361617482925836 176.0 0.9981300289054578 0.9995345674659848
2.334587930449118 178.0 0.9976381748463301 0.9996469971624092
2.3368961418077268 176.33333333333334 0.9969288362990352 0.999306313215375
2.34031958691475 181.0 0.9961442616640256 0.9988647961679491
2.341436909525273 180.66666666666666 0.9952205148414276 0.9974983374944668
2.34686404429878 171.66666666666666 0.9935146853446479 0.9939443965591268
2.352497275443522 173.33333333333334 0.9922449310207326 0.9908676246327376
2.3582819878061176 175.0 0.9909934516861839 0.9891167722772403
2.365723532553523 176.33333333333334 0.9892983644769395 0.9871534875478872
2.369702876585944 178.33333333333334 0.9873818062805144 0.9824903711161108
2.373028824832521 178.0 0.9858452361610982 0.9799089476006253
2.3784056444635016 179.66666666666666 0.9839788695950843 0.9778624057242459
2.3842232564371537 172.33333333333334 0.9819261439188591 0.9767306504577882
2.3937253754412695 172.33333333333334 0.9790133049524595 0.9747526623733767
2.401112602350229 177.0 0.9767851147211746 0.9737602191407314
2.4102251632247835 175.33333333333334 0.9739975718161552 0.9727359329011261
2.4195642500807946 172.66666666666666 0.9719441403592666 0.9739353630543115
2.4352553396625978 174.66666666666666 0.9694135931444531 0.9767318179525193
2.44823521322834 172.0 0.9682253891281041 0.9803069534564479
2.4623161550151433 173.66666666666666 0.9671001966746409 0.9854298117484063
2.4700058418164073 174.66666666666666 0.9669360975198663 0.987063125134467
2.4785930487732966 173.33333333333334 0.9669242791160116 0.9878166640983185
2.4850806947175417 172.33333333333334 0.9669551285523665 0.9880889551573044
2.487727171441549 175.0 0.9668393588326585 0.9880526466197895
2.4884230680756527 174.66666666666666 0.9669432775592343 0.987147229462066
2.4878359470773646 172.0 0.9672616582088446 0.983613877710899
2.4841997759787016 170.0 0.9674266064449115 0.9823942981653851
2.4826609086321536 175.66666666666666 0.9677843584980869 0.9799189978541574
2.4831024518108067 174.33333333333334 0.9678226865203992 0.9763681472553525
2.4826766357208156 169.33333333333334 0.9678204956973895 0.9732971115906551
2.481635923265814 174.66666666666666 0.9676456374899807 0.9704057154263996
2.481794456197782 174.66666666666666 0.9671852495903186 0.96777968906685
2.4834811522770455 173.66666666666666 0.9667667074081595 0.9666823480561795
2.487907265565643 174.66666666666666 0.9664820856673211 0.9669551839756915
2.4909122153252876 173.66666666666666 0.9661366947907504 0.9713646576054478
2.4951321367826313 172.33333333333334 0.9653489454966003 0.9716829730391688
2.4972533285738696 171.33333333333334 0.9641946081292467 0.9746063069714802
2.5003017781693897 170.66666666666666 0.9630663823239588 0.9752106017390564
2.503947333036166 173.0 0.9614579350139624 0.9761252424922321
2.510052916690658 169.33333333333334 0.9590897394328014 0.9747534325709044
2.516734405882787 174.0 0.9568501848315235 0.9728726518601316
2.5237244421557636 169.66666666666666 0.9542979645309736 0.9716100374132469
2.5317350338106532 169.66666666666666 0.9505574693567937 0.9732056764694396
2.5372174409660215 172.33333333333334 0.9468673145369957 0.9775306528880857
2.544872506152471 171.33333333333334 0.9422242423952856 0.9726428988772676
2.550707186543023 165.0 0.9373281715697863 0.9654979819267454
2.5547647483332576 166.33333333333334 0.933498756734262 0.9587202441743687
2.56115573780123 170.66666666666666 0.929172191125199 0.9464798036503769
2.5667227611881467 166.66666666666666 0.926271369669472 0.9379264354623155
2.5727718400918564 169.33333333333334 0.9231042493151336 0.9320856551623521
2.58280688729516 168.0 0.920115291619179 0.9224526026346537
2.584065450467046 166.33333333333334 0.9197509072841571 0.9215487981907158
2.6031099683665606 164.33333333333334 0.9135210487310119 0.9074957198134803
2.6111320194365337 166.0 0.911150778874004 0.902824567776915
2.6251305799686864 164.0 0.9073269922745427 0.901319647978474
2.637910971432782 161.33333333333334 0.9036015498168397 0.8976402814532226
2.649727841460708 161.66666666666666 0.9004206229706319 0.8943342401246706
2.670422765918397 160.0 0.8947809342982658 0.8866077571718661
2.672373831338217 163.33333333333334 0.8948787431876275 0.8860541329149936
2.702401830551041 161.33333333333334 0.8846901400910965 0.8698113919523979
2.7178885116138227 160.0 0.8788380110668428 0.8553863187045754
2.726950446177532 156.0 0.8741379853783666 0.8473933157894433
2.735379396279572 160.0 0.869432314913005 0.8504467715571842
2.7445098192240898 157.66666666666666 0.8649792280906698 0.8590358167393847
2.7482090060508537 153.33333333333334 0.8616018020030474 0.8651752464599417
2.7534117190746143 153.66666666666666 0.8581433652285142 0.8716546975604558
2.762421962526622 156.0 0.8518686020297815 0.8839125124188051
2.766481650263374 155.66666666666666 0.8492844364826535 0.8908668763510315
2.7721549589107704 159.33333333333334 0.8455545113335868 0.9046581082664662
2.7794700653896607 159.33333333333334 0.8403816662923315 0.922143623292477
2.787773374067228 157.66666666666666 0.8354145140499196 0.9314894841854378
2.7988017493357558 156.33333333333334 0.8301014895561372 0.9357042987311703
2.808866928874204 152.0 0.8253942573656198 0.9364464639874464
2.8229599201671602 154.33333333333334 0.8199151639027343 0.9408270337169771
2.8334873366152005 152.33333333333334 0.8158054815490653 0.9419929684972493
2.845618841579701 156.33333333333334 0.8113201154335594 0.942477972222585
2.8579218102497146 152.33333333333334 0.8080017383768071 0.9424700883374337
2.869506493585974 152.0 0.8063671076823931 0.941376102160994
2.886328068869067 150.66666666666666 0.8021584156074211 0.9380460262047767
2.9013280035437408 155.33333333333334 0.7991687480407809 0.9314546740006358
2.9140075803292813 154.66666666666666 0.7971025634337481 0.9273583279912232
2.9323586794394583 153.66666666666666 0.7947681085176546 0.9281266500083812
2.951621378102913 151.0 0.7909842059343725 0.9246462401416718
2.95367451912096 151.0 0.7905778680807072 0.9243657449899605
2.985164237600849 148.66666666666666 0.7862150258751037 0.9264182207885727
3.002282900187158 149.0 0.7819933949749707 0.9283579313147349
3.0158657968546296 138.0 0.7781475809385481 0.9263133030568506
3.02517520134633 149.0 0.7744148224985078 0.9238034321794466
3.036368311833017 146.0 0.7697471149789676 0.9242919833152432
3.0447044333025564 147.0 0.7656034371614259 0.9245472224659431
3.05162271172656 143.0 0.7615405493490985 0.9281254266258051
3.057366168351331 134.66666666666666 0.7579214032330014 0.9322856408964263
3.0649974914086884 143.33333333333334 0.7536214314017687 0.9396128335609971
3.077178439536037 140.33333333333334 0.7485431574653082 0.945284471546829
3.090869232703118 134.0 0.7458352692542295 0.9491895512769346
3.1038890098774385 138.0 0.7403946258819016 0.953645766584441
3.1163414858723715 135.0 0.7361991593351789 0.9573208849493847
3.1269968117387243 135.0 0.7329500867194407 0.9613783172894739
3.145524038350694 134.66666666666666 0.7289708674899206 0.9604849252067635
3.147274955558293 136.66666666666666 0.7285451963081541 0.9598106342279307
3.1714436304967477 143.33333333333334 0.7236000837842959 0.9633680383521717
3.184872423603299 118.33333333333333 0.7207735248510796 0.9621324666595235
3.1970833902925295 146.33333333333334 0.7180206227155934 0.9605905443995046
3.2092421926584866 134.66666666666666 0.7156024704257261 0.9578229316166538
3.2247534119940795 142.33333333333334 0.7129191344141103 0.9534463301630374
3.2391320840472244 115.66666666666667 0.7103597034715924 0.9480590887414645
3.2608152812223388 115.33333333333333 0.7065495481764077 0.9404854220704341
3.2794521239749135 116.33333333333333 0.7037686707417579 0.935313474867231
3.2957327132811085 134.66666666666666 0.700881366931588 0.929598835688674
3.312489321752119 114.33333333333333 0.6997816513318246 0.9300109043575142
3.3321332191912614 141.66666666666666 0.6973035563940444 0.9392701130454146
3.3451858793617144 134.0 0.6957702009804594 0.9432290255916203
3.3562908771338753 113.0 0.6937681512556836 0.9500948447934775
3.3659257722506326 116.33333333333333 0.691289163195025 0.9530803826720073
3.3718094366360845 134.0 0.6895232707538962 0.9522705215825877
3.381038889711341 112.66666666666667 0.6872537612514453 0.9554294068013353
3.3890953590459936 116.33333333333333 0.6855570798412489 0.9591839858155
3.3964183465658224 131.0 0.6839816990668631 0.9652208116688726
3.404623828583347 131.66666666666666 0.682099019880242 0.972132287047221
3.4107841165306776 138.66666666666666 0.6803172201004644 0.9765984391500769
3.417185377718791 131.66666666666666 0.6782293613285293 0.9798698319874456
3.4266080912225934 113.66666666666667 0.6759034459250534 0.985521016194864
3.439065791027609 131.66666666666666 0.6734461656251309 0.9885130435981493
3.447441318234461 111.66666666666667 0.671672651027468 0.9895304115385539
3.461178976253629 132.66666666666666 0.6689556888032144 0.9915998377676056
3.479237039275258 140.66666666666666 0.6650596202603343 0.9944175612281964
3.4814261564099365 111.33333333333333 0.6631094501212785 0.9944801333610653
3.483489152204067 128.33333333333334 0.6602477002079494 0.9936278187854828
3.4849247101459633 139.33333333333334 0.6598108364395078 0.9933254757448352
3.4921250830765977 128.66666666666666 0.6589297717491694 0.9929908078157018
3.4996025469225414 135.66666666666666 0.6580464994693035 0.9927486057395355
3.5046526885112934 136.66666666666666 0.6570580094638604 0.991402840959274
3.510677002596365 110.66666666666667 0.6558208179076473 0.9894505893664538
3.5114013704982274 109.0 0.655696002635753 0.9892170520927477
3.5263421787264164 136.33333333333334 0.6545703606440929 0.986015827291342
3.5357272414696763 129.0 0.6540623231061975 0.985114843716661
3.5458474862591522 132.33333333333334 0.6531141477193628 0.9866989172664232
3.556777541316283 137.0 0.6514059901134279 0.9848350034234444
3.5672763264227587 129.33333333333334 0.6501440202773473 0.9850905042699077
3.5801379862986034 130.0 0.6488210953673955 0.9844860757586862
3.590655300228259 130.0 0.6477393995580546 0.9851516511314624
3.6016414385019777 110.33333333333333 0.6467231044816204 0.985938602512303
3.611531356074726 111.66666666666667 0.6465407418373456 0.9872250331179796
3.617996486130947 130.0 0.6438445503098308 0.9873902626433538
3.624522741335807 128.33333333333334 0.6410695212102491 0.98725907943433
3.6312251482832183 112.33333333333333 0.6397313269746825 0.9858244767507405
3.6340111237250263 130.0 0.6395092044393182 0.9839908532256169
3.643704477158235 137.33333333333334 0.639756250613105 0.9800497610786678
3.649303507883134 109.33333333333333 0.6398850826090599 0.9797116967870193
3.6524678856041586 111.0 0.6403425108789155 0.980859333508577
3.6540656541122503 137.33333333333334 0.6412055383405836 0.981770167457191
3.654218550085553 111.66666666666667 0.641549370063126 0.9812137054675967
3.651505567541038 109.66666666666667 0.6422295344341379 0.9823413175875096
3.6459130540790565 126.66666666666667 0.642942354090294 0.9800349882444539
3.6407651544507 128.0 0.6438787097639193 0.9799544326373019
3.639809148864871 134.33333333333334 0.6440630088740641 0.9802910560690912
3.6172822278371775 135.33333333333334 0.6478801493020855 0.9790607962518342
3.6070445414858066 127.66666666666667 0.6494186208879271 0.978811447418267
3.596506487136762 125.66666666666667 0.6508902776890617 0.9766775368435836
3.5815024539591342 107.0 0.6534808359124382 0.9765524889500391
3.562455612408966 137.0 0.6566125384985029 0.9759312811432502
3.5385109655538165 139.33333333333334 0.6600864771018389 0.9735111505275571
3.5165127918735197 142.0 0.6632808911912735 0.9681995865734715
3.484758967386894 139.0 0.66839307087999 0.9681321331482076
3.4543712582906227 130.66666666666666 0.6747433924590637 0.9784816096313973
3.433271029162939 143.33333333333334 0.6801945263079747 0.9785086230446695
3.4152479952343504 112.33333333333333 0.6842282668420417 0.9800408552624977
3.3881896360435277 113.66666666666667 0.6896546585547856 0.9790140846042792
3.3627944351266223 140.66666666666666 0.6952873370449695 0.9796080247802899
3.3351420361435085 118.33333333333333 0.7027261013998745 0.9799558216681584
3.3155579884422015 117.0 0.7092076507616425 0.9793933557081783
3.296367167233723 117.0 0.7162200464329522 0.9806186702292383
3.2784651869578005 118.66666666666667 0.7234736233903085 0.9786910860385263
3.2505275175935426 141.33333333333334 0.7339709257050228 0.9763558959125986
3.2298009098608356 117.0 0.7411873608781335 0.9752290112904819
3.2045366585922355 116.33333333333333 0.7506916942406103 0.9680739501267287
3.1839213225790153 135.33333333333334 0.7590719176554482 0.9600400881316399
3.1575997324311453 134.66666666666666 0.7683047215598671 0.9584699701138292
3.139940558732758 145.33333333333334 0.7744289608126527 0.9575924932826049
3.1158466492580046 142.66666666666666 0.78251347396812 0.958333194803089
3.088173116383805 140.0 0.7911330928841332 0.9571264624799233
3.0649622187791925 151.66666666666666 0.7979517258196975 0.957419708837745
3.036532164012649 150.66666666666666 0.8063163611726608 0.9568751039854553
3.0017518158177667 155.33333333333334 0.8164471392726986 0.9590453328052242
2.9730619614191895 156.33333333333334 0.8254835501448202 0.9622943216743909
2.9341836796899825 149.0 0.8357303620310198 0.9662423065406849
2.911589780551324 154.0 0.8420914060523498 0.9662518299107751
2.8506577994947917 156.0 0.860802073860192 0.9717202646088943
2.847898127339763 156.0 0.8618305720281826 0.9716278994496389
2.8314570026690933 156.0 0.8681841614348403 0.9707039689426059
2.815608855247371 157.33333333333334 0.8740233133277621 0.9716565234002994
2.8023866940303117 159.66666666666666 0.8794759567157467 0.9727093478452308
2.7718169926598715 162.66666666666666 0.8935790052164282 0.9759651576623611
2.757410074409883 164.66666666666666 0.9034411233927419 0.976760404644399
2.7490447861692577 165.0 0.9107893787504786 0.9754844077590276
2.7423387352803266 162.66666666666666 0.9174662813022233 0.9753983175213111
2.729655227541857 164.0 0.9268865781327944 0.975971323929165
2.7190775850293454 166.0 0.9338157860344962 0.9773587257007258
2.7090796353258826 165.33333333333334 0.9405405380250875 0.9769458134451271
2.701819232813936 167.0 0.9455080331712341 0.9775805944448714
2.692282582186775 164.33333333333334 0.9510401823594247 0.9767017081643429
2.679922143441944 163.33333333333334 0.9563402946292352 0.9785940766484958
2.66677573808614 168.0 0.9612227739146236 0.9769774392737872
2.647049643399734 167.0 0.9664240185733904 0.9786176056217842
2.632802158269841 166.33333333333334 0.9701554436820158 0.9771017111105109
2.613849057531628 172.33333333333334 0.9741410990859486 0.9772049138318321
2.5951905452543556 171.66666666666666 0.9776143449599959 0.9774798369908823
2.58101343761217 173.0 0.9807535677775223 0.9773919552508411
2.569883160128344 174.0 0.9837530238570346 0.9802297998652169
2.565061635914686 169.66666666666666 0.9860251894644123 0.9841664312031378
2.5616609749064674 172.33333333333334 0.9880620738519216 0.9858995608624579
2.557176350112608 173.66666666666666 0.9897246404126975 0.9860856206722509
2.5537013457661732 169.33333333333334 0.9909424853915371 0.9854961726375704
2.5487289675587244 173.33333333333334 0.9924489819456926 0.9826846554752294
2.5461103523296837 172.66666666666666 0.9932771755364085 0.9803447957762842
2.5458527656433523 176.33333333333334 0.9938976366935263 0.9780186179694652
2.547628101680956 175.0 0.9951485900591475 0.9714384177858986
2.5513749747171284 170.66666666666666 0.9955153505470161 0.9683814339565371
2.5562250253056464 171.66666666666666 0.9955484321246189 0.9664006290546499
2.5687063651106428 174.33333333333334 0.9950022772873192 0.9788190139926505
2.5690340341213336 167.0 0.994520761477611 0.9821506582576942
2.568969118914754 174.33333333333334 0.9944374245156842 0.9826450624030485
2.5685732621238038 172.66666666666666 0.9942682163534874 0.9834843803019983
2.568077307774788 173.0 0.9939815928263306 0.9845696048833258
2.563406192662743 176.66666666666666 0.9924515453825195 0.9880011279280431
2.5604678968979115 170.66666666666666 0.9910098641791838 0.9898617802061023
2.556784549150666 172.33333333333334 0.9891952216100414 0.9901921564044249
2.550093156224028 168.0 0.9870699326467718 0.9921768713565741
2.547205003566545 168.66666666666666 0.9851934351990005 0.993509183734643
2.5454904727041523 166.0 0.9816437318937794 0.9931329879448275
2.5472946208072487 170.0 0.9784673930288192 0.9901936993003313
2.5478100305734794 168.33333333333334 0.9781595026261067 0.9902370457869512
2.554091179622578 165.33333333333334 0.9720937140760956 0.9858363193540443
2.555110765707455 166.66666666666666 0.9713909973726909 0.985109115868289
2.5584758324120447 166.66666666666666 0.9693249976351273 0.985210988298672
2.5656021165291496 166.33333333333334 0.9658050578952587 0.982396073366633
2.5759155257062663 171.33333333333334 0.9625170893332261 0.9814892834194809
2.586543672395099 167.66666666666666 0.9596234346536487 0.9812356929359817
2.598543856632554 161.33333333333334 0.9564191050922474 0.9829737296938891
2.611639250652447 164.66666666666666 0.9528816949651019 0.9843819437980474
2.6282314715470294 164.0 0.9488479192323366 0.9815542007706914
2.6435201639530095 155.33333333333334 0.9447482559701837 0.9789234487149715
2.6552049742437274 162.0 0.9406534072744934 0.979352062135916
2.6719253294588587 160.66666666666666 0.9366397994562036 0.9747466784027009
2.68882009325697 161.66666666666666 0.9321500616688068 0.9711749480516587
2.710438493634113 160.33333333333334 0.9261417900287798 0.963773597211404
2.7288296476828515 155.0 0.9213934064942064 0.9549087724163828
2.74440667115202 156.33333333333334 0.9161586588603737 0.9469512659982878
2.7650329472490163 151.0 0.9096957857874723 0.9326556707838589
2.785302393253074 153.33333333333334 0.9014451410234015 0.9197605009075872
2.796864223657594 153.66666666666666 0.8958537180748578 0.9213608473514651
2.809850085003694 154.66666666666666 0.8900021077282683 0.919728184349173
2.8227135716105036 148.33333333333334 0.8844924537958007 0.9153332476444453
2.834163104172456 146.0 0.8798761670350084 0.9090009149937024
2.854711196175069 155.33333333333334 0.8743882920786928 0.9058722771489272
2.8714100330350245 154.33333333333334 0.8706024313436216 0.9002052837593933
2.8918672519247943 152.0 0.8657498204668823 0.8997718056348192
2.9098605028416906 143.33333333333334 0.8622748869931376 0.8955584351484328
2.946577412973083 143.66666666666666 0.8560513207636091 0.8855710670116888
2.9707568047254433 140.0 0.8521717382397337 0.8799078955043061
3.0073897566372634 143.66666666666666 0.8466844554619166 0.8767451609685986
3.0332977429087893 133.33333333333334 0.8426049085820337 0.879168899988144
3.0595943182822705 137.33333333333334 0.8385788523395711 0.87965755932657
3.0940470641407103 130.66666666666666 0.8334589942185593 0.884158250715491
3.1189009916427044 136.33333333333334 0.8302356111961338 0.8855585424937297
3.1456361011828236 131.66666666666666 0.8266984806018834 0.8801021752573162
3.1773796271081856 132.66666666666666 0.8218820085146454 0.8720370322332599
3.200364591131401 132.66666666666666 0.8178613592262892 0.8688999720894396
3.217140254684091 113.0 0.8142380520796498 0.8700833748266532
3.2359478026315616 114.66666666666667 0.8095387464290562 0.8655614694220893
3.2554466718149735 113.66666666666667 0.8038701922410973 0.860949875599612
3.273531207419849 139.0 0.7982288761771951 0.8549231268617071
3.2886057227919814 112.66666666666667 0.7931781127163451 0.8527258305890928
3.308225670663481 112.33333333333333 0.7862417978694012 0.857111435506834
3.310164120546895 138.0 0.7855566131577275 0.8576101968205978
3.33672143752285 110.33333333333333 0.7756926572128097 0.8637528204630793
3.3479789003807543 131.0 0.7715947666134045 0.8656362021500702
3.3603903323453332 127.66666666666667 0.7680412872471383 0.8673406628133103
3.3775359266381852 113.0 0.7641885326009024 0.8635581960623061
3.3870042192000795 108.33333333333333 0.7612640620654856 0.8660379102542682
3.3957737870827445 111.0 0.7584773373413704 0.8736435237655511
3.4114121902285546 111.0 0.7552350713468379 0.8821334963814661
3.426239451140703 135.33333333333334 0.7524933122803795 0.8889913781443679
3.4291662272769874 129.66666666666666 0.751310010159782 0.9132097421801862
3.4389275432708004 129.0 0.7494392101046187 0.9248022130812031
3.4478569935080787 111.33333333333333 0.7474589017800297 0.9227342563960621
3.4449860712108165 139.66666666666666 0.7463141484190889 0.9338616984531117
3.444703993741361 125.66666666666667 0.7431552392775875 0.9295587844537512
3.4431355617831696 128.0 0.7399581375613431 0.9261213677486256
3.4428918250012415 129.66666666666666 0.7386349453535399 0.9303294667638894
3.4448469617355153 130.66666666666666 0.7353218444077072 0.9255283513690399
3.453694052366492 109.0 0.7293876838990881 0.9197001565287068
3.458549958335102 106.66666666666667 0.7256228827936102 0.9155618621885069
3.4643789068585593 107.33333333333333 0.722751031968313 0.9228264168069163
3.471653410297234 133.66666666666666 0.7200612798039121 0.9181424344502057
3.4804176031482945 126.0 0.7166444934475424 0.9304764364857917
3.492403837302438 127.0 0.7142758058832297 0.9410803515661119
3.5071956199157226 104.33333333333333 0.71149192698403 0.9476803992760009
3.529037096463586 106.0 0.7086468918138183 0.9639677833714361
3.5504985719841153 123.0 0.7052960936558296 0.968101049461288
3.5744823022695953 136.66666666666666 0.7020762589433286 0.9731157613676797
3.6040600208002207 106.33333333333333 0.6982354798598288 0.9773927471591118
3.627916696299224 105.66666666666667 0.6950266712436575 0.9763662556090718
3.658477124016005 130.0 0.6910449755890143 0.9811602710124702
3.6793016843346633 102.66666666666667 0.6880121392469798 0.979122331943046
3.7009377337013647 123.33333333333333 0.685066425936922 0.9769230308362822
3.712605513995805 102.0 0.6837243891976098 0.976804627091859
3.7210377637886 123.66666666666667 0.6823779437595269 0.9775314914954766
3.729337054700664 106.0 0.6808751021299863 0.9770893429609513
3.7399687075922454 103.66666666666667 0.6790474935276339 0.9748904347860752
3.75262305917083 101.33333333333333 0.6770534345791744 0.9757756632183672
3.7716072649139236 104.66666666666667 0.6756296189842769 0.9782706568905511
3.78840757141297 105.33333333333333 0.6746547898458727 0.9811897908806128
3.8107359881035063 107.66666666666667 0.6735077781775053 0.9847365878180157
3.8337316432777135 106.33333333333333 0.6721524927074235 0.9860692618846073
3.860841626153992 103.33333333333333 0.6695891117549484 0.9890464491429763
3.8883583664067234 101.0 0.6666081705829474 0.9871296031474238
3.911745575586161 104.0 0.6642934807679935 0.984983569396783
3.9246597046894895 102.0 0.6632562430824387 0.984290209991843
3.9435600554760057 123.0 0.6616419388410287 0.9830798315856445
3.9549305917346556 104.66666666666667 0.6605746629881912 0.9847246235478696
3.957343929476097 101.0 0.6602755263761257 0.98276975679514
3.971489257893451 130.33333333333334 0.6587719741864195 0.9822954373204567
3.976423495112534 103.33333333333333 0.6585212887094766 0.9832394494261445
3.9819941834451784 105.0 0.6585338177178522 0.9833294703238448
3.9830014148625947 104.66666666666667 0.6588827352608467 0.9851892794455556
3.9856118341703977 128.0 0.6584541906132274 0.985205672142463
3.9854342697772847 122.66666666666667 0.6595869056546066 0.98667471740478
3.98567481559286 103.33333333333333 0.6611285907353056 0.9862987813236593
3.9820160367593576 103.66666666666667 0.6628778896603031 0.9882850818994718
3.981492463552498 102.0 0.6630826490997402 0.9883578974323542
3.9700826811501377 104.33333333333333 0.6660316364483679 0.9890759083629435
3.9606134425729245 104.0 0.6685398759025147 0.9883198661837013
3.9596684110312967 122.33333333333333 0.6688383960294075 0.9882013781569556
3.9510628792573597 122.66666666666667 0.6709616435567202 0.9902660560270118
3.918837348214447 122.0 0.6759374703375922 0.9909168798404693
3.898737381672216 101.66666666666667 0.6782422763384444 0.9879373488444472
3.8702361118544295 103.0 0.6823188182978014 0.9878751746147862
3.8364528165845337 105.33333333333333 0.6879149363126558 0.9887857214033801
3.807469808613972 106.33333333333333 0.6929523317743644 0.9918338861016152
3.780416189868645 103.33333333333333 0.6970479746233884 0.9906743863600007
3.7413025654161784 105.66666666666667 0.7050799952666073 0.9904419404679088
3.711673790823285 126.0 0.709724519955305 0.9897016382798608
3.706667828387733 132.66666666666666 0.711414426804479 0.9894231644136309
3.6168862106732824 108.66666666666667 0.7282396359478026 0.9915741134481658
3.6133743754938488 134.33333333333334 0.7289043303920479 0.9915012900381124
3.585700834943196 127.66666666666667 0.7337140663932601 0.9935187593266346
3.562996491886553 126.0 0.737387631239799 0.9938649733310068
3.5267898238845277 136.0 0.7428768557594282 0.9956440717931494
3.5015888245948212 129.33333333333334 0.748306148120499 0.9965343054679269
3.4695465047258844 128.0 0.7537968623365415 0.9971523525132683
3.44429772528321 128.66666666666666 0.7574176604106995 0.997506999205975
3.4186240686215092 111.0 0.7605829970759327 0.9976438277610249
3.3911801975912814 131.0 0.7640632197878438 0.9978487472150719
3.3648235533428785 114.66666666666667 0.7688131314416806 0.9992167927731233
3.342333238102831 109.33333333333333 0.7730139823424381 0.9997185302115661
3.319297170769472 113.0 0.7779367037547383 0.9997306891823253
3.300441355878344 112.66666666666667 0.7821378281575454 0.9998811239897623
3.2802670118016746 113.66666666666667 0.7873197251435807 0.9998994341078649
3.2606596785323494 113.66666666666667 0.7928327159101797 0.9998346213002605
3.233817053005214 111.66666666666667 0.8002884251787873 0.9994772980113101
3.2306648596203242 113.66666666666667 0.8011836501234515 0.9994469460932511
3.2030269934192543 132.0 0.8098418568825128 0.9986698154807769
3.1729572697072435 134.33333333333334 0.8189464455124528 0.9978758643917445
3.1568814767132354 130.66666666666666 0.8245268810836429 0.9966757371253643
3.109597314098972 131.0 0.8395120737850941 0.993986533729253
3.092313633508768 141.33333333333334 0.8438062479978858 0.9926610232042946
3.067236212508109 147.33333333333334 0.8495656200072437 0.9923294049712297
3.0644127243792703 135.66666666666666 0.8502269528217877 0.9923523313380865
3.058248279199938 147.33333333333334 0.851635631073917 0.9923251304591763
3.0424269507733457 139.33333333333334 0.8552017347718756 0.993228761372441
2.992820072642994 146.66666666666666 0.8649520686846516 0.9951894394313597
2.9571199601053055 148.0 0.8712440677039165 0.9966317633736217
2.925404277262462 151.33333333333334 0.8769996000636714 0.997831911849
2.89944237740383 143.33333333333334 0.8819045354105008 0.9987654685246828
2.87675511313948 149.0 0.886831089705194 0.9991584768021634
2.873552471061744 152.33333333333334 0.8875897419040062 0.9992772692634608
2.848699601470945 151.0 0.8936112877372151 0.9997103832135787
2.82924044653673 152.33333333333334 0.8987197836781539 0.9995700839061215
2.808324443794696 156.0 0.9054121239578659 0.9987524047748922
2.777756319763824 157.0 0.91671274910956 0.9986012787371477
2.7654369536357812 158.33333333333334 0.9225555596102584 0.998847842317305
2.756382152437217 163.0 0.9274694564557419 0.9991359673777623
2.7494032261810255 157.0 0.9329241203420215 0.9993103657331618
2.748265476952279 158.33333333333334 0.9385403299652311 0.9987960778411812
2.745996441099438 161.66666666666666 0.9424401958108247 0.9980470391100155
2.7405200073493767 160.33333333333334 0.9469420024669297 0.9989097551906678
2.7335547149294683 159.0 0.9521159846325569 0.9994219692198336
2.7327214162566347 163.33333333333334 0.9526312760734599 0.9994296639480417
2.711419444982123 159.0 0.9605005521324651 0.999989295082416
2.6947507732845115 161.33333333333334 0.9638741679533417 0.9999350483672241
2.676050083299997 165.33333333333334 0.9666455272328245 0.9996992328034213
2.6554951786835903 164.66666666666666 0.969416495646748 0.999306163262207
2.6236856099344075 162.66666666666666 0.9731768596675311 0.9994046276033937
2.599594266234419 164.66666666666666 0.9764916549336566 0.9993822716389856
2.5841768308514537 162.66666666666666 0.9786075564340199 0.999678438836759
2.581335401409234 165.66666666666666 0.9793503395062845 0.9997581736361648
2.575466802390994 166.33333333333334 0.9799279606507743 0.9997155004219667
2.563912785547549 168.33333333333334 0.9816067171362185 0.9996544916717486
2.544193647736004 168.33333333333334 0.984065852590754 0.9996396123744691
2.5344343670801943 171.0 0.9853368273703543 0.9993803104625301
2.5250262586796333 172.33333333333334 0.9867159471440671 0.9992504569843523
2.514725181873393 172.33333333333334 0.9880754849020437 0.9990192565338872
2.5058774715798116 172.33333333333334 0.9894770135653947 0.9976501936512089
2.504896938790108 169.66666666666666 0.9897666373253022 0.9974645327515429
2.4950232570225808 172.33333333333334 0.9913199192781459 0.9950892531880193
2.4910635371757963 174.0 0.9918999107076768 0.9950304100402448
2.47452310840207 175.0 0.9933134705195011 0.9947520080688749
2.4661654653719376 174.66666666666666 0.9935895849122381 0.9969934167685577
2.4607485741006174 175.66666666666666 0.9937104982179965 0.9981054543469411
2.459023438092381 172.33333333333334 0.9937515005713331 0.9984148977720465
2.453543874635059 176.0 0.993871562114005 0.9996169038187804
2.449900245147803 176.0 0.9939303710338462 0.9997993235868904
2.4451248827933867 172.66666666666666 0.9940179503636731 0.9998525930852202
2.4421715173522642 172.66666666666666 0.9939281378425888 0.9995847655071054
2.437979396049964 174.33333333333334 0.9939756438944682 0.9996038683103688
2.433315106479018 178.66666666666666 0.9941108032131437 0.9997916895147783
2.4292679535875816 176.33333333333334 0.9942101427012577 0.9998767356542666
2.423150477197703 178.0 0.994363453882667 0.9998384478211175
2.4185204375130147 176.66666666666666 0.9944437393170955 0.9989938177363343
2.4158070656794752 174.0 0.9943860765694441 0.998498006964138
2.41166334935339 175.33333333333334 0.994336271681348 0.998425277049486
2.4097236136669413 171.66666666666666 0.9943868824200446 0.9981152901114901
2.409998453364352 178.66666666666666 0.9944711438274728 0.9979132154642607
2.409254760783874 175.33333333333334 0.9944407430643798 0.9974247220597053
2.4104247573455733 175.33333333333334 0.9943566679767604 0.9979887484647458
2.4142553021684794 173.66666666666666 0.9942138470298639 0.9984948105238286
2.4175371289848906 176.0 0.9941442021925179 0.999317874183394
2.419853545218324 171.66666666666666 0.9941455501400601 0.9994109817550337
2.421818741917679 176.33333333333334 0.9941305711556913 0.9991171382575482
2.4216298847183366 176.0 0.9940863389556543 0.9990670880403987
2.4213680208994988 180.0 0.9940790533979492 0.9992884760829766
2.4208547052889893 178.0 0.9940015748046346 0.9994290572610112
2.4195114945345457 176.33333333333334 0.9940124713456922 0.9994512626680617
2.4191003587508875 175.33333333333334 0.9939675828746863 0.9995035626335236
2.4199525096434673 177.0 0.9938809338417393 0.999351972816953
2.4214875831769844 178.33333333333334 0.9938357984976879 0.9989658307761567
2.4231106013361083 174.0 0.993829006593394 0.9982205382625705
2.4256000094471526 178.0 0.9938005499635759 0.9974661976276583
2.4275405926714635 172.33333333333334 0.9938324685370978 0.996515186834329
2.4293562386759535 173.66666666666666 0.9939318580751899 0.9954730205643819
2.429655952792392 172.33333333333334 0.9940865828641442 0.9957371232193191
2.4304416253131156 174.66666666666666 0.9942310998043352 0.9964193591417646
2.430602529866918 173.0 0.9942827100248918 0.9971642883719342
2.431648270051797 174.0 0.994319575699414 0.9964987210010298
2.434345231602404 174.66666666666666 0.9942821784865061 0.9964944773541153
2.4362954104765686 174.66666666666666 0.9942469188221763 0.9968557785015737
2.436906937787822 177.0 0.9942936504328085 0.9973443805971752
2.438048846482231 173.66666666666666 0.9943146464068042 0.9971316684194361
2.438660450084207 174.33333333333334 0.9942786541062116 0.997170002911984
2.4393424502716017 172.33333333333334 0.9942198277116505 0.9972907717378002
