2.5141152824536555 168.33333333333334 0.9946104926894942 0.9334810444780777
2.514669408044797 166.66666666666666 0.9945636150269982 0.930328774089066
2.5189914943376635 171.0 0.9942412535378141 0.9240662432430818
2.52159515699919 169.0 0.9940556291021343 0.9254841677798544
2.523901474918072 168.66666666666666 0.9938445031754023 0.9318187420421036
2.5192043945560036 168.33333333333334 0.9942757356634296 0.8971432547466646
2.5243121163918922 169.66666666666666 0.9939989983044372 0.9098116676481934
2.526275598744633 168.0 0.9939176774248122 0.9091367661199123
2.528622467068048 169.66666666666666 0.9938230789890765 0.9079417884110106
2.5367385399215463 169.66666666666666 0.9933395117416703 0.9125342701954774
2.5411283116471175 168.33333333333334 0.9930731214752582 0.9187596566278858
2.543951476546841 165.33333333333334 0.9929188734953526 0.9305213637000962
2.546711016049452 165.0 0.9927742063884627 0.9427211438333052
2.5456317639493373 168.66666666666666 0.9931737752219442 0.9417752180036243
2.542432057518066 167.0 0.9934085271349191 0.919579770452037
2.542981088524393 167.33333333333334 0.9934098608815982 0.9299046975337361
2.5426274235248734 169.66666666666666 0.9934305954737913 0.9331134582181184
2.5353202131020467 171.33333333333334 0.9937878005612977 0.9272135258103475
2.5325795370808755 168.0 0.9937704715375154 0.9279510984600976
2.5327752750358794 172.0 0.9935826601905494 0.9266839386298257
2.5307493960309193 170.0 0.9930638023288576 0.9111581729549918
2.5249776494111966 169.66666666666666 0.9928802363017388 0.9190888865316121
2.523985091700421 167.33333333333334 0.992869806185847 0.920640924130752
2.5184851664710917 164.66666666666666 0.9922004970151707 0.933758938965288
2.5175283429976094 168.66666666666666 0.9920880101181705 0.9342557752998452
2.5117949971656293 169.66666666666666 0.9913687978744494 0.9279087031772322
2.51054894191597 170.66666666666666 0.9911709964957203 0.9386172529582174
2.5070717494298735 173.33333333333334 0.9910846528741171 0.9479016055437884
2.5032277019762637 170.0 0.9913495581900637 0.9503531883289295
2.5000711357583394 169.66666666666666 0.9914125112271132 0.951040395037921
2.4993039270708413 172.33333333333334 0.9916117617784175 0.9601033149464949
2.498857269646165 170.0 0.9918877361397082 0.9654429962224185
2.499356754679711 170.0 0.991891261043951 0.9665157495801163
2.498707761385979 172.33333333333334 0.9917986946195615 0.967761691390207
2.496362105451968 172.33333333333334 0.9919460088337161 0.9636667293105968
2.4927918349682305 169.66666666666666 0.9919490077906417 0.9572476697745183
2.492005340509313 168.33333333333334 0.991781837105299 0.9521224823677175
2.493170425770027 172.0 0.9916838984838882 0.952938775142173
2.49525619235334 171.66666666666666 0.9915050887409436 0.9527207313071111
2.496698127269988 171.0 0.9913237791660705 0.9516340417909706
2.49688588432086 171.33333333333334 0.991282271163835 0.9518493105646354
2.4987143039749378 170.33333333333334 0.9909185643444508 0.9505921942397239
2.5005303461606054 168.0 0.9903632617721491 0.9504240129555386
2.5018129667317193 172.33333333333334 0.9901190384554002 0.9502895535066765
2.503035366664581 173.0 0.9902262017213267 0.9504266131902337
2.501756737828066 170.66666666666666 0.9906183785591937 0.9514415140312028
2.5010880337765 169.66666666666666 0.9907878099930781 0.9533653456178393
2.5005961300934434 163.33333333333334 0.9909135623748531 0.9555847324954856
2.500153420441683 170.0 0.9909493479947153 0.9590326589185038
2.499420496658597 170.0 0.9909660793763098 0.9633068575073958
2.4988476552081664 173.0 0.9909602082894102 0.9657891275198546
2.4994594185778523 170.0 0.990777571410207 0.9682805411898916
2.499514196903345 171.0 0.9909780637509986 0.9701508939750564
2.4986406820480758 173.66666666666666 0.9915587613468603 0.9768403132616399
2.5004153556318895 170.66666666666666 0.9915450533538274 0.9785651676697463
2.5012297449325094 169.66666666666666 0.9915360669282867 0.9793829610140578
2.5024171402874713 171.66666666666666 0.991505210127572 0.9801705179605578
2.5040506272094816 171.33333333333334 0.9914655926564433 0.9807758023077073
2.5043271721654263 171.66666666666666 0.9914549587112265 0.9808283796496666
2.5068209564980424 175.33333333333334 0.9913110595441061 0.9801955451383322
2.507118774376854 172.33333333333334 0.9912574432646003 0.9781868160258691
2.5069177235363056 170.0 0.9912695644824565 0.9749021723918626
2.5064794771779995 170.0 0.9912723294022637 0.9718468083506829
2.504964021326396 170.0 0.9913454609034235 0.9691416770654981
2.5015790656095334 171.0 0.9913789532914729 0.966049032606533
2.4976715491896093 170.0 0.9912142321980641 0.9591707335096128
2.494183927762111 172.33333333333334 0.9909288520827892 0.954523836710522
2.4907902076086534 170.0 0.9904247581545881 0.953127412364259
2.486934133926368 172.0 0.9894187920930723 0.950830764741911
2.4835353454885105 173.66666666666666 0.9876933123665177 0.9484183514503312
2.475167175771986 170.0 0.9856671781998096 0.9302879443192129
2.4666896890958467 170.0 0.9835210205536689 0.9265195956916327
2.464579964111486 171.66666666666666 0.982185459632927 0.9352864466073869
2.4632673653900534 164.0 0.9795599578358904 0.9446469451442875
2.462763234374704 173.0 0.9792767952266992 0.9450866563457613
2.4480366249551784 173.33333333333334 0.9758497205578389 0.9583490543969627
2.435017414827151 170.66666666666666 0.9744842599316408 0.9646485003632194
2.4245990283537187 170.66666666666666 0.9734217654598851 0.9709225606624757
2.411893521776268 175.0 0.9718055788983503 0.9873179719311624
2.4114680231727252 169.33333333333334 0.9726029122266207 0.9899064720832875
2.4116612528982633 174.33333333333334 0.9731665027121172 0.991123063881407
2.4118907294582423 174.33333333333334 0.973349111418806 0.9910057855714658
2.415563048987077 171.33333333333334 0.9748776830669111 0.9904038089401451
2.4178165113256758 173.0 0.977311257040301 0.9866311325549739
2.4177227670507992 173.0 0.9791840140621138 0.9838448735463933
2.417232976344665 173.0 0.9797256303634401 0.9832731841857759
2.4167321190392532 175.0 0.9805009099259764 0.9818533411273923
2.408954058596695 169.66666666666666 0.9860975217626846 0.9274482074044822
2.409048564893506 172.0 0.9861251300660406 0.9265120523119773
2.409112557778858 169.66666666666666 0.9861512791953374 0.9269868614844791
2.4116644495499413 174.33333333333334 0.9864331602877243 0.9305094643194124
2.413669398853588 173.0 0.9869183930343961 0.9317063442039791
2.4137544007482137 174.33333333333334 0.9868014188288716 0.9333985850601754
2.4067151879339574 176.0 0.9880260729116521 0.9514048637684827
2.403286169446925 175.33333333333334 0.9884870896343192 0.9593646428696189
2.401155525901044 171.66666666666666 0.9888372412379204 0.9646568452043474
2.3731881635679732 175.33333333333334 0.9928065075129539 0.9860955148141686
2.371667254902872 173.33333333333334 0.9933560539398141 0.9883689736366185
2.3710631626487726 173.33333333333334 0.9935561495589885 0.9892860876112396
2.36989092375735 173.33333333333334 0.9939001511960739 0.9914054790070078
2.3683212134193674 176.0 0.9940146431641094 0.9907189734942763
2.3679578865309265 177.66666666666666 0.9940080397208305 0.9903562348263225
2.367973295687739 175.33333333333334 0.9938600197338276 0.9900606578598674
2.36739259770076 173.33333333333334 0.9940150994330281 0.9896754430595371
2.3668510977224098 177.0 0.9939899499185816 0.9894141865482966
2.355214938679658 175.33333333333334 0.9930689224514201 0.9922423862529549
2.3545262300591956 171.0 0.9927312688629416 0.9929211443126019
2.3546793349429294 175.33333333333334 0.9926896955836111 0.9928967283466346
2.356565075126384 174.66666666666666 0.9924498701138649 0.9938183339982127
2.3622247752778653 175.0 0.9922969297297435 0.9951857736594165
2.3679807223334906 175.33333333333334 0.9921618966888546 0.995835105530936
2.3694916641909547 174.0 0.9919564155535067 0.9960426494550575
2.371438954483426 173.33333333333334 0.991938636288197 0.9959203865408326
2.372410525648894 171.33333333333334 0.9918387655844615 0.995811929091726
2.373216379416091 169.66666666666666 0.9917158108815622 0.9956668047613035
2.374744542338581 176.0 0.9900012106739298 0.9965520503158315
2.370713430686284 172.33333333333334 0.9891502077342202 0.9956637868340108
2.3703660315195454 172.33333333333334 0.9888936010303258 0.9953649829111568
2.370279697901114 170.0 0.9887534691597906 0.9954071445569128
2.3721361925644113 174.33333333333334 0.9881500288523439 0.9967971060773161
2.3756360154419953 173.66666666666666 0.9877532732472885 0.9988248831838658
2.3787711110127043 166.33333333333334 0.9872343830105031 0.9997089255024245
2.379451979396514 174.66666666666666 0.9870450223070337 0.9997519015383861
2.380754959250005 173.0 0.986651026042339 0.9996559381691652
2.387222007007121 172.66666666666666 0.9851152950411646 0.9996283536853353
2.401299873996831 174.33333333333334 0.9828949449589595 0.9993702131328228
2.404698255895246 169.33333333333334 0.9824462697627995 0.9998121216904194
2.407268114271639 171.33333333333334 0.9820936346267455 0.9998411937029291
2.4082324838702607 171.0 0.9818372092391486 0.999902534483208
2.4120641233879083 167.33333333333334 0.9808322308433697 0.9999517504515084
2.414204268380441 168.33333333333334 0.9797870338138671 0.9999925477405858
2.416794435121387 171.0 0.9785709589954367 0.9999972916089458
2.4186805628966184 173.0 0.977957878185215 0.9999841833604475
2.434009743901589 172.66666666666666 0.9745380670614129 0.9998822259581169
2.4373896120750986 169.66666666666666 0.973200252083035 0.9999477733665867
2.4426764157967122 168.33333333333334 0.9713660662670978 0.9999624796887164
2.4448308065547937 172.66666666666666 0.970600113095993 0.9999998765219579
2.4463693732299894 165.66666666666666 0.9702106186539061 0.9999643641698329
2.4511725195295497 166.66666666666666 0.9678982257171982 0.9998819228994567
2.456428447147062 170.0 0.966139073239518 0.9999152888113413
2.4594515263264056 169.66666666666666 0.9646596707882367 0.9996213142567947
2.4632231582077213 170.33333333333334 0.962821633304239 0.9990906728856203
2.4700407894239484 166.33333333333334 0.9613019196742251 0.9984938562632996
2.4751769896225753 169.0 0.960086388919039 0.9979364468373065
2.4814069776146086 164.66666666666666 0.9584844955058407 0.9963899005360276
2.48751818666529 169.66666666666666 0.9571335748452205 0.9953205813949337
2.4941816502678145 166.0 0.9558735895730487 0.9938798331801327
2.4985780885259214 161.33333333333334 0.9548978394507933 0.9933337835332778
2.5033581347232605 165.0 0.9531293774439098 0.9913864779311956
2.5076540664061198 167.33333333333334 0.9518476078419441 0.9900119491343844
2.5128886859348194 165.66666666666666 0.9506552765150103 0.9904359368213591
2.5227723650401463 168.0 0.9486409561708448 0.9901398592353455
2.5293394734198182 162.0 0.9476368443241181 0.9910572111007594
2.53524717628033 167.66666666666666 0.9460979337236548 0.989324661570499
2.538893938640699 163.66666666666666 0.945339496811686 0.9898175363976686
2.5439988517789573 166.33333333333334 0.9446868783141676 0.989484462747391
2.5470159004942325 166.66666666666666 0.94418033614798 0.9901110870883106
2.551139130113739 163.33333333333334 0.9438139801634471 0.991490315642942
2.553241178649716 164.66666666666666 0.9427167334054497 0.9895794722305091
2.553480070450836 163.33333333333334 0.9418572591897254 0.9883477674716932
2.5542838648281174 165.0 0.9410680462829899 0.9871739410995065
2.5574541600867318 166.0 0.9400511508178031 0.9903770837177254
2.557716404225518 165.33333333333334 0.9399256927833947 0.9904129084859418
2.5593892978755997 167.0 0.9373943237212146 0.9868522983598532
2.5607503868481194 165.33333333333334 0.9365235392598324 0.985951660723256
2.562569906064224 165.33333333333334 0.9355018763306658 0.9841759258533846
2.5661016582558864 164.66666666666666 0.9347597120084696 0.9843546003912729
2.569906954717144 161.66666666666666 0.9339592297475126 0.9838378114731237
2.573382522943491 161.0 0.9330189557904554 0.9809663265495793
2.57471812964054 168.66666666666666 0.9322457977592298 0.9781137706996748
2.5739004304511215 160.33333333333334 0.931838688552407 0.9762534386764565
2.573652865529413 166.66666666666666 0.932006515867744 0.9777251959377979
2.575375515238639 166.33333333333334 0.9320937395856796 0.9775216857284015
2.5749088162193323 163.66666666666666 0.932180345373266 0.9790739117876808
2.575047440595402 166.33333333333334 0.9319565134938279 0.9790220361992561
2.5766443405714092 167.0 0.9316637580448692 0.9779887768857569
2.5763252284795986 162.66666666666666 0.9318342970021454 0.9779092031599246
2.576332184800675 164.0 0.9319063655005411 0.9784222943438965
2.576180425245272 163.33333333333334 0.9322799618911547 0.9799823384528429
2.5748778106798538 166.33333333333334 0.9327366984002191 0.9818524433977397
2.5718610981737746 164.66666666666666 0.9345399028238303 0.9838769729273966
2.5680667230753076 165.0 0.9358684418227569 0.9843386035173053
2.5606621669903196 167.33333333333334 0.938185999993262 0.986307693919088
2.5525873666475345 167.0 0.9408783179474696 0.9903859532410033
2.544078520962316 167.0 0.9431556745335545 0.9918129618707515
2.533543176802724 167.33333333333334 0.9456548516902961 0.9907705811836715
2.5238954443774704 168.0 0.9489997776705127 0.9920139040984972
2.516799364195205 165.0 0.951314901688156 0.9933525843724444
2.5031097192927105 167.66666666666666 0.9549916357805316 0.9943447351648061
2.4944549238158915 163.33333333333334 0.9575976698241291 0.9949851307249064
2.4936385845503657 161.0 0.9579496564792404 0.9948786961585692
2.4736079865656215 167.66666666666666 0.9644763541711873 0.9977139784405997
2.465610891890215 172.33333333333334 0.9669031137641684 0.9984267569010863
2.4552768014390964 164.0 0.9697940016649143 0.9993054358012529
2.439426437738489 171.0 0.9736624659751695 0.9997293119023539
2.4296866580570984 172.33333333333334 0.9763845800851296 0.9999246833933281
2.4191436666974826 168.66666666666666 0.979286080448478 0.9999106642956022
2.410116835916924 171.66666666666666 0.981532681607672 0.9996104054223182
2.4005561256830767 171.33333333333334 0.9839391035683153 0.9998306956551716
2.3913007381449893 172.66666666666666 0.986227851559616 0.9993896688545778
2.3859515090283634 173.33333333333334 0.9872711704755344 0.9992710023354298
2.383159283755587 178.33333333333334 0.988285644044417 0.9991146628227642
2.384768416570077 174.66666666666666 0.9896429675931875 0.9976702073802252
2.3814999605902445 176.66666666666666 0.9902816434266392 0.9974098399957235
2.3781211863573604 173.0 0.9905379444612279 0.9975647518238219
2.3754720542640952 172.0 0.990937390873759 0.9962637201311547
2.376204586465576 167.33333333333334 0.9909186399342982 0.9960923036653248
2.3845122807522348 173.0 0.9906482419375798 0.9945660734425277
2.3875635453360315 171.33333333333334 0.9903751152691185 0.993494693439726
2.388854702905652 171.66666666666666 0.9905361938000073 0.9928797346695775
2.402538201941652 175.33333333333334 0.9897454495676593 0.9881526444632359
2.4069067250486533 175.0 0.9891720765491571 0.9887298228600774
2.413332337216987 171.0 0.9884190032651553 0.9858347336340522
2.416742832033988 172.66666666666666 0.9876154223295868 0.984488802643934
2.42174297221751 171.66666666666666 0.9853690229535487 0.9797568965062444
2.421907708958982 171.66666666666666 0.9851963850830908 0.9791752550287123
2.4246949676755616 170.0 0.9842249242254175 0.9764982769904947
2.429954855772903 171.66666666666666 0.9827982156860056 0.9719467348101745
2.433118541347871 172.66666666666666 0.9812653031765033 0.9703288667409722
2.4338956686886926 173.33333333333334 0.9797824503234318 0.9714494065656429
2.435911929233258 170.0 0.9781197569553549 0.9706917745544429
2.4372148763713324 175.0 0.9766803039160739 0.9722787828628274
2.440488574730419 173.0 0.9740347422612211 0.9686638534782552
2.442371299337978 175.0 0.9718939879047558 0.9664637755171498
2.443227594582392 173.66666666666666 0.9696447652426559 0.9647966221079127
2.440215264809882 173.66666666666666 0.9674000992153843 0.9698603961351713
2.434187942808897 174.66666666666666 0.9654089982414288 0.9793295621047344
2.430600042913114 172.33333333333334 0.9639933484545639 0.9844686981993029
2.4271803363002133 172.33333333333334 0.9622463737140997 0.9879106669531521
2.426818889098001 174.33333333333334 0.9608132160066101 0.9871222292589765
2.426985817404774 173.66666666666666 0.9588703259522389 0.9860654163705256
2.4280207195012777 175.0 0.9565444014365221 0.984886994090774
2.428603012672577 174.66666666666666 0.954494998251154 0.9862094907061132
2.4270367951877585 172.66666666666666 0.95313450894685 0.9893460096992934
2.425365656209298 171.66666666666666 0.9513050934085364 0.9914429512609402
2.424743766515317 178.0 0.9494214042456492 0.9918035727410082
2.4229879880069083 172.33333333333334 0.9478972245057407 0.993995339726491
2.424096829954971 175.33333333333334 0.9458668284316213 0.9948906260326843
2.4268088356012103 174.0 0.9439854258996158 0.994535806170805
2.4339958943873587 173.33333333333334 0.9411614974105997 0.9938599762216473
2.439760290327375 171.33333333333334 0.939261854681748 0.9937647846111959
2.451650714147991 170.0 0.9359498376784284 0.9931983792672315
2.452713214355181 171.66666666666666 0.9356755534023478 0.9933390308348111
2.4697359446331486 174.0 0.9312280282706347 0.9947572147853981
2.4819956906580347 175.0 0.9285373838346592 0.9921281935594628
2.4942644145726294 171.66666666666666 0.9255328361113166 0.9928436472169726
2.5059199447267635 173.0 0.9226777215999462 0.9912129714232935
2.5135803881807557 172.33333333333334 0.9205255822353847 0.9914955103315248
2.4650083585571743 172.66666666666666 0.9197228108306371 0.9966171534214802
2.4617366810983925 170.33333333333334 0.9216053871440057 0.996338723902837
2.458018375674369 172.33333333333334 0.923555586212988 0.9966712853539519
2.45263433029344 172.33333333333334 0.9259909614583612 0.996907321436282
2.4494155383066536 173.33333333333334 0.9277978767444156 0.9966395616014433
2.4452255339006155 170.0 0.9304730818519309 0.996794214142169
2.4394427693855887 173.66666666666666 0.9332157870319941 0.997480325805681
2.4332748947565497 172.33333333333334 0.9357302169766074 0.9984443075279
2.4259178424331207 175.66666666666666 0.9386421183101421 0.998929177967935
2.4197492711418174 174.66666666666666 0.9415869120345027 0.9987486273764346
2.4135652752153853 176.33333333333334 0.9442705327452394 0.9984397681899104
2.409473968029997 171.0 0.946011963830191 0.9983213870546497
2.4053889281250216 172.33333333333334 0.9483237406272166 0.9986257110140955
2.4016613421872886 175.66666666666666 0.9506071106915022 0.9988241396379828
2.3997565676229358 174.66666666666666 0.9522840988384814 0.9989084308963813
2.3965114644783183 176.33333333333334 0.9543382805765652 0.9987436038185169
2.3928074063725115 175.66666666666666 0.9559856321167511 0.9982509737414971
2.3902488216649407 174.33333333333334 0.9576466949001936 0.9980631719248426
2.3893726509984075 176.33333333333334 0.9590926323669043 0.9982397567699205
2.3892902574140327 174.66666666666666 0.9607194282609537 0.9984167826813392
2.3893460532262916 178.33333333333334 0.960905359514626 0.9984744077458976
2.3899042854661743 174.33333333333334 0.9638279907508202 0.9986213792793578
2.390165895391496 173.33333333333334 0.9662940424987451 0.9967710243228811
2.387653422643121 176.0 0.9676915763262323 0.9956090649042723
2.3855675412412114 177.33333333333334 0.9688512942437685 0.9947841787539725
2.385037625305182 171.66666666666666 0.9691739881418054 0.9945822447463248
2.3843599324418263 178.66666666666666 0.9700178653378534 0.9935078222040072
2.381909257766732 177.66666666666666 0.9712865301413499 0.9930948994970669
2.379447352799393 177.66666666666666 0.9725168467907789 0.9925753019843212
2.375881709486763 178.33333333333334 0.9739718570493402 0.9930871330724037
2.3748241689248246 174.66666666666666 0.9753569393983451 0.992605520345482
2.3760692909109298 174.33333333333334 0.976589696371376 0.9901673203773546
2.378098651289473 179.66666666666666 0.9778305645649672 0.9877734291651442
2.378665862621209 176.33333333333334 0.9790716735276717 0.986745619535064
2.37897894712028 177.0 0.9799756253349681 0.985070244599212
2.3775296492626308 175.0 0.9809853756128912 0.9837900972629086
2.3771777603800923 173.33333333333334 0.9818363429355667 0.980577008300416
2.3780012519266833 175.33333333333334 0.9826738638796714 0.9763889435204383
2.379017572223066 178.33333333333334 0.9835136335082293 0.9702629089727195
2.378292278944375 175.0 0.9841583877699841 0.9688023058200631
2.3747953489591276 174.66666666666666 0.9855593766534176 0.9683377271019858
2.37231174417912 176.0 0.9862743787522277 0.9690689265816046
2.368693288575135 178.66666666666666 0.9875164465241946 0.9704505948765652
2.3669969561538577 176.66666666666666 0.9881372404394111 0.9708558973125626
2.3646664556612613 177.33333333333334 0.9893819769773536 0.9724628593634232
2.362597618040428 178.0 0.9900261766018509 0.9745388381959611
2.3598867607504705 178.33333333333334 0.9903265432312265 0.9780185968696679
2.362858846039877 173.66666666666666 0.991902033452708 0.9798987899607517
2.3656778179635993 173.66666666666666 0.9923034065727728 0.9802388523291378
2.3680798935056924 177.33333333333334 0.9924882772228059 0.9804395832812038
2.370783548169599 175.0 0.9925994808869854 0.9792450093951035
2.3710735352547787 175.66666666666666 0.9926362046606121 0.9793187129939483
2.37124906097758 175.66666666666666 0.9926801590889449 0.9798327236805853
2.368910483299541 173.66666666666666 0.9929930879886961 0.986194781865946
2.366016242067162 175.66666666666666 0.9931207640605598 0.9898993697233822
2.367254193328004 177.0 0.9933905243293054 0.9885733781837309
2.365697128626122 174.66666666666666 0.9934968818828707 0.9905300497505266
2.3628442109028045 177.0 0.9937048412072165 0.9920756599242415
2.358806828128302 174.33333333333334 0.9937581713853888 0.9927903384965733
2.3548335212006384 177.0 0.993833533181937 0.9932286601681249
2.354325909083301 177.0 0.993843509613862 0.9933915264370642
2.3454079619886996 174.0 0.9937743576988582 0.9961661467075547
2.3437918523794568 173.33333333333334 0.9937783567833083 0.9962531662084255
2.343630059880292 177.0 0.9938610383638797 0.9963226331413277
2.3416776898038334 173.33333333333334 0.9939512613968027 0.9963573184625435
2.338933363092978 177.0 0.9940356832094752 0.9968568243548419
2.338666431891297 177.0 0.9941797321654823 0.9969201258104651
2.3382458638015104 173.33333333333334 0.9942793742252627 0.9979763636530443
2.3381861530397527 177.33333333333334 0.9942829448726558 0.9984807500647246
2.3381472818745888 178.66666666666666 0.9942866848183726 0.9989334944110836
2.3388991672589787 175.0 0.9943342353423397 0.998989982119876
2.3394558657683566 173.0 0.9944464707242208 0.9990560118734909
2.339100275084658 175.33333333333334 0.9945104696112622 0.9992421519120259
2.339832959249516 172.33333333333334 0.9944755789994502 0.999184074246336
2.341390756033251 176.66666666666666 0.9946163664997231 0.9991221723701017
2.3418244723419854 175.0 0.9948596171247092 0.9991341181540535
2.34275545364226 177.0 0.9949573466504698 0.9987749198586476
2.3427103965251574 174.0 0.9949638464913275 0.9987385361330298
2.3417427576441634 175.33333333333334 0.9950107167780229 0.9987691959899885
2.339780487084382 177.33333333333334 0.9950106519717321 0.9989335249088072
2.3379973865699237 176.66666666666666 0.9949084437128829 0.9993068733804246
2.3378565444531842 175.33333333333334 0.9948968871701651 0.9993629438941877
2.3379613950788554 172.33333333333334 0.994713587129111 0.9994324742664019
2.3378588131257967 179.66666666666666 0.9948653649325165 0.9994694213474511
2.33828573278735 177.0 0.9948869103257627 0.9995466264556317
