2.3285763640753814 85.0 0.9992337257931042 0.9997611068943878
2.3284604389500463 175.0 0.9992054131752965 0.999737362127814
2.328757991773459 176.0 0.9992305223616631 0.99974599253789
2.3288788099393027 178.33333333333334 0.9991961000563864 0.9997227809988107
2.330590128407146 175.66666666666666 0.999184383227609 0.9993022203316713
2.3302798268362275 178.33333333333334 0.9991693957999053 0.9990598315343944
2.329547981832294 177.33333333333334 0.9991601324602164 0.9992096731251972
2.3300236773632674 177.66666666666666 0.9991634479741809 0.9992383502767302
2.3313799628631138 178.66666666666666 0.9991542880409657 0.9990577919129298
2.3318026128409333 178.0 0.9991489242699384 0.9991508107774346
2.332063515677299 181.0 0.9991494989428585 0.9992657394273604
2.3338171043337246 176.0 0.9991722391108362 0.9991071996160601
2.3336878760364326 179.66666666666666 0.9991689456345555 0.9993406313229265
2.332153792103802 176.66666666666666 0.999153702620376 0.9993261279651593
2.3322739415093316 178.66666666666666 0.9991313281884234 0.9991709985282393
2.3323024917554864 177.66666666666666 0.9990937404016045 0.9990696253419925
2.331771010013537 174.66666666666666 0.9990426227524936 0.999300716248242
2.331861670285369 174.33333333333334 0.999006625893748 0.9992692156475337
2.332137279083418 175.66666666666666 0.998930069943682 0.999285280383915
2.334565354923076 178.0 0.9988107772086832 0.9986429666892749
2.33605490231934 176.66666666666666 0.9986980484364135 0.9985957078340377
2.3367299119122396 181.0 0.9984905860024482 0.9993822840288968
2.335435168549337 179.66666666666666 0.9979615576399531 0.9996777254435766
2.3349626449680043 178.0 0.997332196809509 0.9994059328085443
2.3385747309074967 179.66666666666666 0.9967195700756187 0.9986620103648334
2.3408418976548044 179.66666666666666 0.9957720610642643 0.9982870821308917
2.342139893891601 175.66666666666666 0.9947517983600694 0.9966845460785134
2.349321697237577 179.33333333333334 0.9929446513303191 0.9917431028935692
2.3547787146721992 174.0 0.9917105292945771 0.9901349401696641
2.3633307364366845 176.33333333333334 0.9898780561629462 0.9874477507619205
2.3672656265482446 173.33333333333334 0.9886472302232758 0.9853304995421692
2.371276703359007 178.0 0.9864874979543067 0.9803967135301919
2.376155402779848 177.66666666666666 0.9846647928021232 0.9774637949256153
2.3825086107982534 172.33333333333334 0.9824366411001338 0.9763621515377293
2.3902102786326016 174.66666666666666 0.9802155948528302 0.9762598292017374
2.399168927159234 173.33333333333334 0.9774169551086715 0.9735878608686054
2.4059015239299617 177.0 0.975213920268886 0.9729361187356156
2.4164304553680336 173.0 0.9725516749247364 0.9739142328521618
2.4299273899003855 174.66666666666666 0.9705301894708936 0.9754252743256226
2.4482330841459485 172.0 0.9682311112744763 0.9803074233523901
2.457499389884467 169.66666666666666 0.9671771609022295 0.9829189114476217
2.4680132632421485 174.66666666666666 0.9669956590832568 0.9864092600728722
2.477580006134065 173.33333333333334 0.9669109620899428 0.9877603394947237
2.48374159019071 172.33333333333334 0.9673457000679772 0.9883701012842576
2.4876439601528535 175.0 0.9668468640138339 0.9880109055759297
2.4884252261328057 174.66666666666666 0.9669316815329686 0.9871458278366193
2.4878325465925486 172.0 0.9672753025516699 0.9836155131528553
2.4841997759787016 170.0 0.9674266064449115 0.9823942981653851
2.4826634014493627 172.33333333333334 0.9677841848119214 0.9799187756230426
2.4831024518108067 174.33333333333334 0.9678226865203992 0.9763681472553525
2.4823043396814106 169.33333333333334 0.967817555624656 0.9726000822571463
2.4817653606192334 174.66666666666666 0.9676077721843472 0.9697368180698137
2.481819546517933 174.66666666666666 0.9671305028582936 0.9676870283324155
2.483953239051402 172.33333333333334 0.9667134521313825 0.9666310112212608
2.4883745521026537 174.66666666666666 0.966458176717129 0.9672584550919968
2.4919720885289296 171.66666666666666 0.9659565466420257 0.9713399857609122
2.495594945888954 172.33333333333334 0.9655805759917366 0.9720009631146048
2.4980726239827638 177.66666666666666 0.963900592494915 0.9748107116123788
2.501077803250143 170.33333333333334 0.9627375099747593 0.9754629591654935
2.506011232826341 172.66666666666666 0.9605180715140613 0.9764663052327607
2.5128926427864817 174.66666666666666 0.9581694547094176 0.9737295859088686
2.5218627741397053 173.33333333333334 0.9550500286079261 0.9714656029550828
2.529016686677381 174.33333333333334 0.9518716496471733 0.973345191317088
2.5347984636944845 170.66666666666666 0.9483323873862204 0.9768134534186895
2.5437450659322116 171.33333333333334 0.9437255600140612 0.9727129997869399
2.5487479154753503 165.66666666666666 0.9389371879001168 0.9686830625083224
2.5541243324756273 166.33333333333334 0.9340288406219096 0.9597872522537418
2.558266432180833 171.66666666666666 0.9310427169674014 0.9526413436814436
2.56423313246372 169.0 0.9275270545988716 0.9424345098555417
2.571009355109335 169.33333333333334 0.9238852547048434 0.933470765932083
2.571779252191878 169.66666666666666 0.923514237731034 0.9332367520074676
2.581549799088728 166.0 0.920468885517555 0.9235054487081797
2.6007832729652884 164.33333333333334 0.9142873638623328 0.908055676037122
2.6111320194365337 166.0 0.911150778874004 0.902824567776915
2.6223082535463527 165.33333333333334 0.9081370958275685 0.901262820769941
2.6326375750383115 161.33333333333334 0.9050868137373526 0.8994200154773383
2.649727841460708 161.66666666666666 0.9004206229706319 0.8943342401246706
2.651882364879565 161.66666666666666 0.8998867269010652 0.8932998344048055
2.682260326917861 163.33333333333334 0.8912768302414799 0.8818060128999083
2.69571085495599 161.33333333333334 0.8871275697678651 0.8728076481106383
2.7132272947678517 160.0 0.8807954226111039 0.8598063107615311
2.723074735978445 160.33333333333334 0.8761751352947763 0.8512822084375716
2.732093212746242 160.66666666666666 0.8717394724159205 0.847770088858893
2.7419303851283052 157.66666666666666 0.8665148874640977 0.8555225399415477
2.7475640910621246 156.0 0.86219406011277 0.8648200536041233
2.752192643976122 155.0 0.8584204428451252 0.8701552771374377
2.7590819288974653 155.0 0.8538559625859168 0.8781060505918346
2.765321884381167 155.66666666666666 0.849862362610565 0.8910337023092627
2.7721549589107704 159.33333333333334 0.8455545113335868 0.9046581082664662
2.7784776467823047 154.33333333333334 0.8410202519056194 0.920895512542344
2.7877718853169693 157.66666666666666 0.8354013414204322 0.9314890587943868
2.7988017493357558 156.33333333333334 0.8301014895561372 0.9357042987311703
2.808866928874204 152.0 0.8253942573656198 0.9364464639874464
2.8193077526154044 154.33333333333334 0.8210867819530078 0.9404932799293727
2.8334873366152005 152.33333333333334 0.8158054815490653 0.9419929684972493
2.845618841579701 156.33333333333334 0.8113201154335594 0.942477972222585
2.8579218102497146 152.33333333333334 0.8080017383768071 0.9424700883374337
2.871427585375418 154.0 0.8059801356330623 0.9395403614504839
2.886328068869067 150.66666666666666 0.8021584156074211 0.9380460262047767
2.9013280035437408 155.33333333333334 0.7991687480407809 0.9314546740006358
2.9179420528847073 154.66666666666666 0.7963746284008513 0.9267695475349444
2.9374651960689624 150.0 0.7931616710612925 0.9264483536292814
2.951621378102913 151.0 0.7909842059343725 0.9246462401416718
2.971184224231315 155.0 0.7873513836014031 0.924192807055282
2.9916508923701297 155.0 0.7841539251737845 0.9279393691128774
3.008031707339148 150.33333333333334 0.7814720706907983 0.9268616848766297
3.0171965355009718 138.33333333333334 0.7776222542148286 0.9262548602630435
3.030231015895667 142.66666666666666 0.7723997890793427 0.9246601094276133
3.041028107163987 151.0 0.7676289323639309 0.9233061193772064
3.048877638652614 143.0 0.7640172290424497 0.9267032101357271
3.054787925042042 140.0 0.7604486907181637 0.9305225321282472
3.062857817510142 139.33333333333334 0.7547268461424822 0.9382414824863161
3.0710952235254494 145.0 0.7507709424288984 0.9420675101629793
3.084822532116973 134.0 0.7474331019579229 0.9480012158380717
3.100861027426405 144.66666666666666 0.7415172951518973 0.9531787190667368
3.111646537949545 132.0 0.7377369759338523 0.9563139895708533
3.1223627247840766 145.33333333333334 0.73424583286978 0.9589098399272775
3.139249019130695 135.0 0.7311857749736671 0.9612480283313021
3.1557387698518324 136.33333333333334 0.726672955070574 0.9643313485195293
3.1676141657886094 143.33333333333334 0.7243352512354698 0.9644172712112941
3.1817326187230197 116.33333333333333 0.7214565435125423 0.9622936813411501
3.1941429033020894 134.66666666666666 0.7187300897533044 0.9610442707781014
3.207336259927261 134.66666666666666 0.7159445716566699 0.958281059886248
3.209237854403502 134.66666666666666 0.7155966446590819 0.9578233003544845
3.2227592026516385 117.0 0.713315920483577 0.9548108224704773
3.239134584550571 115.66666666666667 0.7103494760046213 0.9480583807070289
3.2585400053352807 115.33333333333333 0.706928231701805 0.9414953299979951
3.2900098981084303 134.66666666666666 0.7018184057526319 0.9301286779477723
3.303767438668474 140.66666666666666 0.6997099479661555 0.9292492775867147
3.3381260446074776 133.66666666666666 0.6967032605431546 0.9411156368487192
3.339551881411041 117.0 0.6975508816211606 0.94273176570313
3.3510158466065745 134.66666666666666 0.6948374432658644 0.9474061282328892
3.359762935944513 142.33333333333334 0.6930108644696871 0.9512938183998837
3.3618895448278088 116.33333333333333 0.6934614592785205 0.9511662473687882
3.376840369217819 112.66666666666667 0.6882020837078293 0.9541837756980955
3.3861316552792875 138.0 0.6861334548476824 0.9574694615652407
3.3927068202982356 144.33333333333334 0.6847752386742725 0.9622234840560396
3.398251771255103 116.66666666666667 0.6836161206365938 0.9671053165633179
3.405567515304724 131.66666666666666 0.6818613895732244 0.9729104803623534
3.41343382066073 144.66666666666666 0.6794927728503379 0.9782003397097746
3.4220512621471655 113.0 0.6768174152163718 0.9827211357449116
3.4306168964573818 113.66666666666667 0.6750508575801862 0.9869069003414294
3.4403927365019054 113.66666666666667 0.6731849316016809 0.9886722944243721
3.4504455739585618 111.66666666666667 0.6711294922461118 0.9900260981604607
3.4636230773688474 132.66666666666666 0.6693019777233329 0.9909066924516218
3.474966471977973 145.33333333333334 0.6662574942739284 0.9934456499233169
3.481115605265369 136.0 0.6643084753164145 0.9943943659721801
3.481464507752093 111.33333333333333 0.6627246677921325 0.9943228235331262
3.4849247101459633 139.33333333333334 0.6598108364395078 0.9933254757448352
3.494375149383314 115.0 0.6587101885865893 0.9927595018813629
3.501103728524197 108.33333333333333 0.6577732236278767 0.9927349576262391
3.5068503133445788 136.0 0.6566046480210755 0.9905788118905426
3.5130879604586074 142.0 0.6555018772011545 0.9890233503160686
3.520739944826982 110.0 0.6547266403022549 0.9861538230840373
3.5283563305102055 136.33333333333334 0.6545170100054254 0.9855836152914116
3.539823731933602 110.66666666666667 0.6537673149533647 0.985524358694827
3.5509143132965684 137.0 0.6522258620487641 0.9852190605209865
3.5578862940835663 137.0 0.6512336286669483 0.98499425673851
3.5704332567797072 129.33333333333334 0.6498477153223505 0.9850629364939224
3.594898840306372 126.66666666666667 0.6472601222097966 0.9850073145112873
3.604263947698668 112.0 0.6474715113143859 0.9858854053380717
3.611531356074726 111.66666666666667 0.6465407418373456 0.9872250331179796
3.6129088742737965 109.0 0.6452626608892008 0.9872778963414268
3.6208705717053618 112.33333333333333 0.6424995976004387 0.9870973886787057
3.6274792341021342 127.66666666666667 0.6403547222832794 0.9882153742784001
3.632439169155067 138.33333333333334 0.639580727755879 0.9844133300093069
3.636623704963902 130.0 0.6395665140113203 0.9842949115218227
3.6456898858794817 109.33333333333333 0.6398044545772842 0.9794395861923701
3.6509329391129874 109.33333333333333 0.6400015951667418 0.980345470215354
3.653199929364204 137.33333333333334 0.6406151574576872 0.9807829851221079
3.653327511582308 106.33333333333333 0.6417662880316366 0.9815286371501525
3.648997293550842 135.0 0.642571019210132 0.9817176845951875
3.6434012951660333 126.66666666666667 0.6433275348889604 0.9791287028253308
3.6427175804464738 128.0 0.6435562045162272 0.9798402556992262
3.635028428988501 134.33333333333334 0.6449730290441992 0.9794239602749564
3.624980993366079 140.0 0.6466007626230227 0.9775705546617222
3.612817319373611 107.66666666666667 0.6486349192706837 0.9795305524162984
3.6013038380323543 111.33333333333333 0.6501369148892248 0.9776931582770902
3.587601325861665 140.0 0.6523621370930555 0.9764012503219619
3.5679281466045456 137.0 0.6557443391911103 0.976196510505087
3.5479094375890674 111.33333333333333 0.6587162718918154 0.9744998287273796
3.522483134279794 142.0 0.6624743923072846 0.9709888035684858
3.4888470863093226 139.0 0.6676729199327173 0.967092744895417
3.4640981557430552 130.66666666666666 0.6723782922214123 0.9745079373355069
3.443599936769959 112.66666666666667 0.6785993220599421 0.97892351034213
3.4152479952343504 112.33333333333333 0.6842282668420417 0.9800408552624977
3.3882035105328248 113.66666666666667 0.6896229046226174 0.9790138938801575
3.3658906293149444 116.0 0.6946404658836552 0.9798722506825167
3.3410036488605 118.33333333333333 0.7020223885369149 0.9796736183921055
3.32103402525639 116.33333333333333 0.707265128557951 0.9794467031638879
3.296367167233723 117.0 0.7162200464329522 0.9806186702292383
3.2505275175935426 141.33333333333334 0.7339709257050228 0.9763558959125986
3.229779451174439 117.0 0.7411805464757881 0.9752301101828802
3.2045366585922355 116.33333333333333 0.7506916942406103 0.9680739501267287
3.196633869733055 141.33333333333334 0.753952067095747 0.9654529325773482
3.1813053203627844 135.33333333333334 0.7600700312089387 0.9588931669899949
3.157594883595178 134.66666666666666 0.7683216602474735 0.9584696919020382
3.128005288670294 145.0 0.7784672437211623 0.9575168991309075
3.107146515055422 138.33333333333334 0.7853590399292945 0.9565636352065626
3.084866963631603 140.0 0.7921251292142123 0.9569596007728502
3.05478764167325 149.66666666666666 0.8010051174335429 0.9563720088875379
3.0289218359617793 152.33333333333334 0.8084803337867174 0.9575708000319819
2.9978059088936746 155.33333333333334 0.8176207902885777 0.9594628007038681
2.960370843575559 153.0 0.828876569191541 0.9625245839508254
2.9300219658085203 149.0 0.8368246716903203 0.9670566768507882
2.89729396750287 150.0 0.8462948933627295 0.9628681947366635
2.873403838285591 156.66666666666666 0.85318313513054 0.967966114161682
2.8451636332538297 156.0 0.8628501106155891 0.9712735512330817
2.823466667344857 158.0 0.8714383752692145 0.9709818572994359
2.8023915780863358 164.0 0.8794727412416175 0.9727085716009872
2.778027438050657 163.33333333333334 0.8904295362920595 0.9767744702163551
2.768116701390937 162.33333333333334 0.8957575090878627 0.9766433438747287
2.7536043466374944 165.66666666666666 0.9066868682653313 0.9771802812454975
2.7445600639644954 160.33333333333334 0.9148524764942769 0.9751683640564119
2.735072831040814 164.66666666666666 0.9230070054750703 0.975624862383113
2.722586745639965 168.33333333333334 0.9313785661824513 0.9776010141817286
2.71252931226606 165.33333333333334 0.9383885262401471 0.9767391499228737
2.705777471889412 167.33333333333334 0.942661173428236 0.9774454668156456
2.6977656187176886 167.0 0.948319807774472 0.9765035461426932
2.6844709347646316 166.33333333333334 0.9547948193290091 0.9782294957780769
2.6723946670851944 170.33333333333334 0.9594159184008807 0.977342609953899
2.6533861370103837 167.0 0.9647755897046257 0.9784646742084973
2.638880424679448 166.33333333333334 0.9685942150949829 0.978130320156067
2.618792789175137 172.33333333333334 0.9731841332306528 0.9768021712892437
2.6016806707183955 171.66666666666666 0.9763866149354996 0.9775454418380254
2.5824535177591845 173.0 0.9803912012299576 0.9776223199880679
2.5708461925844444 174.0 0.9834127215661616 0.9800699438781599
2.565054496340552 169.66666666666666 0.9860276356924054 0.9841658989022036
2.5625169525032074 172.33333333333334 0.9876182599670063 0.9859215965310884
2.557176350112608 173.66666666666666 0.9897246404126975 0.9860856206722509
2.5537013457661732 169.33333333333334 0.9909424853915371 0.9854961726375704
2.5501041598072347 173.33333333333334 0.9921454348738444 0.9830357719155126
2.5461103523296837 172.66666666666666 0.9932771755364085 0.9803447957762842
2.5477075072078232 175.0 0.995219225932628 0.9710595796059757
2.551363151298062 170.66666666666666 0.9955166628182507 0.9683803948954179
2.5562250253056464 171.66666666666666 0.9955484321246189 0.9664006290546499
2.558521595811296 174.66666666666666 0.995543673069287 0.9659083032719743
2.561757997081799 174.66666666666666 0.9955730962721847 0.9698012372514185
2.5692165038497454 167.0 0.9947430967690594 0.9806525123920931
2.5690340341213336 174.33333333333334 0.994520761477611 0.9821506582576942
2.5676780896875497 173.0 0.9938830241150811 0.9847918874296351
2.5671851125799434 171.33333333333334 0.993646864164655 0.9856036407546639
2.56165909820537 171.0 0.9917837791363332 0.9891253833903431
2.559498064281307 170.66666666666666 0.9903539192858737 0.9898516645147477
2.553824316804833 167.66666666666666 0.9880618446964188 0.990900654356771
2.547826743880286 172.33333333333334 0.9865812389647655 0.9936334090011406
2.5469530041848265 166.66666666666666 0.9839929071531832 0.9922838114706638
2.547086158739187 170.0 0.9787944661181764 0.9908109848070334
2.5472946208072487 168.33333333333334 0.9784673930288192 0.9901936993003313
2.5503475810458904 165.33333333333334 0.9754942116996606 0.987974434545162
2.553041194037291 164.66666666666666 0.97276729152125 0.9859134535411437
2.5573103956598766 166.66666666666666 0.9700405493623574 0.9851496236036265
2.5631854045316556 163.0 0.966988906532155 0.9831704815133137
2.570744954330701 166.33333333333334 0.9641885129783603 0.9817955101299362
2.583492651610046 167.66666666666666 0.9604375228444418 0.9809514508623491
2.594168122369421 166.0 0.9576323080297257 0.9821774134347202
2.6080364155519993 164.66666666666666 0.9538266693702576 0.9843255278950237
2.624108881596872 161.66666666666666 0.94985012204316 0.9821434825630253
2.636381163300619 163.0 0.9467848554967009 0.980026928935444
2.6529882540989553 162.0 0.941688004294509 0.9795592279724425
2.667460111226858 160.66666666666666 0.9377637106744589 0.9761068139571786
2.687141330551453 161.66666666666666 0.9321816056058901 0.9715498566572348
2.705010494678899 156.0 0.9279038535788807 0.9650176704087813
2.7266126497113548 155.0 0.9220760517045758 0.9560238228689264
2.74440667115202 156.33333333333334 0.9161586588603737 0.9469512659982878
2.7650329472490163 151.0 0.9096957857874723 0.9326556707838589
2.7834922664767054 153.33333333333334 0.9023273127954418 0.92186680747723
2.7953149141656173 156.0 0.8966305552454635 0.9215677809328922
2.809850085003694 154.66666666666666 0.8900021077282683 0.919728184349173
2.8227135716105036 148.33333333333334 0.8844924537958007 0.9153332476444453
2.834163104172456 152.66666666666666 0.8798761670350084 0.9090009149937024
2.854711196175069 155.33333333333334 0.8743882920786928 0.9058722771489272
2.8714100330350245 154.33333333333334 0.8706024313436216 0.9002052837593933
2.8918672519247943 152.0 0.8657498204668823 0.8997718056348192
2.9098605028416906 143.33333333333334 0.8622748869931376 0.8955584351484328
2.946577412973083 143.66666666666666 0.8560513207636091 0.8855710670116888
2.9707568047254433 140.0 0.8521717382397337 0.8799078955043061
3.0073897566372634 143.66666666666666 0.8466844554619166 0.8767451609685986
3.0332977429087893 133.33333333333334 0.8426049085820337 0.879168899988144
3.070404569580193 137.33333333333334 0.8369477681706069 0.8806248568485787
3.0940470641407103 130.66666666666666 0.8334589942185593 0.884158250715491
3.1189009916427044 136.33333333333334 0.8302356111961338 0.8855585424937297
3.1535359866739547 136.33333333333334 0.8248535053182106 0.87883609074306
3.1836438928319173 132.66666666666666 0.8208698701007061 0.8708652022573071
3.2029222015352947 132.66666666666666 0.8173543215918242 0.8688266011720821
3.2218151649254807 113.0 0.81311776119602 0.8696778130235971
3.2404330862139266 114.66666666666667 0.8082816174424388 0.8646446832614396
3.257484971810085 113.66666666666667 0.8033031698520625 0.861853487222591
3.2757996490836763 139.0 0.797478912504522 0.8538142290494823
3.2946559146741365 137.33333333333334 0.7910438529487323 0.853193391920893
3.308225670663481 112.33333333333333 0.7862417978694012 0.857111435506834
3.3218151050348537 108.66666666666667 0.781479924816119 0.8588664288171585
3.33672143752285 110.33333333333333 0.7756926572128097 0.8637528204630793
3.3496394530920908 131.0 0.7710431067594176 0.8671583311032119
3.366301354429515 110.0 0.7666613789658104 0.8657855586579362
3.377525931886282 111.66666666666667 0.7641930790719181 0.8635600912083061
3.3893865538310672 110.0 0.7603961639218584 0.8686524005628505
3.4004614811411913 135.33333333333334 0.757336407676569 0.8760419649383461
3.412011662373288 109.33333333333333 0.7543260636714313 0.8820925756994482
3.4289131622624716 128.66666666666666 0.751892656293426 0.8967425537134034
3.429393532024418 110.66666666666667 0.7512063393963785 0.9163294014336886
3.4485809313006 107.33333333333333 0.7460344900752128 0.926065349382275
3.4474234252358715 139.66666666666666 0.7468041973602839 0.9276180738009265
3.4437617893798316 104.0 0.7448323797916278 0.9318485678960647
3.44407281561777 128.0 0.7409473079938866 0.9292035645445095
3.4431355617831696 107.66666666666667 0.7399581375613431 0.9261213677486256
3.4422725079176755 129.66666666666666 0.737641874946623 0.92471210657805
3.4514043716429414 126.0 0.7309741386804934 0.9197341808814031
3.45573485426441 107.33333333333333 0.7273088691711157 0.9199979342505423
3.4612431418908858 105.66666666666667 0.7241929909102162 0.92129555385606
3.4688636062774854 126.0 0.721162515203697 0.9153756868808819
3.4764662444072014 126.0 0.7178905904830424 0.9308676538733192
3.4867422132804626 107.66666666666667 0.7151232843823299 0.9344672521537821
3.502783285603814 107.33333333333333 0.7123541771411408 0.946988313667603
3.5196834960548937 137.33333333333334 0.7100500098379023 0.9597257517299522
3.5404046858015725 127.0 0.706812040508753 0.9674007375488158
3.571086369032245 136.66666666666666 0.7025282943987472 0.9724986945687222
3.5942554934656914 133.0 0.6994302313477513 0.9757464323633227
3.617338831811617 109.66666666666667 0.6964636159329577 0.9785511383188857
3.6461020881252844 107.66666666666667 0.6928039212938591 0.9815677538973638
3.6706966191242154 133.66666666666666 0.68930183601516 0.9803694495529229
3.6944371787834105 125.66666666666667 0.6858951845098 0.977533452205461
3.708388828139834 123.33333333333333 0.6842294123105476 0.9762141226909182
3.7181456301547047 137.0 0.6829393067329872 0.9774807421324996
3.7258153277216532 106.0 0.6814285063736135 0.9771785909754389
3.736559976583359 106.0 0.6795661246521952 0.9756773870388108
3.7509857360199876 101.33333333333333 0.6773236199657849 0.9756490585913352
3.7668991019890834 106.33333333333333 0.6758619385938995 0.9774812300614448
3.7858870039844645 124.0 0.6748451793602085 0.9808236848584996
3.8048866161526065 107.66666666666667 0.6738280458918946 0.9840121854031831
3.827467232257756 106.33333333333333 0.6724959078983599 0.9850454932739745
3.852281530184738 105.33333333333333 0.6705521126004461 0.9878817985727308
3.8834799566055658 101.0 0.6670943270327967 0.985823496147378
3.9077184472420465 101.0 0.6647253287432981 0.9870432492258423
3.924647519588087 101.33333333333333 0.6632722093182103 0.9842906425610114
3.9435742124384876 102.66666666666667 0.6616292794848891 0.9830792132360562
3.9536513010589807 103.66666666666667 0.6606960591230212 0.9847401061513649
3.9636272974284923 101.66666666666667 0.6596057680853075 0.9842817361839767
3.971489257893451 130.33333333333334 0.6587719741864195 0.9822954373204567
3.974538612304278 103.33333333333333 0.658741612527905 0.9849525564947659
3.9809781670890474 118.0 0.6584752488568932 0.9831544698333455
3.9830014148625947 102.66666666666667 0.6588827352608467 0.9851892794455556
3.9860884629816664 103.33333333333333 0.6592356602781405 0.983823169326101
3.9860615067959433 101.66666666666667 0.6599290961580971 0.9848456432739372
3.9856545930871117 103.33333333333333 0.6611496197841066 0.9862993476189732
3.9835140482198055 103.33333333333333 0.6623160637301134 0.9876730426195768
3.9792279312055516 102.0 0.6638955170966139 0.9890261427666518
3.9713458014269687 104.33333333333333 0.665847396843029 0.9894153679951885
3.9700826811501377 104.0 0.6660316364483679 0.9890759083629435
3.9575062825596206 122.33333333333333 0.669466978035934 0.9883141232765756
3.944048042665394 122.66666666666667 0.6714925906636943 0.9896937788602793
3.940014466837239 122.0 0.6730018811102749 0.9910552704688375
3.9021541144476637 101.66666666666667 0.6777684829457974 0.9875800482585602
3.8739864424026735 103.0 0.6817172914580345 0.987539191742204
3.8479687407578207 120.66666666666667 0.6860006610571446 0.9886056942204823
3.811482938224933 127.0 0.6921790856345222 0.9916510312962139
3.7846769709835475 103.33333333333333 0.6962702466738586 0.9906339892462354
3.7540797739659983 105.66666666666667 0.7027186631824873 0.9908404871746028
3.7196749933221818 105.33333333333333 0.7090295540313052 0.9899098779772542
3.6809729549065824 124.66666666666667 0.7165061413019276 0.9896431690466054
3.6516336431509693 124.66666666666667 0.7220069366571624 0.9899363640770127
3.628112606859295 108.66666666666667 0.72617229862469 0.9909399765789932
3.5897078685240014 127.66666666666667 0.7329794211910877 0.9930174325691496
3.5665584016688086 126.0 0.7367368235677665 0.9936831040371107
3.5261984710312455 136.0 0.7437798007710474 0.9956502420651818
3.498186627535834 129.33333333333334 0.7489319934666059 0.9965612141510288
3.4695465047258844 128.0 0.7537968623365415 0.9971523525132683
3.44429772528321 128.66666666666666 0.7574176604106995 0.997506999205975
3.4149213739323248 111.0 0.7609588703223964 0.9975058866773452
3.384480550101245 113.0 0.7650980446430499 0.9982331382880997
3.361805043365574 112.33333333333333 0.7693997658547541 0.9993279643752866
3.334626678291859 112.33333333333333 0.7747453061011418 0.9996846599566308
3.3117500971586322 114.66666666666667 0.779562001953929 0.9998266373081881
3.291779221143576 130.66666666666666 0.7842954878584701 0.9999182924139816
3.2698341646771527 131.33333333333334 0.7895586043202825 0.9998494395588784
3.2429337903143334 111.66666666666667 0.7975924448550042 0.9995845813913405
3.2217833995713665 113.66666666666667 0.8031212428844603 0.9990965777133362
3.200230061116603 142.66666666666666 0.8108322001318655 0.9985720853686922
3.183582933992291 141.33333333333334 0.8163385620351716 0.9979981585552123
3.1296420049916738 126.33333333333333 0.833765075452835 0.9948486493835894
3.1022026532291656 147.33333333333334 0.8414029887538921 0.9931287869809016
3.0948709990794585 141.33333333333334 0.8432115113448552 0.9927149306877758
3.076122526776386 147.33333333333334 0.8475403983877936 0.9919704072421444
3.067277436576594 135.66666666666666 0.8495673105628851 0.9923289374308243
3.048897466477408 147.33333333333334 0.853816037491057 0.9928380536015387
3.0226346694100497 148.0 0.859245310971486 0.9935528691945812
2.992820072642994 146.66666666666666 0.8649520686846516 0.9951894394313597
2.960990465322558 148.0 0.8705751884272215 0.996545409398271
2.929366294677673 151.33333333333334 0.8763026415518342 0.9976787892416354
2.9254178286766295 146.66666666666666 0.8769931618933262 0.9978317543124081
2.87675511313948 149.0 0.886831089705194 0.9991584768021634
2.873552471061744 152.33333333333334 0.8875897419040062 0.9992772692634608
2.848699601470945 151.0 0.8936112877372151 0.9997103832135787
2.8083333193117865 155.66666666666666 0.9054128856582597 0.9987527503726141
2.790976019506728 155.66666666666666 0.9114165425436735 0.9986784774484522
2.7777910691126118 157.0 0.9167159016108534 0.9986010252919716
2.7654369536357812 158.33333333333334 0.9225555596102584 0.998847842317305
2.7528212968312933 161.0 0.9296203443321445 0.9994728554639014
2.7493338272043335 157.66666666666666 0.9343086084948308 0.9991297136154934
2.747607846380685 156.33333333333334 0.9396308190629161 0.9987587004781066
2.7422421922472955 160.33333333333334 0.9456194350444683 0.9984821736471803
2.737487664305408 156.33333333333334 0.9493404683433726 0.9991158007608832
2.717013819896508 162.33333333333334 0.9589781328695139 0.9999615024779107
2.7155840799167703 159.0 0.9591001844380918 0.9999797022422156
2.7013784930111635 164.0 0.9627030287121134 0.9999463363505295
2.680930048809939 165.33333333333334 0.9659693190294719 0.9998031845533217
2.6660844575655127 160.0 0.9680268435842899 0.9994684429384316
2.6282843741890622 161.0 0.972861212746234 0.9991990971285845
2.6035134664603166 164.66666666666666 0.9759179627834325 0.9992995254339625
2.5869290519839794 165.0 0.9784222615927616 0.9997532967141638
2.585771220975209 162.66666666666666 0.9783646350743698 0.9997097936196611
2.575466802390994 166.33333333333334 0.9799279606507743 0.9997155004219667
2.544201041839457 168.33333333333334 0.984058237515774 0.9996397054460688
2.53318945307823 168.33333333333334 0.9855381929697852 0.9994011562526497
2.52229967272081 169.66666666666666 0.9871029612973986 0.9992195471334264
2.5198801188359976 174.33333333333334 0.9872922087451205 0.9991654275696995
2.514725181873393 172.33333333333334 0.9880754849020437 0.9990192565338872
2.5120498453570237 171.66666666666666 0.98861059941889 0.9988827177506941
2.5042017877993006 169.66666666666666 0.9898862093855316 0.9972449525826482
2.4941885801077848 174.0 0.9914429275636518 0.9951480550064834
2.489461984467997 178.0 0.9921318454959814 0.9952795000070723
2.4717057246090075 171.33333333333334 0.9933688809601801 0.9953139631223372
2.4656187669537126 177.0 0.9935583595342607 0.9973839622614892
2.4582018826807586 172.33333333333334 0.9937646843007404 0.9986268890000951
2.4571731750752073 172.66666666666666 0.993795651215834 0.9988697643653166
2.4514785961464334 172.33333333333334 0.9939019480713964 0.9998251795964672
2.4477577979209175 173.66666666666666 0.9939948268147186 0.999801583560991
2.444161373280651 177.0 0.9939721990760655 0.9997405935245485
2.4393203803156194 177.0 0.993942768902643 0.9995838129166232
2.435608168863903 175.33333333333334 0.9940572720405141 0.9996916001818755
2.425247850251337 174.33333333333334 0.9943378801369896 0.9999399787637685
2.4244727397072374 178.0 0.99432801536776 0.9999054673792557
2.4196680201547816 173.66666666666666 0.9944466065941431 0.999221511845482
2.416960980010094 174.0 0.994417571418283 0.9987713819089745
2.4136017543263377 174.0 0.994334535825454 0.9985282731040823
2.4098510423328294 171.66666666666666 0.9943707966446793 0.9981569896225944
2.4102634462455566 178.66666666666666 0.9944993376774648 0.997884760177927
2.4098471172585856 176.33333333333334 0.9945055740810764 0.9973984935268032
2.4104327488260875 175.33333333333334 0.9943644845501651 0.9979886758799108
2.4142544879531838 176.33333333333334 0.9942150969343341 0.9984951517594403
2.416992289673808 176.0 0.9941502391496247 0.9993326588637074
2.419649088752716 171.66666666666666 0.9941408062321988 0.9993817913670113
2.421741734842529 176.33333333333334 0.9941423718245918 0.9991164785471437
2.4218952695810607 176.0 0.9940945887145528 0.9989816638564488
2.4211074370471763 173.33333333333334 0.9940507882165608 0.9992480910381104
2.4210616242435745 178.0 0.9940080001927841 0.9994028765670125
2.4195114945345457 176.33333333333334 0.9940124713456922 0.9994512626680617
2.4191003587508875 175.33333333333334 0.9939675828746863 0.9995035626335236
2.4199525096434673 177.0 0.9938809338417393 0.999351972816953
2.422174258208719 178.33333333333334 0.993840041506479 0.998655319661669
2.4232713805519634 174.0 0.993821517062429 0.9981467689449638
2.4256000094471526 178.0 0.9938005499635759 0.9974661976276583
2.4281435929288966 171.66666666666666 0.9938685775844947 0.996046338505136
2.429574490215683 172.33333333333334 0.9939503945562772 0.9954235542529898
2.4297427071840505 176.33333333333334 0.994150665770282 0.9959331853970592
2.430405681805974 174.66666666666666 0.9942357491124599 0.9966341228873624
2.4306828010777806 178.33333333333334 0.9943147326440072 0.996995185098851
2.432740451586022 172.33333333333334 0.9942952785892822 0.996575043534653
2.4355661823013697 173.66666666666666 0.9942454919009254 0.9964684245637474
2.4367258117227553 174.66666666666666 0.9942561114468208 0.9973915490328119
2.4375148446793276 175.0 0.9943238620639426 0.9969013385010493
2.4381976168341044 173.66666666666666 0.9943090316435571 0.9971766006479444
2.438660450084207 174.33333333333334 0.9942786541062116 0.997170002911984
2.4393424502716017 172.33333333333334 0.9942198277116505 0.9972907717378002
