2.3209439391813733 85.0 0.999420254527695 0.9854584545284085
2.3207769964624014 178.66666666666666 0.9994162960048372 0.9854082782966658
2.320258374575346 180.33333333333334 0.9994040844538753 0.9847544678614917
2.320716291911128 178.0 0.9994111309661678 0.9847942722293666
2.320769644198612 172.33333333333334 0.9994122999794444 0.9848360504005015
2.320370553859165 177.0 0.9994159575752427 0.9839137532809985
2.3202417372238573 178.66666666666666 0.9994131671554526 0.9837089244683591
2.3199126762471853 178.33333333333334 0.9994488147116555 0.9841136869783476
2.3190201271956283 178.66666666666666 0.9993869056070733 0.9830176270595898
2.3181539338783907 179.66666666666666 0.9993658930503612 0.9824226091975428
2.3182691120642804 180.33333333333334 0.9993707315685812 0.9824761456615247
2.318259211645022 178.33333333333334 0.9993666584713836 0.982680508220483
2.3188776021074657 181.0 0.999374959003115 0.9826340652197652
2.3190980006408086 174.33333333333334 0.9993808719162391 0.9823871716368451
2.319345677711488 174.66666666666666 0.999428286309578 0.9825412357784232
2.3192352220154846 178.0 0.9993756695864475 0.9827603996390096
2.3191789706386605 173.33333333333334 0.9993736204075201 0.9824583395182539
2.3196021456542026 176.66666666666666 0.9993800054300341 0.9825482915024389
2.320227140862266 178.33333333333334 0.9993847317493899 0.9826855251595883
2.320567490667582 170.33333333333334 0.9993931737910074 0.9836407650373852
2.3207337007720272 176.33333333333334 0.9993933540018963 0.9830768877378607
2.3199473560619555 177.33333333333334 0.9993822694375444 0.9823013520333013
2.319856674964322 177.66666666666666 0.9993732945485377 0.9823675040811523
2.3197281675322916 178.33333333333334 0.9993723343824412 0.9825966696314871
2.3196804124873207 170.0 0.9993731481878951 0.9827702242750274
2.31942025553551 176.33333333333334 0.9993665973968809 0.9824096960887487
2.3194860780998288 176.66666666666666 0.9993683408262997 0.9827482744404912
2.319381216892414 181.33333333333334 0.999365825928768 0.9824088936856673
2.319421839130991 173.33333333333334 0.9993642928158482 0.9827546421971433
2.3193026371730516 179.0 0.9993673416530652 0.9828560812662388
2.3194671524432864 174.66666666666666 0.9993700048557659 0.9832224066516773
2.3199049910071823 180.0 0.9993916969675211 0.9832722832175262
2.319726468310701 178.66666666666666 0.9993927719047458 0.9833192013835421
2.319426148102822 177.33333333333334 0.9993910953945246 0.9832540349678114
2.3191791133609185 179.33333333333334 0.9993962096180831 0.9831542583091146
2.318903979508934 177.66666666666666 0.9993963329658734 0.9834080991655352
2.3184301273373022 178.33333333333334 0.9993978374671398 0.9835222775657597
2.317753217645379 173.33333333333334 0.9993891293132511 0.9835117877689022
2.3176588707053516 176.33333333333334 0.9993844459285192 0.9833211318469528
2.317798260713105 177.0 0.999384379375738 0.9833573830257358
2.320145103526249 175.0 0.9994069008977092 0.9833378914885754
2.320225778992031 178.0 0.999397682916503 0.9836013260376298
2.320228188180449 176.33333333333334 0.999395585356333 0.9836638380917341
2.3203148292806848 178.33333333333334 0.9993918469530594 0.9827036509677536
2.320602693023361 178.0 0.9993960735540918 0.9824742316137743
2.3215890265679566 176.66666666666666 0.9994102914256863 0.9828609269428388
2.322092974266518 178.66666666666666 0.9994202044563903 0.9828294441973322
2.3222178656298946 172.33333333333334 0.9994289756622163 0.9832596661147702
2.321613679702343 178.33333333333334 0.9994228582069336 0.9834151868784998
2.320886157508774 177.0 0.9994202932046043 0.983682065860662
2.3198654706600146 179.0 0.9994110239878488 0.983641573998632
2.31864074086262 177.66666666666666 0.9993826309377201 0.9821796181506931
2.318513562260137 180.33333333333334 0.9993762814630871 0.9813243735820917
2.319105362041582 180.33333333333334 0.9993661869446431 0.983795914734971
2.3206618436253246 180.33333333333334 0.9993708688732156 0.9861109280645459
2.3215088434372695 175.0 0.9992992429125693 0.9862294645971991
2.3228097797646274 176.33333333333334 0.9992939305749334 0.986324116403867
2.3241811822204093 175.33333333333334 0.9992835124551734 0.9856319902830127
2.325301062210623 177.66666666666666 0.9992841552992252 0.9848490010732139
2.3268620224472443 172.33333333333334 0.9992747627750038 0.9832202990589982
2.3286332483535856 180.0 0.9992160093389738 0.9853290438693468
2.330035394452068 177.33333333333334 0.9991089714922039 0.9882545422070617
2.331384696813664 180.66666666666666 0.9989211991282975 0.9922345822920455
2.332671047435319 174.66666666666666 0.998708066661594 0.9960717889113171
2.3307236516532934 179.66666666666666 0.9979979998161456 0.9979673223837409
2.3274723442831395 180.66666666666666 0.9969875334951449 0.998546206169848
2.3272462315791906 178.66666666666666 0.9953692960364564 0.9978614208974759
2.329399623752064 172.33333333333334 0.9931105202840478 0.9928764820997429
2.331298662831379 179.0 0.9907745190305414 0.9858542706385427
2.33162748587731 178.66666666666666 0.9879603391164136 0.9771986347030688
2.332700618105355 179.33333333333334 0.9843529943174725 0.9656833738887488
2.333789756644548 173.33333333333334 0.9816654874366553 0.950668138008871
2.335379993526906 176.0 0.9778593143987725 0.9311034975208512
2.3375720691310615 175.0 0.974861226688704 0.9161711082516096
2.339688043678303 174.33333333333334 0.9715033905783301 0.9062349865283168
2.3475205708329803 174.66666666666666 0.9676878118835334 0.8932593301689659
2.353883205221848 171.0 0.9643529695919255 0.8969610138101055
2.363806479564716 173.66666666666666 0.961295591033272 0.8997501959157628
2.377465662211047 174.66666666666666 0.9592460608758958 0.8769744833983671
2.392781158803705 170.66666666666666 0.9569120612184941 0.8540326691161164
2.405659735241147 167.0 0.9547000536199624 0.8249771227155349
2.418095132922761 171.33333333333334 0.9530078396969913 0.7758057025343024
2.437267501145506 164.66666666666666 0.9510846559721617 0.6914897034744402
2.4573949435339735 165.33333333333334 0.9488639686519924 0.6070775838675881
2.4686881373105565 162.66666666666666 0.9474590275847649 0.5821567328666714
2.4740012686181223 168.66666666666666 0.9466160503565295 0.6052263103095784
2.474150937498653 164.66666666666666 0.947057120756271 0.6440556123933513
2.4728199441643754 164.0 0.9481134527142248 0.665692312581225
2.470162284243287 166.33333333333334 0.9490444329387704 0.697805199163692
2.4690618251945082 168.33333333333334 0.9490628452762186 0.7370942928187987
2.4722841929396195 167.0 0.9474021660222972 0.8249438625634056
2.473136464676272 168.0 0.9469268707048965 0.840527008691193
2.4932342255384414 170.66666666666666 0.9397572907366986 0.9676696159966454
2.499463326098262 175.33333333333334 0.9365665648805248 0.9796722607193956
2.5052498724162082 173.0 0.9333325052839586 0.9768448484966041
2.5053090966129887 167.0 0.9260334669155453 0.9466833498594694
2.5018751525665266 171.0 0.9187392248652757 0.8818009460373508
2.498861610513254 167.0 0.9086115068567031 0.8087772233431157
2.498290065854835 161.66666666666666 0.8973512639380747 0.7115723455681096
2.5029093459991074 162.66666666666666 0.8857936843794161 0.6244980786130931
2.520157118471726 155.0 0.8734031470268044 0.497397291462325
2.545788253515203 150.66666666666666 0.8653150398138989 0.37670855194211966
2.5840520313268773 146.33333333333334 0.8589434788064646 0.26811581359188597
2.6186454474522 137.66666666666666 0.8563836075133805 0.17117027359576711
2.6440461308800263 140.66666666666666 0.8564710021940565 0.14094456107014752
2.663858314246054 138.0 0.8590294419936342 0.23752885213641795
2.6659781987707727 148.66666666666666 0.8587908496243277 0.25228779342199165
2.6930931508699354 154.33333333333334 0.8672230062369425 0.46495980186759556
2.7247237445851744 154.66666666666666 0.8737560490956922 0.585184611539219
2.758090642767985 150.66666666666666 0.8785878769339487 0.6441301274671407
2.807477985534924 154.0 0.884705800596633 0.7084145922205889
2.8505763092336034 151.0 0.8887724104835173 0.7523848576980893
2.8952475555389436 152.0 0.8930649854418916 0.798132856941588
2.96158955914336 153.66666666666666 0.9000981895665886 0.859572064347431
3.0121099037313845 149.33333333333334 0.9043338877201186 0.8786898753551214
3.0791697613831346 150.66666666666666 0.9093915362257053 0.8678585993897219
3.1434821583891814 145.66666666666666 0.9137016571779777 0.8386512633053924
3.216530725500415 140.0 0.9177723372006724 0.7955632349704724
3.296652530081365 133.33333333333334 0.9216835518487995 0.734172695864641
3.370569988355282 115.66666666666667 0.9251311377049465 0.6603367785122846
3.4672678525739316 140.66666666666666 0.9288518899330258 0.5624966458575159
3.5339480749648007 111.0 0.931318083845743 0.5095791998278407
3.5926421495038348 128.66666666666666 0.933903135810579 0.461901182150746
3.6303562042948374 129.66666666666666 0.9355867427524202 0.4509668658333076
3.655874686101273 108.33333333333333 0.9366196122993699 0.42961352695099175
3.669439975822899 135.33333333333334 0.9372176701577882 0.39807360134409014
3.669194715370578 130.0 0.9372990681572657 0.41974748788106686
3.655385423431398 110.0 0.9365387072374275 0.44288543351445553
3.628065050075851 135.33333333333334 0.9343703482063258 0.5260327565846014
3.592827981689679 115.33333333333333 0.9306960774189204 0.624100483481167
3.5628898758912033 134.0 0.9265278312196435 0.6937574429340627
3.5335822042386 115.66666666666667 0.9211459137604943 0.7710669688767179
3.505558231023094 141.0 0.9132419012348975 0.8528745773560052
3.481870631517161 138.33333333333334 0.9029868636618107 0.9239271857912307
3.479718141973344 133.33333333333334 0.9017052838228267 0.931792916275696
3.468296098532804 140.0 0.8808186658668751 0.9851628280636623
3.468783068320433 138.66666666666666 0.8791857369462371 0.9849609568691248
3.503993437392965 134.66666666666666 0.8573238001729522 0.9181693064902147
3.555864986418455 113.0 0.8424079918988415 0.7945437842683071
3.561314536335448 134.0 0.8411505497848777 0.7807816015200364
3.6320258258355733 133.33333333333334 0.8293862739682164 0.5781717532276412
3.681366372030153 107.0 0.8246098137441271 0.3943025887243563
3.713605827341991 103.33333333333333 0.8224804391493645 0.3095561725699033
3.750200626111825 129.66666666666666 0.8217956659293834 0.21111144839045445
3.7903370980974453 123.33333333333333 0.8207594664090224 0.18135107452776647
3.8470265621195887 98.33333333333333 0.8214653968791243 0.12168995904786045
3.8857533336828465 97.0 0.8232421231227738 0.10457591392257759
5.2745451204656195 120.0 0.790875885074862 0.7602668727996467
5.277188348311512 129.66666666666666 0.7910427221748917 0.7444450757377647
5.277281832544368 100.33333333333333 0.7910838223020685 0.7438305881084989
3.965807617182757 122.0 0.8407649702243206 0.266531438573901
3.977555471849632 102.0 0.859166685906972 0.3905641185299334
3.9780109758018356 122.33333333333333 0.8604882311477339 0.3998889922663055
3.9811736256363304 102.0 0.8776594433418394 0.48905765295101994
3.98444319418305 132.0 0.8875239276938556 0.5184922252583025
3.985218097620625 109.33333333333333 0.896679820201832 0.5746638329333924
3.9807599856810105 129.33333333333334 0.9043343251514145 0.6500122928913498
3.978896591420356 136.0 0.9124142048342136 0.7163094253690113
3.980848636248952 114.0 0.9201812658449849 0.8055674309255956
3.9870742372510093 111.33333333333333 0.9279356807895403 0.859629678237988
4.000596509194157 131.66666666666666 0.9345832224727082 0.8914097829243666
4.031560406428968 113.66666666666667 0.9423680844896128 0.8997298958054196
4.069755481240471 129.0 0.9484834048309453 0.8768582696354328
4.112452971175505 133.33333333333334 0.9527847578878016 0.8486066507916777
4.168071201370699 127.0 0.9564472610696952 0.8166132640200321
4.226322620472015 110.0 0.9589758744394848 0.7764267130712109
4.27246563231148 127.66666666666667 0.960429804723243 0.7424391172530858
4.351832492896016 106.33333333333333 0.9624193616705685 0.6817729401980412
4.359658761775686 104.0 0.9625894027552313 0.6751314220803192
4.419159980693694 105.33333333333333 0.9639969816143248 0.6258047880344576
4.513877662459634 121.33333333333333 0.9660777090465109 0.5263084979720924
4.563893174600859 101.0 0.9668017118868644 0.4785109796820228
4.597970024073148 101.0 0.9670466006241016 0.44985729287636844
4.637188389329378 123.0 0.9672422080217066 0.4432737838724061
4.686911511764777 97.0 0.9673894552340232 0.33709793273359484
4.723806408489645 120.66666666666667 0.9674767430531587 0.16405277642687588
4.728412618568011 90.66666666666667 0.9674494568902979 0.14825650593435025
4.785953850319006 119.0 0.9659735745847858 0.10010944728793585
4.799879296066877 96.0 0.9650850134440689 0.12862520148149315
4.800911912778042 118.33333333333333 0.9649898722468989 0.13388729394853055
4.80794342333091 100.0 0.9641977015973104 0.19181926443076577
4.800880594322658 126.66666666666667 0.9640857948576699 0.2235037812574107
4.798250163867214 118.66666666666667 0.964081586550669 0.23892768611232246
4.765332098977518 118.0 0.9639597824634877 0.37625025336694246
4.742557878919054 99.66666666666667 0.9641730423903979 0.4603431559965753
4.712053226813129 99.66666666666667 0.9640795524126136 0.5604697035994358
4.683409570415563 102.0 0.9636626057050173 0.6381313126821554
4.524938192477776 106.66666666666667 0.9552506108203155 0.9619262923612198
4.521228954151412 134.66666666666666 0.9548222529015125 0.9645113526105689
4.513074204406769 134.66666666666666 0.953393357577206 0.9789384397413893
4.506284794654786 134.0 0.9513226114365755 0.988019068007256
4.5335394910885025 134.66666666666666 0.941817354541208 0.9596022548464448
4.562312607516075 133.66666666666666 0.9376281254538865 0.919667416907979
4.569333583819683 127.0 0.9359174296455254 0.9011472970066743
4.6075752746479 140.66666666666666 0.9329169388198062 0.8666887123285221
4.613203494388423 133.0 0.9324136518310032 0.8599184358863253
4.619108898346336 127.0 0.9318926744860736 0.8525150861810115
4.704993629730203 122.66666666666667 0.9264740260448521 0.7465565836013283
4.7467676234240574 104.66666666666667 0.924513723176301 0.686445162505645
4.811998192783442 122.66666666666667 0.9237492602790565 0.5949483050959987
4.857212834109139 127.33333333333333 0.9238642069343661 0.5353177240818614
4.9007195256925735 97.66666666666667 0.9242370396356147 0.4869195768077501
4.950262067915236 99.0 0.9254535792340093 0.41725454292542885
4.985750753384336 96.0 0.9264880981414074 0.36844643571878993
5.023161574328969 95.33333333333333 0.9280615926408396 0.3632303494091844
5.05681349603772 90.66666666666667 0.9301126755171089 0.32141969593199005
5.089619529645175 112.66666666666667 0.9332759701844423 0.25193762614334647
5.09977122957407 91.33333333333333 0.9348019562186638 0.22868886732324933
5.106642398102617 92.66666666666667 0.9366627309651167 0.2315043734078675
4.977426268536472 94.33333333333333 0.9512145722597012 0.2263922740007366
4.959710073675018 95.66666666666667 0.9511458970033947 0.22670089060916465
4.937927580056188 127.33333333333333 0.9645260947880209 0.49508726944039716
4.906650610850794 127.66666666666667 0.966761615232947 0.5025983593847021
4.867088550711964 100.66666666666667 0.970404273649462 0.6183880437430197
4.86282723562665 104.33333333333333 0.9708166869593475 0.5915372733688035
4.837048156259918 105.33333333333333 0.9732763092733898 0.658563826958954
4.797589475612463 103.66666666666667 0.9776754440709967 0.7532050566644387
4.777800084664595 108.66666666666667 0.9803067528460995 0.8096861362966618
4.7699275508492525 127.66666666666667 0.9812644667464377 0.8356134273444928
4.760712009692879 129.33333333333334 0.9827905573102882 0.8559538511521889
4.750770750963599 106.33333333333333 0.9846636404666039 0.8811138852459761
4.74141554961912 104.66666666666667 0.9866238269648913 0.8904005662183732
4.736664027580486 102.33333333333333 0.9882225030253985 0.8921143368152366
4.735931596322573 105.66666666666667 0.9884457353831211 0.8917727345607086
4.733845513481555 106.33333333333333 0.989962351835434 0.8767712657562062
4.739463685663734 104.66666666666667 0.9917278506764937 0.8481308441369556
4.740270016094103 120.66666666666667 0.991900756868202 0.8439507340664115
4.761788186185001 102.66666666666667 0.9939656431544229 0.754229451207328
4.777574126957369 99.33333333333333 0.9943544778436333 0.6962792772296811
4.793886112976994 100.33333333333333 0.9940840398870664 0.6584879233406259
5.427026703041418 102.66666666666667 0.7789134860120981 -0.7675660629037769
5.277220838764678 99.0 0.7910257983386388 0.7444399138737947
5.275381497287799 121.66666666666667 0.7909223846516823 0.7543100064778122
5.2745098691355485 100.66666666666667 0.7908510178699131 0.7604519299273087
5.275364093212647 129.0 0.7909179664356941 0.7546409283064404
5.277252858832517 102.66666666666667 0.7910664309696561 0.7441747260099402
5.274505276486975 102.0 0.7908619718467904 0.7605904623538325
5.277298788678067 122.0 0.7910182946368319 0.7440153307799362
5.277255701883656 127.0 0.7910414432992975 0.744482691351862
5.274629552210822 108.33333333333333 0.7908919677677523 0.7598777502823856
5.277221060333746 103.66666666666667 0.7910228131363365 0.7443956956008367
5.2746978387361025 108.33333333333333 0.7908804200836143 0.759206090611733
5.277330856958329 133.0 0.7910331326201219 0.7438533597783991
5.275548814552961 125.66666666666667 0.7909683723150474 0.7532728317011845
5.274639846132079 125.66666666666667 0.7908451607159023 0.759716912017575
5.277198149665688 104.33333333333333 0.791059415625105 0.7448319940951045
5.275447197082826 106.66666666666667 0.7909138547693725 0.754008926183784
5.277763327675222 125.66666666666667 0.7902384754966004 0.7446167115096642
5.275407820314806 125.66666666666667 0.790913749657225 0.7542442519873905
5.277280055714325 107.0 0.7910364930369616 0.7443472327098084
5.274537846122083 101.33333333333333 0.7908979189914648 0.7603410566991321
5.274694156576372 121.33333333333333 0.7908886647476318 0.759439397605221
5.277290666847409 102.66666666666667 0.7910514290087542 0.7441396479191056
5.275358074737329 122.0 0.7909497362825978 0.7542575662318958
5.277278154891581 122.66666666666667 0.7910525594784881 0.7442350591260634
5.275359526940644 103.33333333333333 0.7909636359082938 0.754149399234249
5.275892458683235 102.66666666666667 0.7901065993977197 0.7545305221400717
5.27456690604632 129.66666666666666 0.7908653143970947 0.7603953559097865
5.277265359717509 130.0 0.7910202952891237 0.7444822060178783
4.638544146285687 125.66666666666667 0.9933878249611813 0.22462807098527535
4.620552762590944 120.0 0.9936394357296471 0.07924194029010732
4.580653210100243 122.0 0.9936323951002741 -0.044648851598982416
4.526589958106664 98.0 0.993386453119566 -0.11222125404776867
4.477820072081211 91.66666666666667 0.9931028876644975 -0.15748082101648003
4.418724152794117 92.66666666666667 0.9927265589866946 -0.19686540441234188
4.354678602768523 95.0 0.9922844321880007 -0.2003298795866195
4.295014835087355 96.66666666666667 0.9919138787074697 -0.172226187851319
4.226118391531632 93.66666666666667 0.9915748905369609 -0.14622436596665628
4.218445292969934 118.66666666666667 0.9915117219961653 -0.15078174979680914
4.153955307430712 97.66666666666667 0.9913023511498884 -0.09640199068996501
4.009196220990036 134.66666666666666 0.9914911400918922 0.14547212232770584
3.929492050626999 134.66666666666666 0.9920264519383093 0.32320321580684297
3.8772550807479993 139.33333333333334 0.9924664297525235 0.43829807548144045
3.810630210348908 110.0 0.9930406485927479 0.5900141177837369
3.76289433599809 132.33333333333334 0.9934107155333929 0.6973558902075084
3.7576048784969127 114.66666666666667 0.993438693670526 0.7105076911140554
3.695889843718817 133.33333333333334 0.9938414175068304 0.9105249059659761
3.6699384263115693 138.0 0.993872290980975 0.9844179479082745
3.659336722433587 144.66666666666666 0.9937647245216956 0.9949096545186795
3.657080322006493 145.0 0.9933509132312068 0.9944806959295448
3.6573095810287226 145.0 0.993287751381917 0.9934967723413097
3.661427204806676 141.0 0.9927261329541209 0.9774726142330805
3.6789681998011607 133.33333333333334 0.9916259065193908 0.9299566668151109
3.7377943544292656 114.33333333333333 0.9885126333430448 0.7863755183132299
3.7736637510534297 117.0 0.9865786306862493 0.7200056401119964
3.814671396042219 130.0 0.984089104515835 0.643012281116882
3.8686806883568523 112.33333333333333 0.9810614328385829 0.5536368557093406
3.9146296449594624 110.0 0.9788864220568348 0.504847873230573
3.9673166163759412 105.66666666666667 0.9765617829906946 0.4385289813540005
4.027913835963151 109.0 0.974135211668394 0.3543274997540485
4.077643435217002 108.33333333333333 0.9720912251002878 0.29265829614905353
4.114706098219399 123.66666666666667 0.9703306613627778 0.27299606111013663
4.1455505507011186 103.0 0.9683533838325348 0.28155190668434593
4.163193778529824 105.33333333333333 0.9664947240625011 0.282776408653715
4.175455596908851 124.66666666666667 0.9637992276674423 0.2962837057089036
4.1729290551506 103.66666666666667 0.9615180137937182 0.3395041499887799
4.1548291523403265 128.66666666666666 0.9587128377129739 0.43711289347509846
4.126604116868076 128.0 0.9557596211144345 0.5094865957168235
4.122438082491315 140.66666666666666 0.9553534892105287 0.5160918206763236
4.043627450971117 135.66666666666666 0.9497609174654827 0.6359344485878322
3.9913209493695034 112.33333333333333 0.9466473016903982 0.6957746722001881
3.9411874078759994 112.66666666666667 0.9437940363093771 0.7509496458306607
3.895662131065389 112.33333333333333 0.9416523300549747 0.7962421041930983
3.8441562467703134 115.0 0.9395184609230116 0.8380261192281031
3.8051461554734054 115.0 0.9381575653836125 0.8723837225005693
3.7598756058987712 115.66666666666667 0.9366843267214203 0.8929044958596755
3.7174892610853054 138.66666666666666 0.9366773335952209 0.9237216302296176
3.686545753810243 143.33333333333334 0.9362371430706824 0.9468271407082074
3.641473970114241 134.0 0.936608831644083 0.9637168923660093
3.6088944444968356 141.33333333333334 0.9371077001379873 0.9629517991650676
3.5879008365550265 137.33333333333334 0.9372483550063304 0.9548595541990208
3.5781796993509243 136.0 0.9370913694168045 0.9397495196928153
3.5723737776041693 134.0 0.9366915618195558 0.9094400884711392
3.570674170311204 133.33333333333334 0.9363277655119843 0.881959662022361
3.5760940443184914 116.33333333333333 0.9361397775218349 0.8330333692098738
3.5835225010554512 135.66666666666666 0.9360336688510404 0.803453154374061
3.5843528311191153 132.0 0.936039565679693 0.7995965301357785
3.594215857330351 113.66666666666667 0.9368115821477386 0.7410225366148243
3.5992484796628577 116.0 0.9377381968637062 0.6836001974785098
3.599376309418887 131.0 0.938297310155546 0.6436443687289318
3.596582068590635 112.33333333333333 0.9384252012900891 0.5985908599519133
3.5913944811672383 110.66666666666667 0.9380273822392167 0.553896387979491
3.5902378346566395 141.33333333333334 0.9379474767052493 0.5487566444464134
3.5658039744618946 141.33333333333334 0.9360307522908362 0.514113965911757
3.5458047189208965 135.33333333333334 0.9345631227431856 0.5271757367911143
3.5435062613643433 112.66666666666667 0.9342962256028162 0.5278651149829876
3.4924825547107297 118.33333333333333 0.9269165240174222 0.6910439607285933
3.463809971858663 134.66666666666666 0.922413142837575 0.7884910708586726
3.4334459865902147 138.66666666666666 0.9173547514262371 0.8772256694662008
3.4076408453570766 134.66666666666666 0.91323196511761 0.9276169796902801
3.375627309533822 142.33333333333334 0.907298889589785 0.9686847278910541
3.349447815638855 140.0 0.9020096461703545 0.9911027952949355
3.324612243428804 154.66666666666666 0.8959387244509172 0.9939463790545833
3.3049419829165285 141.33333333333334 0.8888483242697534 0.9813581711226717
3.2878325135032713 146.33333333333334 0.880397353082622 0.9558313543556947
3.274403959031196 144.66666666666666 0.8708490900533162 0.9174126274493131
3.2556901656500083 147.66666666666666 0.859837014891209 0.8944609503113544
3.2403621454202147 143.33333333333334 0.8466783825858955 0.8703421277270681
3.231027967183876 143.66666666666666 0.8318219258587292 0.834795642801763
3.2242381981394246 143.66666666666666 0.8184923324396696 0.8092610518268746
3.220904201136545 143.33333333333334 0.8029250770328384 0.7674478958457033
3.219960850075611 134.66666666666666 0.7915507228985933 0.7356610111508118
3.2132556830072447 140.33333333333334 0.7776351021694532 0.7045025770628859
3.205794054714133 134.66666666666666 0.7691382176971782 0.691777311077498
3.2015754156162024 116.33333333333333 0.761406109572911 0.6647962480045883
3.195923993198894 135.33333333333334 0.7552399858595519 0.6470036065486567
3.1777879155408186 116.0 0.7523488370516572 0.6647439829536301
3.158153177107014 135.33333333333334 0.7544400411881595 0.6737412795884153
3.1356883006469802 133.33333333333334 0.7606295176405805 0.682285343423492
3.113013016022251 135.0 0.768706600201482 0.7006118972629742
3.1099180006466702 134.0 0.7701813861773913 0.7020649840600539
3.068669472762658 145.66666666666666 0.7975569547066573 0.7564883662458239
3.0666663425965788 147.0 0.7995998330710298 0.7606064514815611
3.055757316144132 147.33333333333334 0.814011960225336 0.7836166115091141
3.0320334391035786 150.0 0.8469110358152143 0.8435091355221632
3.0292725243416085 152.33333333333334 0.8507302383178162 0.8523410551720412
3.0082647943857337 154.0 0.8738573365814414 0.9062393655868589
2.9989332495611207 156.33333333333334 0.8847543336126934 0.9243876282925105
2.9923915810442505 152.33333333333334 0.8969385638387863 0.9408335633472947
2.9855582567114523 157.66666666666666 0.9055023497216462 0.9489907537573786
2.9772981736856727 155.0 0.9144079517392075 0.9538071882497936
2.96965904753599 157.66666666666666 0.9223596518589023 0.9621543133643142
2.962585584983575 154.66666666666666 0.9288104020997022 0.9699065840201527
2.951704695465799 156.0 0.9360481067550633 0.9758795181485083
2.9411266324822356 159.33333333333334 0.9416214833319306 0.9821266263167395
2.9267835771824253 162.0 0.9465993056786787 0.9841934818307619
2.9133200197321267 158.66666666666666 0.9502174511310424 0.9830996925882116
2.8941046965870845 160.66666666666666 0.9543517392528401 0.9804067069382408
2.8893437096708343 163.66666666666666 0.9565626605891149 0.98476880425581
2.895619969877917 165.66666666666666 0.9579304664893918 0.9865334759792319
2.9043524523691002 161.66666666666666 0.9588375893917314 0.9880377553255272
2.9214526872940834 160.0 0.9585737082180927 0.9905712888083117
2.9325902023400743 162.0 0.9581974371969155 0.9893247846503063
2.9444706252179094 164.33333333333334 0.9582469582189052 0.987922335717345
2.9562315714462293 162.33333333333334 0.9581159851307652 0.9879544209627509
2.9707103486701256 162.33333333333334 0.9583955632273109 0.9847952787546153
2.996330309986553 154.66666666666666 0.9589544790388427 0.980777175415784
3.02528869647615 157.66666666666666 0.9596881539373883 0.9763731457280647
3.052615210993546 159.33333333333334 0.9610320155725204 0.9747571683267057
3.0821695969254943 146.0 0.9625645304305005 0.9747056943606227
3.116924692581169 157.0 0.9637870554683541 0.9699895927554966
3.14142585705254 159.33333333333334 0.9646701201169361 0.9701550342092522
3.176227804378917 154.66666666666666 0.9659802521556903 0.9639325729096462
3.200159210847189 155.33333333333334 0.9675472576058456 0.9508242483167497
3.207821736546065 149.0 0.9693198303242344 0.9304018003257299
3.20579313009889 154.66666666666666 0.9714842205640646 0.9172036939327846
3.2025687590047576 152.33333333333334 0.9722392195783538 0.9120248620589866
3.192559827681339 149.33333333333334 0.9737637121434942 0.8988085916642279
3.151253846441632 154.66666666666666 0.9773227435344535 0.8619674216511442
3.1274539144740343 158.33333333333334 0.97839920193092 0.8637450664302326
3.0625577828565014 156.66666666666666 0.9798734951672463 0.8655552940798863
3.0585307924189773 153.66666666666666 0.9799177245043987 0.867684579467427
3.04013402558265 156.33333333333334 0.979804788588018 0.8820342648953089
3.015231450245052 152.33333333333334 0.9790346553830332 0.8913476362522917
3.001297444479228 155.66666666666666 0.9742222388183817 0.9515569989479543
3.00265905927814 153.66666666666666 0.9706673811432591 0.9799213883867094
3.00346084109226 154.0 0.9659390817120929 0.9966818084057335
3.0030997218881805 154.33333333333334 0.9648852783374391 0.9976653905802678
3.0026701852332796 153.66666666666666 0.9621227136985684 0.9978341324362219
3.004236003314976 152.0 0.9547262533068177 0.9894048910678804
3.0068179746288983 152.33333333333334 0.9503817094326055 0.9817788338081731
3.0114964813967005 154.0 0.9448328711234772 0.9713406682475746
3.019393069781774 152.66666666666666 0.9369624747140332 0.9620096232379671
3.0197448978857433 148.0 0.9361291669899818 0.962015812104935
3.0199470951912124 148.0 0.9311826549212063 0.9618985370915649
3.0207253413244417 152.0 0.9241415062614436 0.9624460473744363
3.0196165477923387 148.66666666666666 0.9182934041443187 0.9603596071951831
3.0199372791140213 137.66666666666666 0.9131992651560352 0.9601940464417873
2.999017970832666 147.33333333333334 0.8937239015999775 0.943812637013
2.990672844801691 143.0 0.8861807456225274 0.9347146153247572
2.9834958573390047 140.33333333333334 0.8802163066699904 0.9278473877213994
2.9809226709802616 140.66666666666666 0.8781423627109345 0.9244194868480375
2.9730770608652395 148.0 0.8706627074098405 0.9108275067316909
2.9711560694444565 144.0 0.8684886530248643 0.9068618682650241
2.964118792136367 145.66666666666666 0.8602972877160805 0.8907216503061034
2.9595297360349346 146.66666666666666 0.8516648141829969 0.8765172453906994
2.9485391870119506 149.33333333333334 0.8425091921074305 0.8692441952907283
2.914780491570818 136.66666666666666 0.8276238524682767 0.8441477403575488
2.890533802350821 140.0 0.821778373623222 0.8359921490483356
2.8627380360122165 136.33333333333334 0.8159587939342305 0.8412293675754636
2.8227408475926845 135.66666666666666 0.8089380097692345 0.8587527579100139
2.7870112384567904 152.0 0.8024896184430105 0.8733159193164428
2.755115554622018 150.66666666666666 0.7951657089466085 0.890963111962986
2.7302410635474708 151.33333333333334 0.7881470419904494 0.9072053813624094
2.70693056100429 140.0 0.7801620859198781 0.9227342784299405
2.6944106228533875 143.33333333333334 0.7717497826137445 0.9262598554040337
2.6932575408892148 151.33333333333334 0.7707155141777503 0.9270485337097613
2.687596677720653 150.66666666666666 0.7632147700958529 0.9283403078624928
2.6872299973821594 144.0 0.7555027175007882 0.9192131082638105
2.684838556237649 149.66666666666666 0.7486834270902059 0.9088832039486039
2.68661821413638 148.66666666666666 0.7429982758084264 0.8916651621811826
2.682239831647486 148.66666666666666 0.7444159722204394 0.8984452145060465
2.676396464053163 149.33333333333334 0.746821571055155 0.9173254299725853
2.6693237764041573 141.66666666666666 0.7491293551672005 0.9348667998099502
2.6608649444396306 154.0 0.7517406090937565 0.9431225181444056
2.6566516820587447 150.0 0.7560427308271798 0.9548545821679125
2.6548982968068153 154.0 0.7594466303519926 0.9580030537878813
2.6479272714877506 159.33333333333334 0.7644984863956686 0.9659995911694919
2.6378505828954246 153.0 0.7705162833432239 0.9755847093636597
2.632980913134552 151.33333333333334 0.7755788184719132 0.979490679674493
2.6301474477101743 157.0 0.7822976290859274 0.9836269929701048
2.629829650359113 150.0 0.7890636867737678 0.9895470351254667
2.6273811250364423 158.33333333333334 0.7979405610406187 0.9941377248110748
2.6185416666105175 154.66666666666666 0.8082824014037757 0.997316545516473
2.609885762368741 159.33333333333334 0.8166372263345071 0.9958409914508995
2.602749003013191 156.66666666666666 0.8246328560099269 0.9956641558865928
2.5966933131238243 156.0 0.8322848689632976 0.9946780826802565
2.59381416232136 157.0 0.8394333209264772 0.9924612591531348
2.59154120530864 155.33333333333334 0.8466020032172359 0.9907934873666872
2.5911797881673273 160.0 0.8474432957789949 0.9908663316298264
2.590459335612838 160.0 0.8518597565832562 0.9899022175745182
2.587114841304222 156.0 0.8596638010259471 0.9865064372726713
2.5846100909159277 159.33333333333334 0.8648913712475215 0.9834752894908131
2.578581202451452 164.66666666666666 0.8768356306566311 0.9821942935564285
2.573571038194198 161.0 0.8831261499275612 0.9832728012652245
2.5667848877316586 156.66666666666666 0.8885468606841952 0.9820981610058597
2.556867642807029 158.33333333333334 0.8946526125812085 0.9794534248946902
2.547803203823663 158.0 0.9018998430870363 0.9795188585881973
2.540033674895273 163.0 0.9086391223737358 0.9792362459760062
2.5306383588303487 163.0 0.9172310869280664 0.9775235444091052
2.5299750250513933 161.33333333333334 0.9181686221412568 0.9775365746219788
2.526763873590578 164.0 0.9258025981950386 0.9806442440246274
2.5229372276648614 160.0 0.937411588792377 0.984513510602318
2.5213828629626542 166.66666666666666 0.944293831049438 0.9763359755897385
2.523239349446991 164.0 0.9492533805351414 0.9681226160196618
2.5259604569993126 164.0 0.9547996609223776 0.9608014874657731
2.5304676701533286 169.66666666666666 0.9584578157131098 0.9619203475219544
2.543739728967189 166.33333333333334 0.9636007928986694 0.9666862512183109
2.5575587787433447 162.66666666666666 0.9669675071712727 0.9726036045991627
2.5763533305459054 167.0 0.9709584037276622 0.9702363545710039
2.590686322354045 161.33333333333334 0.9742515481734277 0.962889543574696
2.6051377642527798 169.33333333333334 0.9764748991347226 0.9647980483479955
2.628251732066692 166.66666666666666 0.9799005655133591 0.9660868297899406
2.6430198548543067 168.66666666666666 0.9826269575848978 0.9620625131239716
2.6489858613979957 169.66666666666666 0.9839676060797251 0.9620671061451495
2.6515740876835 167.66666666666666 0.9853257939078806 0.9554915881695998
2.65204499431934 172.33333333333334 0.9875849745378189 0.9418731651049795
2.6488661048562903 165.33333333333334 0.9885492591643319 0.9480535942847803
2.6417819028835594 165.33333333333334 0.9892788837755013 0.9507778831549154
2.6360685793236804 166.33333333333334 0.9897304223927175 0.9518466307603426
2.6291325565247554 168.0 0.9901062120205268 0.9579434596225659
2.622625025280482 171.66666666666666 0.9898801886473763 0.967113050914852
2.6188560394738527 169.33333333333334 0.9897037777687211 0.9671922888614635
2.6005220083464975 173.0 0.9859894697410758 0.9696596464801549
2.596720205323101 175.66666666666666 0.9833352110903313 0.9791166196691429
2.590859317907925 172.33333333333334 0.9816324162376301 0.9811851295921468
2.589121121628916 171.66666666666666 0.9811655250463002 0.9827992883190647
2.5850945451596856 175.0 0.9799823730190158 0.9866363153694446
2.582394695989168 174.33333333333334 0.9785038333100444 0.9897674481029275
2.5841711272546934 172.33333333333334 0.9747730572079861 0.9982854598277904
2.5853740011695483 166.33333333333334 0.9722969673925895 0.9984373778970542
2.5916110306744846 174.33333333333334 0.9692995709891872 0.9996227695005439
2.6006462358670905 166.66666666666666 0.96577935069546 0.9988963257265576
2.6058894784517412 166.33333333333334 0.9588892061397447 0.9987088258535004
2.6059126794690903 166.33333333333334 0.958392193574427 0.9987348186151928
2.6056235948474376 163.0 0.9541295110641531 0.9986439318521891
2.606276879116796 170.33333333333334 0.9499078433848233 0.996815372711165
2.6058917912911324 168.33333333333334 0.9494549847494549 0.9966761715498414
2.57959115561176 168.0 0.9446815366823538 0.9989450981261854
2.562402781922313 165.0 0.9438749580591314 0.9998322301744546
2.5334500646573797 168.0 0.9427699930904441 0.9996256939640401
2.517311536677896 169.66666666666666 0.9413080849338294 0.9997317580154872
2.4999753425534204 168.33333333333334 0.9388949457981183 0.9998935486406326
2.4800913070928354 168.66666666666666 0.937372093537962 0.9997674573328383
2.448951279960661 170.66666666666666 0.9357757896352843 0.9950792402010561
2.4164805847466386 172.66666666666666 0.9346898766236023 0.9821967753756846
2.383959583833989 173.33333333333334 0.9332623211447877 0.9672781369197276
2.3581985902370213 172.66666666666666 0.9306067699754633 0.9594566384710298
2.3467198501344373 171.33333333333334 0.9277990955331703 0.9559111656903033
2.3401301088009223 173.33333333333334 0.9210497020107269 0.966550845688378
2.3223539206588724 173.0 0.9149745205251938 0.987778918789754
2.3064657427043675 177.33333333333334 0.909678415546341 0.9953919193112836
2.2837746151371308 174.0 0.9042137558135158 0.999977829869001
2.266525361537887 175.66666666666666 0.8998441184647638 0.9942791072850079
2.2484413987684175 179.33333333333334 0.8940194719489019 0.9815201652179307
2.22992910199035 175.0 0.888062568375697 0.9569334146938983
2.2131926549053107 172.66666666666666 0.8799459618784167 0.9161537370422196
2.2057260710772475 173.33333333333334 0.8697998240934117 0.8985720882483071
2.202280395058288 173.0 0.8576546774189436 0.8808724211447556
2.2004330549900275 168.0 0.843832042024677 0.8765376446964727
2.202663711129538 169.66666666666666 0.829672093778489 0.8879901888197838
2.206642048768625 172.33333333333334 0.8126086744436425 0.8843775376812733
2.2089040634727666 169.66666666666666 0.7958399403420315 0.867132530839045
2.2057471796802495 167.33333333333334 0.7780674154489589 0.7914117552692606
2.1980707989277324 160.33333333333334 0.7618365978878818 0.676648343519641
2.181079663421827 162.33333333333334 0.7447739248428137 0.5977660238461205
2.161605827491561 162.66666666666666 0.7329971140441827 0.6245884894780843
2.1417120497779645 162.66666666666666 0.7217803943881888 0.6438314188266017
2.1196050573142458 165.0 0.711998939631769 0.6861561780038894
2.1020167068232136 164.66666666666666 0.7052345113421373 0.6934686208733928
2.0995026684954614 165.0 0.7006745935899976 0.6035890651471645
2.1089084336081796 157.33333333333334 0.7011137868135022 0.471514690625371
2.112357628854654 165.0 0.7065995013011219 0.45414342223549564
2.126500982286673 162.0 0.7165095772084241 0.42405610477592265
2.1436907329903785 155.0 0.7262961560906254 0.41747299844841507
2.1651410957638295 160.66666666666666 0.735795292101275 0.4108413576490898
2.1889696880081324 156.66666666666666 0.7445490134267024 0.41737700565181174
2.218254655574058 155.66666666666666 0.752640805546636 0.4917473197410692
2.269892132438161 160.66666666666666 0.7579379903283601 0.5456919262719904
2.313652954377797 164.66666666666666 0.7605580417855157 0.613827961687333
2.3560536856199934 157.66666666666666 0.7623222336411803 0.6794799833837436
2.4079490691193133 157.66666666666666 0.7663159086353661 0.7732686891607744
2.4147510113597543 158.0 0.7666861704818204 0.7790712905912627
2.4635585820272703 160.66666666666666 0.7698507642448298 0.8313692411772744
2.600602627898814 154.0 0.7808718971668256 0.9240920005350407
2.6673174961695385 157.0 0.786765224147466 0.9441573466565121
2.754445411008141 157.33333333333334 0.7929457537251431 0.9548129869749277
2.8234383558861085 157.0 0.7973102636049011 0.9615594465186394
2.914375072261214 145.0 0.8026937697979395 0.9657596112758241
2.988109443458614 151.33333333333334 0.8069315625226097 0.966768372187119
3.076581219254079 140.66666666666666 0.8125019287185533 0.9298509565593608
3.163561800601598 134.66666666666666 0.8189580676552937 0.8593761070381045
3.245600187439818 134.66666666666666 0.8252650416545153 0.7513169227752987
3.3659002100370774 138.0 0.8337518485806389 0.5272788895166058
3.4432006584914245 127.0 0.8381902317447618 0.3200474246174314
3.4942238676303012 126.0 0.8406496359175094 0.21275985593980468
3.5224416930834357 101.0 0.8425898736487123 0.16133854421820434
3.524064331932035 104.33333333333333 0.842885523866076 0.15104483440809557
3.510934708040554 99.66666666666667 0.8464723631497375 0.030641840684090524
3.478274367570849 98.33333333333333 0.8492765786233804 -0.00818610442647058
3.4470229731205864 103.33333333333333 0.8513534033260972 0.008287694670449817
3.3979577250210067 101.33333333333333 0.8553849074403641 0.025691985293987526
3.347011640549925 105.66666666666667 0.8598484143086572 0.08082939579973723
3.301612939861249 127.0 0.8655390259817441 0.10566085933482404
3.2363254063610056 140.66666666666666 0.8725895671763391 0.1722879668408701
3.2287654972739834 109.0 0.8734094189713103 0.18041604977481243
3.168816402205577 144.33333333333334 0.8787296984670167 0.22424194646046677
3.0546593058211347 134.66666666666666 0.8870584458091325 0.34295185933419653
2.9883303834783432 137.66666666666666 0.8901036437721483 0.4111693758080584
2.9477765115305696 141.33333333333334 0.8911159185294674 0.4023727190132619
2.9020319013190607 132.66666666666666 0.89099030110072 0.41929699091675915
2.8558075125669267 144.66666666666666 0.8911302253344567 0.45198813625242723
2.809248959445294 149.33333333333334 0.8908305268737974 0.5619958527013561
2.7850311435379633 143.0 0.8904094291263945 0.6351358242053116
2.7722164392164093 153.0 0.8921163722126964 0.6860047592473797
2.7731066290162856 156.33333333333334 0.8962561686535209 0.6905577638971767
2.7864341332183544 153.0 0.9021498714115538 0.663732710969119
2.8056028208454005 154.0 0.9105379040757529 0.6109160854122389
2.8307602627069306 146.66666666666666 0.9173167107863569 0.5716957384861712
2.8725858191331732 147.0 0.9256511118884929 0.5109590831864006
2.898882959419222 142.33333333333334 0.9309248755475761 0.48235529773595315
2.9227821811984063 146.33333333333334 0.9365665166447105 0.4480685174112442
2.940582367458882 143.33333333333334 0.942554300722266 0.44382004082315185
2.9454603324622273 143.0 0.9488775816245392 0.5094922885360398
2.950334865384714 146.66666666666666 0.9542267990267923 0.56813440873737
2.957424507866214 152.66666666666666 0.9576702625882312 0.6212547542371684
2.9699070543224733 155.0 0.9620435843698202 0.6568695758864879
2.9809849728634314 151.0 0.9656186381183784 0.6933343461211176
2.9872164371822825 150.0 0.9683480891862553 0.7285949915660509
2.987810523757069 155.66666666666666 0.9709672151440606 0.7683623302676686
2.9884746854311426 157.66666666666666 0.9719282845915235 0.7651199518390815
2.9894843553131896 157.66666666666666 0.9727357594201014 0.7198629915652487
2.993845155381348 153.0 0.973303653818296 0.6283402119933003
3.018437979527135 143.33333333333334 0.9719035324262199 0.43153162020325153
3.02158556277776 148.0 0.970902704881035 0.4286739965577895
3.033341697718099 142.33333333333334 0.9693692955593636 0.4151676893276821
3.036202332928229 142.33333333333334 0.9691764752522282 0.4056520459226886
3.0421655147635973 146.33333333333334 0.9688140734613911 0.38482115951657675
3.0765496879268017 114.66666666666667 0.9672731619155217 0.32604165646984484
3.082246462678513 144.66666666666666 0.9670294025481994 0.3730060134136529
3.0982239640074507 155.33333333333334 0.9662874494559803 0.592440504996007
3.0999889406262784 154.66666666666666 0.966060584379457 0.6317996975649376
3.1064995179057977 155.0 0.9644381016782576 0.783190045687591
3.107412494897505 150.66666666666666 0.9643100514865408 0.7881584987047006
3.112113789233079 149.66666666666666 0.9634909060491141 0.8780709824767555
3.1245352506221185 157.33333333333334 0.962851308345922 0.9069147925007908
3.1364500636655093 153.66666666666666 0.9629451902902145 0.8804474589267243
5.277233821302957 147.66666666666666 0.7910451218800983 0.7445069770553724
3.1634548411614425 149.33333333333334 0.9647815663744725 0.8048383420616924
3.1862594130760002 151.0 0.9656197956587816 0.7502434464339098
3.207707532411241 137.33333333333334 0.966125533954895 0.6824915671561287
3.2343626811268162 143.0 0.9672753462523253 0.5867389666090859
3.2567709277028167 115.66666666666667 0.9677731817317483 0.5267687369377357
3.277593692305372 115.66666666666667 0.9678499426017432 0.47083149935998053
3.3019683361427132 131.66666666666666 0.9671340273026368 0.3991767556364135
3.3165155044321817 132.66666666666666 0.9661820380963545 0.36383812077849886
3.33765670973145 112.0 0.9640917175939145 0.3407739831655721
3.3493994819262327 138.0 0.9623575984371059 0.3355682757164205
3.35865500013376 107.66666666666667 0.9602533035225889 0.32717572985716775
3.369060321830817 111.66666666666667 0.9569625715276497 0.31860375653282313
3.375540265728847 134.0 0.9540890099000324 0.2899426028386059
3.388478706933711 109.0 0.9505636116393802 0.22580802619509058
3.399386238002197 110.0 0.9483224600738812 0.22309441164086558
3.4112688779834075 128.33333333333334 0.9463769045624709 0.23386657300581673
3.425717646361577 139.0 0.9441172370848033 0.25216868835164225
3.4366905917248447 111.0 0.942788475795328 0.2514307317927385
3.448824303166798 139.0 0.9417910810520599 0.2772055992718205
3.450596273499473 106.66666666666667 0.9417389254567842 0.35718769037745773
3.4462348461371572 112.0 0.9425173709266733 0.4714391108921738
3.443051412477016 110.33333333333333 0.9429350260410441 0.5287914563639369
3.4430720964960178 113.0 0.943998858764925 0.643378675985411
3.4503549273551997 112.0 0.9446585325395451 0.7355539192539956
3.4610257468674397 113.66666666666667 0.9454119292177124 0.8203929156262083
3.470636105369535 115.66666666666667 0.9461093736800293 0.876904137275115
3.4898880012657236 141.66666666666666 0.9464586655672144 0.9316860075055334
3.511732850320941 131.0 0.9465691648782533 0.9667979184120392
3.5142073974549892 138.0 0.9466012508080385 0.9675978961761702
3.5279736116042746 136.33333333333334 0.9462839564134532 0.9641940948484216
3.5733301298203672 132.66666666666666 0.9449228661584835 0.8975709490047588
3.5853668585992957 132.66666666666666 0.9438056936361974 0.8707250670381917
3.5961320231440053 138.0 0.9423970142340252 0.8379116490873885
3.6039611211821287 134.0 0.9406559260978578 0.7986821121744025
3.6049783603030847 114.33333333333333 0.9386727443086073 0.7621013434483348
3.597958286172539 115.0 0.9365380521722922 0.7429840321486306
3.580816205748031 113.66666666666667 0.9328730148583004 0.7099447650424745
3.5583555271223766 133.33333333333334 0.9287589515611033 0.703464588697229
3.5280140210899034 114.66666666666667 0.9229367815858802 0.7105636974938632
3.492559509128868 132.66666666666666 0.9160174162418717 0.7360647264969016
3.4669352462864196 113.66666666666667 0.9096697772833974 0.7642905768490048
3.4496121679832314 113.66666666666667 0.9052624651311006 0.7846929954383495
3.41498972298066 114.66666666666667 0.8955212656564706 0.8396398686295693
3.402074505312892 114.33333333333333 0.889638442152446 0.861026059879001
3.393575723121932 115.66666666666667 0.8834220530519276 0.8799362678014523
3.3933599848603233 132.66666666666666 0.8785523598721156 0.8897526896614468
3.3913257073769456 112.0 0.8734585009563444 0.8980307843289416
3.392110543832279 136.33333333333334 0.8688588892330513 0.9147173305494526
3.3963418528746634 130.33333333333334 0.8647334198477212 0.9244056943350167
3.408956198298798 144.33333333333334 0.8602377421069973 0.9501718333240389
3.4188672103582327 136.66666666666666 0.857666249764298 0.9727505821121526
3.4387515689767443 113.0 0.855204580227956 0.9865716162496134
3.4601976441365228 138.0 0.853460140573208 0.9971322536440871
3.4757424079946606 116.66666666666667 0.8521302058184875 0.9978937768942953
3.494585351514032 114.66666666666667 0.8509702016590784 0.9908782819917966
3.511525522495761 112.66666666666667 0.8498349359889696 0.9767546486116174
3.532340607240884 129.66666666666666 0.8493266323222719 0.9660567134237688
3.5485374726461028 130.66666666666666 0.8498692646969961 0.9711703299993543
3.55923340767115 111.66666666666667 0.8506834913644231 0.9786966799618282
3.572534149579702 112.33333333333333 0.8520985609543523 0.9863218272514946
3.588481950410703 113.66666666666667 0.8535533216322513 0.9848999483827738
3.6009333941240182 110.33333333333333 0.8555141168768738 0.9711913765797974
3.6064628227311104 112.33333333333333 0.858452110672567 0.9702157890982748
5.2530710880876414 130.33333333333334 0.7892496305137874 0.8731319498071164
5.253093903301316 115.0 0.7892624293061912 0.8733060898161967
5.2530807573536915 115.33333333333333 0.789244316036229 0.8731604921248407
5.253177935914746 115.66666666666667 0.7892365323443722 0.8729145910633672
5.253152737595487 130.0 0.7892297405483724 0.8729311360450556
5.253092570001664 116.33333333333333 0.7892592204571413 0.8732292735272735
5.253615205020686 136.0 0.7884557850104162 0.8732029025702372
5.253115637936071 114.66666666666667 0.7892462520089574 0.8732384272178035
5.253106087329673 115.33333333333333 0.7892556188816503 0.8732312054441502
5.253119430787314 113.66666666666667 0.789260517381709 0.8729029322213128
5.254290320621334 114.66666666666667 0.789365504334382 0.8658194260215674
5.253064502219849 114.33333333333333 0.7892787088217385 0.8712644584161627
3.641746070410145 114.66666666666667 0.9085625642109502 0.7941400990816022
3.626452313790132 114.66666666666667 0.911831608514046 0.781706671252419
3.6129308477671565 114.33333333333333 0.9125622264661729 0.7776372083070614
3.5782692786153856 116.33333333333333 0.9113480597228265 0.7744500263998513
3.544841657779965 138.33333333333334 0.9083044322446098 0.7850717820990434
3.511669595983874 115.0 0.9042528453822724 0.7949487723600005
3.4745667871786377 114.66666666666667 0.8977003186293138 0.8115275493584673
3.447100719440432 115.0 0.8918443345302511 0.8105878796880827
3.4260068058088686 115.0 0.8847351728247744 0.78412246084081
3.3973012739277317 112.33333333333333 0.8742161828287925 0.8112699404731624
3.374480168667289 132.0 0.8638074985301817 0.8683162189053109
3.3527964058353295 131.66666666666666 0.8478786673329343 0.9294794846435538
3.3419704584098824 113.66666666666667 0.8366559681873391 0.9451478992182845
3.332882778641439 131.33333333333334 0.8260941022622831 0.9517252667403826
3.3241890067690805 115.66666666666667 0.8172808556914798 0.9554727023046306
3.3129435599693093 115.66666666666667 0.8078713170124524 0.9712819083399017
3.3009425864468165 131.66666666666666 0.8000833147403672 0.9836915014155361
3.285520789320416 116.0 0.7923895985752641 0.9854738199996604
3.2737280351579403 131.0 0.7871746435090258 0.9875624319650259
3.2654639823090528 115.66666666666667 0.7832186377979315 0.9888122860005221
3.2597287821206127 112.0 0.7799094283063248 0.9933284059868465
3.2593391749538174 113.66666666666667 0.7786001520072107 0.9941490000606673
3.2594686565893904 133.33333333333334 0.7786794852717305 0.9939467990755779
3.2597357813510217 114.66666666666667 0.7802540121827606 0.994224370696041
3.272816973546774 132.0 0.7912550527101716 0.9872679640927717
3.296749428917454 132.0 0.801378314107487 0.9728036939456826
3.3212461902519474 137.66666666666666 0.8101680751617015 0.959495657199233
3.344670294022376 131.33333333333334 0.8191308862131871 0.9552204844653642
3.3800411203872835 114.33333333333333 0.8298756845987145 0.9481460872239343
3.4096807295644846 113.0 0.8379819936444719 0.9443852599998214
3.4432244050909584 131.33333333333334 0.8471043286756131 0.9403215052369649
3.471083843380844 131.66666666666666 0.8551286778155628 0.940791115528767
3.5019811950304685 132.66666666666666 0.8635636958719076 0.9469453925103632
3.506276858143293 138.0 0.8646350536950484 0.9483403092732444
3.5841455032171914 132.0 0.8823603921516646 0.9374899148021659
3.624094710877422 132.0 0.8906061346716866 0.9276808876955477
3.6714792548938626 114.33333333333333 0.8994692882007206 0.9171422135760224
5.274609489073889 113.0 0.7908844594298425 0.7599428244682711
5.27470081353374 116.33333333333333 0.7908399347141677 0.7594537593790234
5.277307359779279 114.33333333333333 0.791029193018983 0.7442597234157666
5.275311417437303 110.66666666666667 0.7909145901211388 0.7546116551654629
5.277743881518336 114.66666666666667 0.7902409630346441 0.7445536131179843
5.277098881330556 116.0 0.791055180113578 0.7452715502911114
5.278044365112976 131.33333333333334 0.79181857746031 0.7426150941165324
5.277573188025691 131.33333333333334 0.7910591734535679 0.742615654754336
5.2780609403063 113.66666666666667 0.791150283708263 0.7400493389554017
5.2770599042491835 126.33333333333333 0.791053159169488 0.7451021146405926
5.277167079431713 113.0 0.7910214393991016 0.7448390127788698
5.2772045878130385 127.0 0.791069374170714 0.7444362893688168
5.277340030858115 113.0 0.791036272004606 0.7440578488497623
5.277187472209337 111.66666666666667 0.7910500027937917 0.7448857580681774
5.277281628799564 137.33333333333334 0.7910543475422379 0.7443626191673511
5.274655647680078 113.0 0.7908993464619679 0.7593397351397735
5.275260667660859 129.66666666666666 0.7909389902412863 0.754696606453046
5.274705533032615 114.33333333333333 0.7909179734496853 0.7590687769877362
5.274676319366745 129.66666666666666 0.7908883771329409 0.7595007947613066
5.27472919920116 129.0 0.7909441702363845 0.7590449596445047
5.27720657610382 113.66666666666667 0.7910463614939082 0.744786503671544
5.277259894976196 113.66666666666667 0.7910477383286962 0.7440214086088303
5.275339250335333 132.0 0.7909305286235939 0.7545402838352557
5.277390862135442 136.66666666666666 0.7910485460107227 0.7433903379821987
5.277220749080957 113.0 0.791049638220721 0.7445141411654316
5.275433729991438 111.66666666666667 0.7909344520649486 0.7537645966174648
5.275361363447923 110.0 0.7909549461362604 0.7543240120642047
5.277225136510006 115.66666666666667 0.7910361691794975 0.7444394618510636
5.275305274704693 113.0 0.7909289272884481 0.7547814722078054
5.277172031701558 113.0 0.7910340634788625 0.7449458124213707
5.27726524477741 113.0 0.7910407034358056 0.7441711349504643
5.2772863261410246 113.0 0.791064065626282 0.7439914515781848
5.275340178997426 139.33333333333334 0.7909457381920832 0.75423847313779
5.274470756805196 113.0 0.7908984835372156 0.7607877888432277
5.275395371895714 131.33333333333334 0.7909067017223463 0.7541869079239644
5.274661194560072 136.66666666666666 0.7908853377132922 0.759382664879259
5.277364935602274 115.33333333333333 0.7910165495693914 0.7437246880989938
5.275679094171067 112.33333333333333 0.7908359227238807 0.7648684461954423
5.27730897960536 135.33333333333334 0.7910525497577473 0.7438130761746595
5.274844424139122 138.66666666666666 0.7909309053469126 0.7581970318679839
5.275385519559495 113.0 0.7909251719133389 0.7541117099376883
5.277238930051791 131.33333333333334 0.791086332946813 0.7442722753927875
5.281438454123985 132.66666666666666 0.7913003402985965 0.7196549774704882
5.276094927335464 114.33333333333333 0.7908795888529712 0.7594459537433077
5.277464955904328 114.33333333333333 0.7910407839223216 0.7432307588110022
5.27472974160258 113.66666666666667 0.7909050092235036 0.7590423089318352
5.277285716463285 113.0 0.7910539210599964 0.7442772404821749
5.274671734548084 131.0 0.7909019647469514 0.7592674423436895
5.274683864139515 115.66666666666667 0.7908910930309809 0.7591952377091575
5.27722086023384 110.33333333333333 0.791038883590272 0.7445329292046059
4.15388016303411 131.33333333333334 0.9911559164919415 0.9870072517689479
4.154459232526207 116.33333333333333 0.991154306396545 0.9774322222137597
4.1670595977772145 134.66666666666666 0.990544666453425 0.8998933726887066
4.189661669776953 116.33333333333333 0.9896907291058666 0.8103933400763009
4.20149297849335 113.0 0.9892522931019708 0.798089134664387
4.205785884218352 111.66666666666667 0.989012409784903 0.8008778342851351
4.224258060477037 111.0 0.9885119499871979 0.7672921697340812
4.249336719454292 112.66666666666667 0.9880185937197635 0.6950190179228136
5.2746364109446064 134.0 0.7909426472088891 0.7594108373095393
5.274568690197157 112.33333333333333 0.7908634715812022 0.7602362566961769
5.274404619145377 112.33333333333333 0.7908634273113376 0.7608763878907833
5.275346509696192 114.66666666666667 0.7909490767331242 0.7543854790498696
5.274715148287455 111.0 0.7909116748852302 0.7593081939026667
5.277103172894662 109.66666666666667 0.7910378543992536 0.7450465245953471
5.277215736998525 113.66666666666667 0.7910348079265268 0.7442251863673813
5.277237912280053 133.0 0.7910122093328725 0.7441801670017646
5.277171051485354 129.66666666666666 0.7910207769112177 0.744718455543177
5.274586793426831 127.0 0.790881806989564 0.7600463477067584
4.34086739590017 124.0 0.9828297975837167 0.7243009296889968
4.342982714806127 127.0 0.9829247373403239 0.6215189682162543
4.330093223594272 126.0 0.9836665750697369 0.6244074805310066
4.315163755779577 107.0 0.9843478269528008 0.654907756027842
4.313359615406943 134.66666666666666 0.984886738031727 0.6193731040289658
4.318744031606476 125.33333333333333 0.9852316990773883 0.5501102887751864
4.320052125910729 102.0 0.9855351517840035 0.5010080775299465
4.308664413223565 105.33333333333333 0.985756334528044 0.5334998875916234
4.284090074992901 126.0 0.9857200382415263 0.6516289112247636
4.2551922312238695 133.0 0.9857188338398524 0.723205534097792
4.219382323316813 111.66666666666667 0.9854334299556513 0.7883326768714468
4.198467295901841 103.33333333333333 0.985253199597594 0.8018083065493082
4.171845196424115 129.66666666666666 0.9849977016427128 0.8217959001663036
4.1307797416955365 110.0 0.9846606403720256 0.8543946519185299
4.1261141230369685 128.0 0.9846451358652702 0.8564245710936214
4.045969905672061 111.66666666666667 0.9845809842405364 0.9220369303155268
4.004378325997963 113.0 0.9847669519994646 0.9403216716978003
3.9554973799803768 113.66666666666667 0.9850204693050613 0.9600288011960187
3.9276675331437665 112.0 0.9848882151867199 0.9740052229702741
3.9094966054413725 117.0 0.9844834308959054 0.9797460017928069
3.8947377589474983 134.66666666666666 0.9841638682471036 0.9839597115419302
3.8930661186585804 114.0 0.9835252067477901 0.9840483922202927
3.9003676710677055 148.33333333333334 0.9830055315460128 0.9774993266418673
3.912804277181605 115.0 0.9822751571895079 0.9571935010068026
3.9179298967096883 115.66666666666667 0.9813287744790415 0.9464325318971787
3.9184191778446538 115.66666666666667 0.9804094607817987 0.9446094224378107
3.9177601387222496 114.33333333333333 0.9790079227753672 0.9482845632735397
3.9187180569613376 114.33333333333333 0.9774839729022848 0.9577448294492603
3.917289117957724 114.33333333333333 0.976572208933155 0.9618821003752922
3.9063385972133045 134.0 0.9761868049502999 0.9604351322040751
3.8945486385607744 115.33333333333333 0.9758530920176884 0.9499867307365848
3.888909750147219 115.66666666666667 0.9754071797884112 0.9362543182168958
3.876139874898103 114.33333333333333 0.9744097974388541 0.9084835205512238
3.85369237991935 139.0 0.9722981296968011 0.8885637689093604
3.8272137964858737 117.0 0.9694734619381713 0.8873485391056057
3.7991905058223248 113.66666666666667 0.9669974452642933 0.9100696047625946
3.758164963163194 118.33333333333333 0.9640112223821955 0.9334030485651241
3.720905844354184 134.0 0.9618306785974375 0.9405184038767507
3.6809219433293587 140.0 0.9592122710324845 0.9421949091832026
3.6585662522369926 132.66666666666666 0.957708035171255 0.9323982506113392
3.622867237888842 145.33333333333334 0.9559396415449605 0.9355075433476935
3.590758996362182 115.66666666666667 0.9549370896183657 0.9169004329758947
3.5515834250945257 132.0 0.9536495770136635 0.8978679301398338
3.519158800345578 139.33333333333334 0.9524845227134637 0.8956364351204598
3.4842310168657984 133.33333333333334 0.9510886249301098 0.9137428775035704
3.436961287016321 134.0 0.9492482944443935 0.9430233222019704
3.394623081286182 145.66666666666666 0.9469078106598042 0.9692278193171653
3.389332883012784 148.0 0.9465245617129335 0.9724918572322333
3.360956047867727 151.33333333333334 0.9442403416068905 0.9886288301485011
3.292849584095647 150.0 0.9400159847804664 0.9967545983237709
3.2881082461216096 148.33333333333334 0.939920239031679 0.9955978059708213
3.2367047651305403 150.0 0.9356749427308456 0.9712989015491446
3.2265643732666924 152.0 0.9324413254709351 0.9621900934472368
3.2247925164227795 150.0 0.9317664699091434 0.9625472696885674
3.215010202736925 152.0 0.9290809829803911 0.9752655772787029
3.2091045510923286 149.0 0.929209816733001 0.9722242537392896
3.2030205516263943 152.66666666666666 0.9298423855219304 0.9659420336704043
3.1935244331919965 153.66666666666666 0.9311008421242619 0.9524262561407525
3.1817494141484923 141.66666666666666 0.9339407206445005 0.9173358664739718
3.177273427560656 146.66666666666666 0.9368218061079623 0.8728880788665878
3.1769532584785622 150.33333333333334 0.9371526728786271 0.8660100193149662
3.175907336984259 140.0 0.9397376520973624 0.8154394581813169
3.175484484550101 148.0 0.939328736190792 0.8301192388478813
3.1754713379655515 148.66666666666666 0.9383303730383166 0.8222228017990708
3.1729194364931605 140.0 0.9365707186152474 0.812546578955084
3.1685361336547344 137.66666666666666 0.9350141533068047 0.8237314821977787
3.161423727119029 148.0 0.9326465865633036 0.8551886172619249
3.161298060686653 141.33333333333334 0.9305544562872164 0.8685251971981809
3.1655980432954127 144.33333333333334 0.9273261175050929 0.8877570175204429
3.1659042704515663 146.33333333333334 0.9237283630633758 0.9168661834898887
3.1632904751839677 149.33333333333334 0.919776998360905 0.9506473166849194
3.1626565799005295 144.33333333333334 0.9177060854404365 0.9643460102590018
3.166621721027753 152.33333333333334 0.9161874402625501 0.9678815639002795
3.1818826894153527 150.0 0.9153145203763812 0.9724978508926357
3.204431937243704 147.33333333333334 0.9157719722131948 0.9708800296242351
3.2199906828824916 150.0 0.9179510321016054 0.9711837192787482
3.2414907567511526 146.66666666666666 0.920686552564456 0.9687955639387439
3.2719867467782175 148.0 0.9239085151188412 0.9644251454930619
3.3066613064736607 144.0 0.9270597255323548 0.9544972822860764
3.3417564486757345 146.33333333333334 0.9298324840755922 0.946792256945141
3.3882091151934377 146.33333333333334 0.9338099918002883 0.9318394832125416
3.4296846324138737 139.33333333333334 0.9371829816879408 0.9226950629402274
3.4616979341416347 143.66666666666666 0.9397041204171185 0.9085570474373913
3.4947287260021085 134.66666666666666 0.9418055975071179 0.9060262191227038
3.5108885970476416 144.66666666666666 0.9433662298966569 0.8985309195533786
3.522562744974063 136.66666666666666 0.9449356204438955 0.8877861118848074
3.542098343656917 134.0 0.9465737466516394 0.9033655256420602
3.5601583494506714 140.0 0.9479447747519889 0.9006840638544001
3.5888853806831125 134.0 0.9491472385208366 0.902178119539034
3.6191754725715675 134.66666666666666 0.9505067995609363 0.8779242140620869
3.6527815479970744 135.33333333333334 0.9511198802397591 0.8604543870398196
3.6890550931683594 115.0 0.9511099392072374 0.8580419247016756
3.7326056466259043 140.33333333333334 0.9510959742877535 0.8579186884919399
3.7742209891472824 129.66666666666666 0.9511384732114916 0.8274025474983825
3.802396353312566 112.66666666666667 0.9511789038962981 0.7825204523754724
3.8343693641004006 108.0 0.9513806118920316 0.7287137265518748
3.851161311062844 111.33333333333333 0.9512188120375911 0.6983345796737903
3.857746957515365 141.33333333333334 0.9509883015447901 0.6338628935535425
3.8544408105138848 109.0 0.9503346583110698 0.5984329789143805
3.8456858027310084 110.0 0.9487532676236076 0.5921522829997393
3.8317792730714317 136.0 0.9468750826306388 0.596420832935803
3.804994769923445 110.0 0.9447274051247104 0.5887005102258039
3.801275333279129 125.66666666666667 0.9444456322005939 0.5869811130274167
3.745597322728855 111.66666666666667 0.94018076870708 0.5761810043726089
3.71338379783981 108.66666666666667 0.9374594080492157 0.5824811154244915
3.677716947265877 127.33333333333333 0.9343594108833799 0.5716540332558658
3.6602383669460035 129.0 0.9320545023072471 0.535033605341812
3.6384741459446976 128.0 0.9280012943229449 0.48624693055371493
3.618313386746403 135.66666666666666 0.9236189062966211 0.47650698872212893
3.603099370275304 138.66666666666666 0.9196190973422208 0.4906312396462566
3.5946832665356405 112.0 0.9167765375610019 0.5083048180470677
3.583032721682848 111.0 0.9138036421839568 0.5446627590115554
3.561578894865359 131.0 0.9097168162464074 0.5578420174424511
3.5516671452948003 112.66666666666667 0.903672071872674 0.5385707611675404
3.557322071178895 113.0 0.8981111994907024 0.5190852692789631
3.559909074863082 143.66666666666666 0.8915021818066758 0.5338118000667011
3.5597584717945563 137.33333333333334 0.8858536757277422 0.5164577740754024
3.5471116303483674 130.66666666666666 0.8811953169168587 0.5342438101401865
3.5267188703686703 126.0 0.8771891804528023 0.5437140472351465
3.5061240759894328 106.66666666666667 0.8753320402659548 0.5397313958658855
3.4839671750405365 108.66666666666667 0.875024842184577 0.532969214189879
3.4333773786461457 111.0 0.8766739236692203 0.5534623390817982
3.427958547378227 132.0 0.8769741303915884 0.5546661244373542
3.337106956756794 115.33333333333333 0.8822753284062309 0.654814846305687
3.267005032444745 115.33333333333333 0.8860765531957682 0.6894297261829438
3.2071951220981596 133.33333333333334 0.8876431977947916 0.732424194589906
3.1358352231288698 138.0 0.889687641267388 0.7797378189605535
3.0834586863724365 146.0 0.8913074252635269 0.8365772592889111
3.0170110149379763 151.66666666666666 0.8915237197343121 0.9216910412991572
2.9495906439362796 154.66666666666666 0.8902983225092904 0.9767300324847095
2.8981353644090393 159.33333333333334 0.8885887485515338 0.9970178538004628
2.8506268231452543 156.0 0.8869277639051605 0.9988256308896227
2.7786618381984423 157.0 0.8838561968983106 0.9789214727732091
2.721258227609703 160.0 0.8787223935719032 0.9434836556631144
2.7143792801015785 156.66666666666666 0.8777614846914198 0.9363385550522411
2.6321484461180615 157.66666666666666 0.8620420704790015 0.8101832007461344
2.629125070592093 158.0 0.8610199947174768 0.8005403115931784
2.602339636902581 160.33333333333334 0.8572600541629238 0.7828949992336814
2.5383105342289625 161.0 0.8529261205889799 0.7986208692685606
2.503578280620583 162.66666666666666 0.8502864575906784 0.768372706400999
2.4827128049890796 161.0 0.8472877341207952 0.6934179318708605
2.470531852001216 162.66666666666666 0.8476593085660913 0.6334471964717864
2.461762752460511 168.0 0.8525735562289309 0.6082942453862811
2.4615398634537873 158.33333333333334 0.8605387238530736 0.6110092168343628
2.4796685535407863 160.0 0.8728317792749989 0.5981407343184029
2.5069466850923283 160.33333333333334 0.8834173965911839 0.6224679426837314
2.5567383343068357 151.66666666666666 0.8964578883378279 0.6511915252461061
2.624461822955652 155.33333333333334 0.9059953277134343 0.6456642830832053
2.6994226902374354 153.0 0.9124061542064867 0.6200718399092737
2.7901968644503663 145.66666666666666 0.9173463516001183 0.5047970603830431
2.867153629657294 138.66666666666666 0.9202434512639427 0.35310513491435924
2.93160157558786 115.66666666666667 0.92190204346619 0.19554450641488264
3.022671394494083 129.0 0.9234807041627474 -0.008398275902114397
3.030655253789393 134.33333333333334 0.923572901154948 -0.023627607757945424
3.119541771455595 106.66666666666667 0.9235487095452923 -0.25928710105605884
3.1587337881117246 129.0 0.9228771704837259 -0.3362873186734551
3.195837317063494 119.0 0.9222283301274913 -0.3913243119215694
3.213983439940547 121.33333333333333 0.9202966502248388 -0.3359137265001826
3.2205372480336454 107.66666666666667 0.9175795214385631 -0.06577899318058489
3.232934461964966 108.0 0.9133615496005612 0.07325127522470147
3.249892798210696 107.66666666666667 0.9072513087646531 0.22687529154222072
3.271259292607098 114.0 0.9006504437836352 0.36872601351992534
3.2930690144258596 110.66666666666667 0.8964589327037612 0.4683082887479088
3.3103924422719633 132.66666666666666 0.894157969246884 0.5986278867364027
3.3084860098752955 136.33333333333334 0.8941246447578023 0.6933710770681593
3.281400395143711 141.66666666666666 0.8942953785482672 0.8717450405036494
3.259596167085544 148.66666666666666 0.8929803513834415 0.8967088976006765
3.230324237452435 143.66666666666666 0.8919131486366266 0.8635044866278332
3.2101327038789145 150.66666666666666 0.8900092243071178 0.7914740130279652
3.207528965299376 147.66666666666666 0.8885625108508189 0.7427202372144631
3.2088793272477605 138.0 0.8865512686500815 0.6970616194005979
3.215627826568906 137.33333333333334 0.887281988928031 0.6830286382205117
3.227563406419761 136.33333333333334 0.890095656331528 0.6611282380843553
3.2395542064305873 151.0 0.8942594564062576 0.6362268100106548
3.2545240796517754 136.33333333333334 0.9013272989645869 0.6483767073432112
3.2610786637284592 139.33333333333334 0.9075624968428349 0.6521541982904335
3.276250582197433 141.66666666666666 0.9166633171363171 0.6897137909705823
3.3031850538138414 145.66666666666666 0.9241019022603956 0.7474904557778669
3.329215012968419 147.0 0.9293575798442241 0.8091515220414949
3.3616167248060336 150.0 0.9337292099257449 0.8706711322445195
3.400808755736467 147.0 0.9370561700574679 0.9139866491939235
3.4435108170577484 145.0 0.9401718223728928 0.9526608891516003
3.4837403421321853 141.33333333333334 0.9422093149721208 0.968894591201852
3.5374577622181618 133.0 0.9444122159055457 0.9838100138460047
3.574006707292707 138.66666666666666 0.9462681738279636 0.9918621185243376
3.611733743870596 134.0 0.9485467577672957 0.9933537946599272
3.636667676103848 138.0 0.9504012970402358 0.988968923987875
3.6692794571977783 140.66666666666666 0.9523298836930036 0.9864929062945864
3.7081899991910143 142.33333333333334 0.9542595382553196 0.9865988527659946
3.7410445686865104 141.33333333333334 0.9560831817615069 0.9870144069370022
3.7778235914578153 136.33333333333334 0.9580669498668606 0.9905298044478208
3.8136440570774712 114.33333333333333 0.9602640316356843 0.9933774532229607
3.840247793197504 134.0 0.9618934992171123 0.9944230627814664
3.873370217176972 117.0 0.9641852749722816 0.9905141650796317
3.912509357880944 115.33333333333333 0.9671573946236894 0.985818072034372
3.947317902322575 114.33333333333333 0.9706727783118482 0.9825335759696074
3.9776438276354082 117.0 0.9742607362683524 0.982018825011698
4.0068864514858005 140.0 0.9771539109251124 0.983081368965709
4.034369294782879 114.66666666666667 0.9795023888810218 0.9881310288384122
4.055405436309695 139.0 0.9821068998889365 0.9897379817765632
4.0772620974598315 116.33333333333333 0.9851729719062587 0.9858503450252056
4.090500020979324 139.66666666666666 0.9871732683264338 0.9806895895200025
4.09206196163144 113.0 0.9886939411117368 0.9803111495136525
4.089390395375046 131.33333333333334 0.9892324334912275 0.9803129145862055
4.099667462553391 111.66666666666667 0.9894333003705986 0.9928606983961434
4.1108419810307995 138.66666666666666 0.989616507534558 0.9950419500826082
4.130762886092507 116.33333333333333 0.9898978877963774 0.9955250068617053
4.133930339886661 113.66666666666667 0.9899347729253086 0.9953266003477377
4.1643442706227445 110.0 0.9902586430299294 0.9975337812420898
5.27444769784361 132.66666666666666 0.7908839049285419 0.7606388102926332
5.277127122417513 115.0 0.7910586113262157 0.7449134718369957
5.274588631825254 115.33333333333333 0.7908935340958445 0.7600462462506885
5.277175805110302 111.66666666666667 0.7910374580537114 0.7446551722091541
5.2744723991733595 129.66666666666666 0.790875115665007 0.76056581748942
5.2753003676600665 112.66666666666667 0.7909224212682803 0.7546330893868953
5.277288549695685 129.66666666666666 0.7910575378911249 0.7441338138578447
5.2753633597032445 139.0 0.7909365678099056 0.754269704628838
4.383884687022003 146.0 0.9814658748945423 0.993550083571905
4.396831570822843 111.66666666666667 0.9788951731970951 0.9919525732143867
5.274575586587212 128.33333333333334 0.7908597167023563 0.7599741320150818
5.275294080501995 110.0 0.7909345513807656 0.7544853061481852
4.45248746516722 102.0 0.9692149409284757 0.9766510491176595
4.477518862845896 109.0 0.9656520086849553 0.9872768937916779
4.511545972572282 126.0 0.9610224972584672 0.9930522648292407
4.54339309395956 106.0 0.9567797444629593 0.9960170210149466
5.277163948974836 107.66666666666667 0.7910371879150747 0.7447507360099407
4.616763881749159 106.66666666666667 0.9482046164158641 0.9875315889477351
4.641199281805675 106.33333333333333 0.9445106864961547 0.9772943720084651
4.671037428853964 133.33333333333334 0.9399392738421205 0.9511718075659817
4.719304331447256 106.33333333333333 0.9353719297769206 0.9252231044415323
4.752760770979407 121.33333333333333 0.9299131363369157 0.9244291515269415
4.7808732689444104 100.0 0.923746059573241 0.9118522970672386
4.799978121176808 103.66666666666667 0.9188532120105476 0.9050630957612317
4.816413072024113 105.33333333333333 0.9141434531091844 0.896828713066001
4.8316147277949675 104.33333333333333 0.9086447378527981 0.8908963618379084
4.844018767502844 103.33333333333333 0.9034127948200277 0.8865400182630001
4.851794080385359 103.66666666666667 0.8981086724143119 0.8917261118941714
4.858692429268619 99.66666666666667 0.8915853592182569 0.8764456682144107
4.8616166846909605 122.0 0.8860474682543876 0.8674892162482882
4.868992176896243 100.33333333333333 0.8820708274562188 0.868039858205657
4.880604161153688 122.0 0.8783080515021497 0.8631071610471106
5.426997811452922 101.33333333333333 0.7789380647975079 -0.767779774926943
5.277175417722171 118.0 0.7910317703352086 0.7445777941079809
5.274494914881981 99.33333333333333 0.7908715988636795 0.7599812720969825
5.2743140103982595 118.66666666666667 0.7908932252757763 0.7623418210806737
5.275542189817425 125.66666666666667 0.7907917832831788 0.7589348677735486
5.275536650882995 118.33333333333333 0.7908093373350983 0.7591851920988104
5.275681217358478 98.0 0.7908379156316097 0.7582388653848496
5.276539660720248 120.0 0.790757992432946 0.76394320169002
5.276443703064857 118.66666666666667 0.7907562827181256 0.7652665450628738
5.2764236568459 120.0 0.790776327652815 0.764837353048537
5.276532921440794 97.0 0.7907582005968377 0.7643458700874497
5.276518063889613 97.66666666666667 0.7907428304779902 0.7642668540264855
5.276449225976258 118.66666666666667 0.7907818925303027 0.7648576218276468
5.276538231606006 120.0 0.7907525733530009 0.7634734399006958
5.2764804900700595 98.0 0.7907426935626931 0.7642916298638439
5.172170999206247 96.33333333333333 0.8089929164029825 0.9240913975826169
5.188256666610342 120.33333333333333 0.8054024017510275 0.9381385411125267
5.198595454327255 99.0 0.8033950773825905 0.9422582474371
5.22475684448646 125.33333333333333 0.8004016086137735 0.9560684324137433
5.249894189109766 117.33333333333333 0.79741674655585 0.9790816818780752
5.266815925757894 93.66666666666667 0.7952463237249588 0.9954929066735724
5.291776135976176 120.0 0.7918297500865815 0.9923696222907535
5.30276949461518 98.33333333333333 0.7906174671048042 0.9840087915656109
5.306841533559082 94.0 0.7899751236660003 0.9784617162392139
5.308250904879705 95.33333333333333 0.7888929796663768 0.9661106944778137
5.300521747438445 95.33333333333333 0.7881533375103852 0.9690484753489078
5.268202231588131 120.0 0.7872645104968414 0.9883942280658088
5.266025936326071 125.66666666666667 0.7871878019597707 0.9892062750023307
5.2479838337196565 95.0 0.7866670151774218 0.9936746384663577
5.243066225837188 95.66666666666667 0.7863910771964241 0.9935960359680945
5.223498385700894 96.66666666666667 0.7853217446026143 0.9943331874634778
5.208098533655182 96.66666666666667 0.7844288251254822 0.9950046378400383
5.17097392856815 95.33333333333333 0.7800956153282478 0.9843820087761246
5.1449367732118825 98.0 0.7776965572925242 0.988995274081542
5.12074113144235 99.33333333333333 0.7767486350624623 0.9964538819485748
5.09506585738084 118.66666666666667 0.7776563645884932 0.9846738533275937
5.080069183372353 95.33333333333333 0.7780447576373404 0.9611228467410686
5.067277434888793 117.33333333333333 0.7788927052519005 0.9313243418120845
5.04818722481265 117.33333333333333 0.7791743408705546 0.9082452865616796
5.042828055136315 120.0 0.7803794524052656 0.8854905523769132
5.0224765834983645 95.0 0.7812088241415772 0.8945948744013617
5.00111328585397 95.66666666666667 0.7826075738972572 0.9230632587394684
4.9800627637588 98.0 0.7839568971201916 0.9591954989632318
4.996383285566557 96.66666666666667 0.785820234327971 0.9653413820974285
4.984437730496479 99.0 0.7872092343989224 0.9476436015756757
4.9718396041618345 120.33333333333333 0.7879528782081833 0.9035043827664072
4.954548009497929 121.0 0.7888124139066269 0.8626322248103522
4.929753294979569 99.0 0.7901222847904305 0.874854897518745
4.901877449842165 120.33333333333333 0.792220159608555 0.9423778422658895
4.8991008634856446 120.0 0.7924866718582091 0.9460723360896303
4.879789428728942 98.0 0.7956803523425423 0.9700272790213685
4.87215797711949 125.33333333333333 0.798007059502015 0.9739526565015372
4.855037825606816 117.33333333333333 0.8015010815769281 0.9788730701612488
4.84507226031767 101.66666666666667 0.8031428832460816 0.9765009708364016
4.830731814323567 126.33333333333333 0.8053237715901691 0.9724274903764901
4.814416413582427 101.66666666666667 0.8075742955748325 0.962759694776608
4.812301972635392 102.33333333333333 0.8078977272241088 0.9622130967007324
4.776679336711783 101.0 0.811588716219608 0.951420467456732
4.757331389351661 131.66666666666666 0.8139631478547444 0.9545687735037457
4.7386126628795635 130.66666666666666 0.8164965750940137 0.9539823360256705
4.716977477423205 126.33333333333333 0.8180081520352939 0.9515479066174849
4.684796472247033 125.33333333333333 0.8189218389378913 0.9498696098280377
4.653285272329808 98.33333333333333 0.8181647256218141 0.944949784226929
4.618870207340569 128.33333333333334 0.8175181183095058 0.944963008875322
4.570554539079858 105.33333333333333 0.8151017476451796 0.9523918939057446
4.520444556044339 99.66666666666667 0.8104307950983358 0.9554674485568863
4.464336903222286 105.33333333333333 0.8048144226738603 0.936092111152276
4.430724628131731 104.33333333333333 0.8014877976652665 0.9237983365114274
4.402128408945039 102.0 0.7969250500563471 0.9082830014770429
4.382250295586373 104.66666666666667 0.7945068045095708 0.8853911556535385
4.371142144247394 102.66666666666667 0.792334091724067 0.8748584904017177
4.369667505297211 101.33333333333333 0.7920953540930276 0.8752866915029633
4.35322704015849 123.0 0.7892197044346528 0.9091852516641789
4.346102042906354 104.0 0.7880951812386727 0.9129519949548732
4.337812018641333 103.66666666666667 0.7874826944115676 0.9083863337206227
4.33371795405977 101.33333333333333 0.7868966517127385 0.9177664347438402
4.321165410676843 104.0 0.7883450721916153 0.8684129562907098
4.315229734324281 102.66666666666667 0.7872374958399134 0.8553036063484829
4.298512129673853 122.33333333333333 0.7851607913648786 0.8398000080674107
4.270387219267044 103.66666666666667 0.7816665698411223 0.8351570326920414
4.243251405825652 101.66666666666667 0.7777334257683743 0.8254183476741274
4.218291354907717 104.0 0.7731927932492781 0.8229336464973094
4.201629611280775 107.0 0.7692188601912312 0.8274043499446048
4.181700078046563 103.66666666666667 0.7639013038693667 0.8174676076551236
4.163480059952992 101.0 0.757397051343264 0.8174441274730883
4.1609563383594 102.66666666666667 0.7564069505171441 0.8184932132379421
4.111017766121426 122.66666666666667 0.7416592925896942 0.8223979299971409
4.078898446343918 122.66666666666667 0.7300861664064797 0.7321823297687111
4.050977912736876 128.66666666666666 0.7227774545452975 0.6840133742385792
4.032983841955409 122.66666666666667 0.7169922694297088 0.6400794501867314
4.006788033088426 127.33333333333333 0.7093606416413778 0.5679805724209056
4.004756102331714 125.33333333333333 0.7088257924115244 0.5637973724103831
4.0028555268383785 120.0 0.704798038570533 0.457134213960286
4.008428444548804 119.0 0.7038042072486302 0.5111612972954971
4.005862952941114 122.0 0.7016854366514025 0.6251238144803193
3.9916586257998725 102.66666666666667 0.6962558880233408 0.7852423939399441
3.9771032650826235 97.66666666666667 0.6910576552576874 0.8460420300178161
3.9518756676647055 122.66666666666667 0.6838130667688482 0.8972096922449213
3.9253600356928335 105.66666666666667 0.6768606844232664 0.9283628778222482
3.9214788893007104 104.0 0.6760339573117786 0.9306757356605444
3.890335955113562 122.66666666666667 0.6687086365137753 0.9410481066734288
3.819670620958625 103.33333333333333 0.6597950199108193 0.94334157666908
3.7778562461268446 104.33333333333333 0.6570574191713056 0.930644435785526
3.743665734283601 104.33333333333333 0.6553757554225516 0.9018909993556012
3.7078264138472576 100.0 0.653975563529123 0.8644491317458723
3.674117579466991 104.33333333333333 0.6538428439214431 0.8451974468497899
3.6499563457364266 99.33333333333333 0.6552847763687131 0.8416606208744895
3.6273714588259818 103.33333333333333 0.6579398344050592 0.8600090461358262
3.6138106767376126 102.66666666666667 0.6604864084152738 0.895301538167389
3.603441100024944 105.66666666666667 0.6604083919694484 0.9281963813972973
3.593351165972849 125.66666666666667 0.6594233312769376 0.9605632341383663
3.5726763926850227 132.0 0.657348425648342 0.9741763320051906
3.55323375081702 131.0 0.6557502829289379 0.9797323252487942
3.5322580386553772 102.0 0.6530485811273735 0.9842988359465207
3.510113112063823 107.66666666666667 0.6498583671452786 0.9875405058167686
3.486325807949992 124.66666666666667 0.6462489332868059 0.9876863922318885
3.456994628933727 110.0 0.6409462877669085 0.9887128224347408
3.415818643652832 106.0 0.6348881163719908 0.9788595759973759
3.387793989780191 125.33333333333333 0.6321868668570837 0.9506962788711524
3.356072245612907 127.66666666666667 0.62991518616756 0.8950703471472432
3.3274094699413257 109.66666666666667 0.627663977460369 0.8397938793480251
3.2977982353187865 107.33333333333333 0.6283262973018081 0.791319508502538
3.2799605173610176 132.33333333333334 0.6318489035772067 0.7544284570886836
3.2640140387668755 133.66666666666666 0.6393231806487192 0.692174229507112
3.2574794628009283 104.66666666666667 0.6477445515826945 0.6550276624793864
3.2666082617962107 126.33333333333333 0.6593304841593166 0.5797691937496254
3.274727048702884 107.66666666666667 0.6707690785834852 0.5598888546164892
3.2910286786658656 130.0 0.6837739162059462 0.5599410717639576
3.317959596079815 133.66666666666666 0.693959398023459 0.5697820389889642
3.349994856108125 104.0 0.7016937683026242 0.5942469876959603
3.4022381671404562 105.0 0.7104628109763638 0.5808395608695306
3.4573824966274485 108.66666666666667 0.7177039221619573 0.5793263579322853
3.5261533757329357 105.66666666666667 0.7244011844827051 0.55335248693923
3.5983356503410167 125.33333333333333 0.7303920901504022 0.5530215504277832
3.6626684010119237 103.33333333333333 0.7353787645134033 0.5457894294675024
3.7449648299274623 104.33333333333333 0.7414726727772663 0.49844924838938004
3.8344104441900146 99.66666666666667 0.7461066789596774 0.4346936017398141
3.900866215822497 127.33333333333333 0.7492761615567274 0.3692671405862178
3.9473404624702515 120.0 0.7521743231216979 0.3177559425125202
3.981499143520607 118.66666666666667 0.7550076003190042 0.28770231077815767
3.9836805881755217 94.33333333333333 0.7552896419030134 0.2865263384146575
3.9736937489101702 103.33333333333333 0.7580899970696422 0.34325756089663473
3.9416901977904946 122.66666666666667 0.7586137184183379 0.3987428328041291
3.9021264667803433 103.33333333333333 0.7574474821690673 0.47620686585523264
3.8493108870117716 105.66666666666667 0.7539130420989991 0.5493625344070292
3.806039081665532 104.0 0.7507583995841794 0.602462508954462
3.7312173964262754 123.0 0.7439407530613728 0.6818024570386205
3.6846691823240327 124.66666666666667 0.7385209349354824 0.7306911363976836
3.6155819400704954 109.0 0.7302157887138289 0.781814706237863
3.5507183423322957 107.33333333333333 0.722029412434646 0.8178670717700438
3.4856817426973548 129.66666666666666 0.7139767570414038 0.8572453147061708
3.429640995374248 129.66666666666666 0.7075699932196534 0.8779498465595943
3.36604008283457 137.0 0.7021331407577336 0.8912255409661052
3.311768523793218 129.33333333333334 0.6978369936605942 0.905593168936568
3.2377646194694836 113.66666666666667 0.6916944731343859 0.9391049684041333
3.1765414390147213 114.0 0.6877958301922201 0.9622181800141307
3.119473331291756 131.0 0.6840076167831569 0.9785901205411633
3.0756181747870333 114.33333333333333 0.6818956884236309 0.9860225027373177
3.0285139549786697 114.33333333333333 0.6805510364323168 0.9874007801205485
3.0002957663235983 111.66666666666667 0.6775941364879448 0.9695987359710123
2.9870062625226277 111.66666666666667 0.6759049335614653 0.9280215539049841
2.984910593120431 132.0 0.6706124161063448 0.841169514918686
2.9836095754315073 129.66666666666666 0.6654911182358976 0.7546939938546271
2.985675801739648 107.66666666666667 0.6617564539136541 0.6725450117612851
2.989900507873725 137.33333333333334 0.6573130415090881 0.5398084305377613
3.0009832256856055 123.66666666666667 0.652886596663269 0.3626309607825026
3.01656181035719 103.33333333333333 0.651366945318484 0.21020836635352644
3.025920158844094 103.33333333333333 0.6535841771946374 0.1253214709734012
3.0394195143303593 121.66666666666667 0.6569595908168131 0.046590673450032115
3.0640474306168857 101.0 0.662145907618072 -0.09122781375946588
3.0780360252523304 131.66666666666666 0.6686290229359343 -0.14458288015108386
3.092327578988098 126.0 0.6785134301708329 -0.17020410772232203
3.103911909730683 96.33333333333333 0.6878258458560761 -0.2064347233924222
3.1099840459392163 119.0 0.6961236695409873 -0.1989071247427256
3.113693301729621 97.0 0.7015915700644824 -0.14272969953656012
3.107659487085018 122.66666666666667 0.7117403469951056 0.04566826836120796
3.102462866796588 104.33333333333333 0.7222843224717366 0.23618530101675506
3.1065453312070312 105.0 0.7285202835011267 0.3143098117041279
3.1084729563566107 129.0 0.7456749785300968 0.5319417273739594
3.1030638829268633 114.66666666666667 0.7561523213149814 0.7003361437135295
3.095256193468839 113.33333333333333 0.7665700072699279 0.8540703107747738
3.0870319927631398 114.66666666666667 0.7782845660923849 0.9514447006833895
3.08579753299467 132.66666666666666 0.7796612804751307 0.9590310262463302
3.069532541010549 136.0 0.7968645192677638 0.9849819110972492
3.0598819566611857 143.66666666666666 0.8083867657521849 0.9496496979694196
3.051249703849058 143.66666666666666 0.8188653927396862 0.8860484289045754
3.040041791902523 150.66666666666666 0.8283275947194713 0.7956254021213819
3.032878663234522 136.33333333333334 0.8358608257697221 0.6825146233795668
3.030090562779694 141.33333333333334 0.8430612585297421 0.6003327446790383
3.0269178264695795 139.33333333333334 0.8501152943748234 0.6239962674276904
3.026433341075363 135.66666666666666 0.8564918008084308 0.6964285627484184
3.032754374463781 149.33333333333334 0.8607877048199435 0.7829980907374914
3.0440761346042593 141.33333333333334 0.8643717663649767 0.8733587680098609
3.061313207239858 143.66666666666666 0.8666407924529748 0.9462393889724336
3.0683876475433722 146.66666666666666 0.8674741284999888 0.9560400911034925
3.1048697654030284 145.0 0.8706340117646378 0.9978607456809027
3.1145914167676567 143.66666666666666 0.8715404388136396 0.9993563322988821
3.140763500410238 148.66666666666666 0.8733200520339771 0.9954125135065818
3.1572772181893374 141.66666666666666 0.874378838797494 0.9868756737596918
3.1678953898201945 138.0 0.8752511309664188 0.9821706528535765
3.187380148241979 135.66666666666666 0.8766566984484719 0.9692384393443874
