2.3241152244209555 177.33333333333334 2.3218573509687537 2.3221256453023438 0.999509442683373
2.3239080366243194 178.66666666666666 2.3216771496140587 2.32203104865266 0.9995147013041128
2.323549771641364 176.0 2.3213586290178245 2.322225366963725 0.9995165312438273
2.322930113793322 178.0 2.3207141970266174 2.3211291843265176 0.9995145224195947
2.3228792643904765 175.66666666666666 2.3206637713606417 2.3211919511167265 0.9995200824074632
2.3220694970465723 178.33333333333334 2.3197866699183596 2.3202093355735123 0.9995061406476069
2.319734210916555 176.0 2.317342141847597 2.318346984687583 0.9994899116522995
2.317977605939226 177.33333333333334 2.3155215760919505 2.3169299211241197 0.9994801259589162
2.3172256806504317 178.0 2.3147368041061966 2.316446592895338 0.9994767773854654
2.3163747538665884 177.0 2.3138361012274675 2.315261986451774 0.9994617180867662
2.3159204539309752 177.33333333333334 2.31334096790701 2.3146593876652513 0.9994630419491366
2.3152948915489184 177.33333333333334 2.3126976005155244 2.313985885003392 0.9994587505081476
2.314872391414887 177.0 2.31226609228279 2.3135573102445157 0.9994547809363448
2.3144865202292233 179.66666666666666 2.3118556594292525 2.312977158102682 0.9994527095383396
2.314407550442934 175.33333333333334 2.3117568655792207 2.312933032197454 0.999453808261188
2.314214819467442 177.33333333333334 2.3115504612469295 2.3126714479573387 0.9994506847992286
2.3139722003441214 176.0 2.311295515318314 2.31232949502564 0.9994489523960802
2.313848864364056 179.33333333333334 2.3111468193788607 2.3121475231059185 0.9994415115312089
2.314070519000463 177.33333333333334 2.3113432810100862 2.312570741030739 0.9994359203263814
2.3140296371207514 178.0 2.3112914207494315 2.3125190125327015 0.9994358994952737
2.3140077581490788 175.33333333333334 2.311269782722866 2.312700098992087 0.999425099394153
2.3140528309415824 179.33333333333334 2.3113110648445097 2.312359512233231 0.9994333543104037
2.3144639982086703 177.0 2.31174357297482 2.312815450902729 0.9994289826897921
2.3150694775235814 176.0 2.3123638119484142 2.3132591055717744 0.9994319896133217
2.315469979549992 177.33333333333334 2.312791089495297 2.314001424238147 0.9994429433424459
2.3155112784956797 177.33333333333334 2.312846477417882 2.314265277026473 0.9994425968211661
2.315574534090301 177.0 2.3129178255627125 2.314050772952204 0.9994457873394673
2.3161706507097493 176.66666666666666 2.313513296301435 2.3144797721278274 0.9994429644428436
2.31655839929423 179.66666666666666 2.313897426520207 2.3146337555450596 0.9994415859182542
2.3169508433785784 178.66666666666666 2.314287027333718 2.314881926002078 0.9994470023151211
2.3177304352299273 177.0 2.31504757797682 2.3153206774724 0.9994422880323021
2.3185779581135644 177.33333333333334 2.3158770491354206 2.3156241400864928 0.9994402110448535
2.319854251093762 177.33333333333334 2.3171390509438616 2.316023728372678 0.9994468625262265
2.320843283928481 177.33333333333334 2.318140565957113 2.3163400311926745 0.9994487687684626
2.322041294726315 179.66666666666666 2.3193337462121772 2.3167825674765363 0.9994530452486049
2.324076648471369 179.66666666666666 2.321327715184471 2.316956243123912 0.9994527697733787
2.3257429167447485 175.33333333333334 2.3229516955404463 2.3169528074949097 0.9994525982942987
2.32729130946447 179.66666666666666 2.3244653637605026 2.3171398856205 0.9994523649928554
2.329402185541169 178.0 2.326567049288909 2.3170086040418445 0.9994557046010528
2.3306954704368703 177.33333333333334 2.327849126197138 2.3158607975460215 0.9994583973445177
2.331375169344849 178.0 2.3285730500952457 2.3148303659527882 0.9994732478183677
2.331337724524882 177.33333333333334 2.3285662457503435 2.3144351115821755 0.9994709223116266
2.330909059432427 179.66666666666666 2.328120781536704 2.3141697692150505 0.9994742254294819
2.3306436805138824 178.0 2.327803044766404 2.313583839070111 0.9994595971223551
2.3300405532290296 176.66666666666666 2.3270948973318406 2.31129383992779 0.9994509875675786
2.3288359577438897 176.0 2.3258488872976715 2.3113181522607342 0.9994402626661332
2.327321034633363 176.33333333333334 2.3243234886285475 2.311216958426882 0.9994357734632462
2.3251069619382836 174.0 2.322049332846119 2.309677138843939 0.9994074629399996
2.323316054777728 178.0 2.320199697515687 2.3089953722681287 0.9994002853975243
2.321828382458777 175.66666666666666 2.3186221548250807 2.308179378802249 0.9993829455048039
2.320207380449513 181.33333333333334 2.3168542895040405 2.3058553159423396 0.9993604996048082
2.3189548127095017 177.33333333333334 2.3155222303077028 2.3034502840140023 0.9993425736782966
2.317590388599624 177.33333333333334 2.31410539592194 2.3014145819951692 0.9993358406378385
2.315759518672232 177.33333333333334 2.31220804029493 2.298392462483472 0.9993313878125886
2.312397819985983 178.66666666666666 2.308772935120205 2.2949382770083693 0.9993169776349119
2.3092831887176186 179.33333333333334 2.3056141420406857 2.292071778857239 0.9993008604004977
2.3056777044076693 178.66666666666666 2.301911605268236 2.288612824176305 0.9992857625972387
2.298705274479023 177.66666666666666 2.294809130356792 2.281787942720109 0.9992491040173175
2.2941544704805166 180.0 2.2901574550569976 2.2790127095792654 0.9991987189733387
2.289516917051519 177.66666666666666 2.285464953121225 2.272641693383241 0.9991907512708064
2.284859046780071 180.0 2.280748788445076 2.2656459598901932 0.9991717599877595
2.2794365150570153 181.0 2.275267223100395 2.258479811051752 0.9991586774484481
2.2704369208994195 178.66666666666666 2.2661415893316423 2.2502104058287404 0.9991257639658171
2.265435697448887 178.33333333333334 2.2610663398191084 2.2461345826288857 0.9991126249055556
2.255987722198649 180.0 2.251397676169169 2.2370721200779875 0.9990617921430198
2.2492434615420667 179.33333333333334 2.2444767411349225 2.229278835638304 0.999018728054818
2.2397766992559087 180.66666666666666 2.2348057576917664 2.2201718962479795 0.9989753619153243
2.2325886623312177 183.0 2.2274673513325154 2.213701119763148 0.9989472031109643
2.223219586994983 180.66666666666666 2.2178940978948782 2.2051782104661783 0.9989063775869007
2.218841292322876 183.66666666666666 2.213386696304291 2.200179206088631 0.9988730082293311
2.207512418624444 182.66666666666666 2.2017393983227214 2.188877870422872 0.9988135447897376
2.2006152922017863 183.33333333333334 2.1946506198269464 2.1827494637682596 0.9987761518609263
2.193771936924202 186.66666666666666 2.1876145952839376 2.176234589618589 0.9987306431322669
2.1847272658924752 183.33333333333334 2.178513986674321 2.1670251325840497 0.9987483620068152
2.1796378913473013 183.66666666666666 2.1732566993802065 2.162045461293764 0.9986824627905403
2.1695265790757245 186.0 2.163036509238131 2.1517068312062513 0.9986570540008456
2.161149428968236 182.33333333333334 2.154563883745186 2.1443695997692958 0.998632277951268
2.149004785664885 186.33333333333334 2.1423479751809733 2.133278909364271 0.9985957036769759
2.136133805745932 185.0 2.1294492861430196 2.121748620439078 0.9985756885044499
2.1263091249410517 186.0 2.119656640502797 2.112509541540685 0.9985863652418152
2.1162134320917176 185.66666666666666 2.109653885801977 2.1027269377080184 0.9986010587859467
2.105618415028588 186.33333333333334 2.099163376477129 2.0924610194861075 0.9986032383774636
2.094547931189894 185.0 2.0882312724722025 2.081829199795027 0.9986082117346136
2.083116933990872 186.0 2.076964204860766 2.070345735820351 0.9986549179138184
2.0633277836109625 186.0 2.0574182578024955 2.0507972868324864 0.9986789830638326
2.051484670580793 186.66666666666666 2.045732418332674 2.0383161753326497 0.9987053685381482
2.039876932357479 186.66666666666666 2.03422746505875 2.02548770740708 0.9987230854816643
2.032065368812968 187.0 2.02646140294888 2.016929978813315 0.9987305972399536
2.0157719408575656 189.66666666666666 2.0101989151666095 2.0019131645721537 0.9987414064103893
1.9986721406176255 186.0 1.993137970970265 1.985052177715978 0.9987410412422374
1.984789522110448 188.0 1.9792942740793293 1.9717650087328324 0.9987375411104943
1.9800815823075473 187.66666666666666 1.974610394556524 1.9678645899258147 0.9987512663096573
1.9607367505704605 190.66666666666666 1.9552824448247708 1.9506577752086196 0.9987594361167771
1.9378445503903872 187.66666666666666 1.9322832822466878 1.9277835169720587 0.9987558885691401
1.920124599058817 190.0 1.9144339683995393 1.9092864155566274 0.9987548525620155
1.9071478131135882 190.33333333333334 1.9014443460311734 1.8957034470254923 0.9987914941211644
1.8939830493143512 188.0 1.8882058926374718 1.88207444653341 0.998795881458107
1.8765600901517399 190.0 1.870750180979366 1.864950901866403 0.9987793274513576
1.8640640982495866 192.0 1.8582431766395506 1.8520531638010762 0.9988033474562803
1.85174958691749 192.33333333333334 1.8459215996468499 1.8393144882891548 0.9987880247808267
1.8354398993878307 192.0 1.8295496767135593 1.821403441567002 0.9988046914254439
1.8238957130939688 192.66666666666666 1.8179573527448458 1.809426034983805 0.998802655319099
1.8115357538997003 193.66666666666666 1.8055451761333061 1.798174826808653 0.9987831046209386
1.7990846065688562 194.33333333333334 1.7930967104370557 1.7876115098913978 0.9987675601979477
1.7838697417777927 193.66666666666666 1.7779075928541201 1.773949519352934 0.998780475067464
1.7735019738238853 193.0 1.7674386354932177 1.7605482859795527 0.9987686500602015
1.7608511288189959 193.33333333333334 1.7546436072151788 1.7481398147243339 0.9987415484863441
1.7501510135278937 190.66666666666666 1.7437134298657868 1.7352939832285414 0.9987078171415354
1.7394736283403458 193.66666666666666 1.7328739180586858 1.7251981601750273 0.9986606451931432
1.7288645181156332 195.66666666666666 1.7221167273016291 1.7150289461978356 0.9986317122287803
1.7184359435498282 196.33333333333334 1.711518546787845 1.7043375962803087 0.9985786850595034
1.704575414312548 195.33333333333334 1.6974078258739402 1.6897413827128636 0.9985251385453079
1.691539323188449 195.33333333333334 1.684115555102546 1.675192573508996 0.9984786302583295
1.6852396944392776 196.0 1.6776682959194775 1.6681299964895921 0.9984432547955919
1.6727653590875813 197.0 1.6648770042829502 1.6534778507279988 0.9983728704274267
1.6626382196674465 197.0 1.6544807555902912 1.6418229245326348 0.9983109440550425
1.6478668481049537 198.66666666666666 1.639459450787085 1.629927831125012 0.9982399353722574
1.6322369234426621 195.0 1.6234869672103054 1.612978155993047 0.9981323258861101
1.6251716771205031 198.0 1.616357133560872 1.6076782060642858 0.9981376497399171
1.6096797654945496 195.33333333333334 1.6005324361100526 1.5907989200954216 0.9979828262108756
1.5971289437714178 197.0 1.587881328100868 1.578964677025629 0.9979552448172526
1.5798203993148552 197.33333333333334 1.5705145310646784 1.5635653523125246 0.9979185809648049
1.5678080407042092 198.33333333333334 1.558409828202031 1.5511056649555541 0.9978923525814474
1.5565577193541904 197.66666666666666 1.5471756178217733 1.537460462270914 0.9979186596934236
1.5440316616445078 198.66666666666666 1.534368731048584 1.5241645460392053 0.9977848118403368
1.5265941865509018 201.33333333333334 1.5168217293094626 1.5076828292990028 0.9977294564291233
1.513191698637133 198.33333333333334 1.503235724621438 1.49477858806821 0.9976840262712174
1.499721133487644 200.0 1.4894648699545752 1.4819061176475967 0.9975833814577089
1.4813710924879377 201.0 1.4705650414708242 1.4655175637334699 0.9974370890200935
1.4678907400227883 201.66666666666666 1.456615058988438 1.4526909176198155 0.9972908196368814
1.455891999062227 201.33333333333334 1.4445519477049238 1.4412612698658924 0.997364136557466
1.4397331391908927 202.0 1.4277601125046946 1.4242830412993557 0.9971779681755428
1.4233376865644383 202.66666666666666 1.4107543877880167 1.407892733537496 0.9970119514744574
1.3992543505362671 202.33333333333334 1.3856468869102598 1.382647550010836 0.9967091965704857
1.3822855089955488 201.0 1.368016312615108 1.3669730980612207 0.9965423478501069
1.3695996610638885 200.0 1.3548199226385556 1.35499851554997 0.9963996827576662
1.3574765068812475 202.33333333333334 1.3421623056127054 1.3427749880818196 0.9962293782428783
1.3454572004385743 203.33333333333334 1.3296593293887908 1.3306375751519899 0.9961388689978177
1.3333648989104991 204.0 1.3170900817162645 1.319176068673954 0.9960026515347613
1.3177422394991511 204.33333333333334 1.300849834834128 1.302904323005661 0.9957988731222658
1.3060459053870084 205.66666666666666 1.2888216554640943 1.2909196610812756 0.9957333838748726
1.2941128933710089 206.33333333333334 1.276635492639084 1.2790784553942638 0.9956596121606933
1.2784590307222736 206.33333333333334 1.2607225845827856 1.2632464712836688 0.9955984483328273
1.2668256658229653 204.0 1.2487552442944432 1.2530566604902125 0.995449723902345
1.2548266098241254 201.33333333333334 1.2364998575191812 1.239649409682131 0.9953790403100399
1.239383477723998 206.0 1.2208374847994137 1.2242731204608128 0.9953240590503438
1.228161696495842 206.0 1.2095481261482801 1.2127611202403625 0.9953096887799928
1.2167852339823282 207.33333333333334 1.1981504568078438 1.2008768509826102 0.9953217430100657
1.2012949321951865 206.66666666666666 1.1828314736025853 1.1857587953415862 0.9953257786269107
1.1899403675642863 205.0 1.171814155945799 1.1740159281445062 0.9955295042168363
1.1744374645337012 210.33333333333334 1.1561502546266866 1.1578364515958302 0.9954262087185837
1.1652962234943534 206.66666666666666 1.1462303619438372 1.1487221019372547 0.9950587284340422
1.1497873201923965 208.33333333333334 1.1308376919918126 1.133121477312888 0.9951043140901729
1.1359148629322413 206.33333333333334 1.117670386908788 1.118411303856972 0.9953954925462684
1.125572798167036 210.33333333333334 1.1078206454525874 1.1069955226287287 0.9956964392428986
1.1107314020632757 209.0 1.0931522243449412 1.0920708741982361 0.995736256709385
1.1032567978986947 210.33333333333334 1.085754471937268 1.0846701935442384 0.995790470202449
1.0894918854401134 210.66666666666666 1.0717858840403485 1.0683132227730479 0.9957881815299982
1.0789210838926524 209.33333333333334 1.0609162443192477 1.055672702334294 0.9956936117716308
1.0640925874322351 210.33333333333334 1.0457139756541156 1.0395750645131279 0.9956596197632944
1.0527252004108374 209.0 1.0340575868579134 1.0270971620161833 0.9956103729054694
1.0413126428695025 211.0 1.0223447498079945 1.0144832149355991 0.9955617955170707
1.0254235237386375 211.0 1.0062340620359471 0.9993207885106062 0.9955553540018122
1.0176208418738828 213.0 0.9983571197492984 0.9918811951484224 0.9955281087142674
1.0026706904152238 210.33333333333334 0.983193746318397 0.9768084828735885 0.9955056237630776
0.9884036080223888 213.66666666666666 0.968686573307514 0.9630159659448588 0.9954519939142322
0.9814149322860584 212.33333333333334 0.9616260687453607 0.9564353897911516 0.99544230202771
0.967951004671015 213.66666666666666 0.9479729884508803 0.9426561376007472 0.9954441176806115
0.9582458756683829 213.66666666666666 0.9380379594202197 0.9323893555813578 0.9953863346522559
0.9451228928797392 213.33333333333334 0.9244794937418481 0.9195421867509607 0.9952960893768658
0.9351256220686266 212.66666666666666 0.9142053110846703 0.9100285059027987 0.9952671730467728
0.9255320512011314 209.66666666666666 0.9043360586967361 0.9011999655106738 0.9952093346646439
0.9132361443910051 213.66666666666666 0.8917500086822638 0.8892328817885132 0.9951298542335203
0.901665316617034 212.33333333333334 0.8799466968097238 0.8784802881526178 0.9950675897900759
0.89648513031124 211.66666666666666 0.8746546070351162 0.8736212663278417 0.9950439609060496
0.8844604666978947 211.33333333333334 0.8623264978345185 0.8614122916684473 0.9950062526265068
0.8779771836699619 214.33333333333334 0.855606047198444 0.8539592751727101 0.9950040882040924
0.8735599875860062 217.0 0.8510120013160732 0.8491912575955628 0.9949470169111169
0.8640170314631793 217.33333333333334 0.8410921587838505 0.8393770687016175 0.994906644257051
0.8537216142133897 218.33333333333334 0.8305316018183283 0.8300702897186397 0.9947868738323744
0.8460196840015761 216.0 0.8225466584267147 0.8226524344005469 0.9947205429899633
0.8384340776340063 216.66666666666666 0.8146480625548355 0.8148591550158722 0.9946941347739626
0.8282335385943209 219.0 0.8040975734528679 0.804660225901044 0.9945823605895919
0.8203531904450553 217.33333333333334 0.7958914426698995 0.7968644934147294 0.9945502895591345
0.809677936179944 219.66666666666666 0.7848023533214069 0.7860794771417093 0.9944841426355893
0.8041515684233393 222.0 0.7790442506121155 0.7802985848572966 0.9943987764870685
0.7927726007058279 220.66666666666666 0.7672110725383354 0.7689891303146782 0.994331734672536
0.783914022783128 222.0 0.758032257497805 0.7601470454819456 0.9941788788222397
0.7746727462192406 223.0 0.748275181366424 0.7505351530395425 0.9939676904892082
0.7624584352013867 222.0 0.735546754662756 0.7380389028095048 0.9938430066573498
0.753119821664041 223.66666666666666 0.7256258693361897 0.7280369036250699 0.9936944323967515
0.7105142871975393 229.0 0.6808732492158928 0.6843291240694329 0.993238913767308
0.6720080869420134 227.33333333333334 0.6385217498887661 0.6417837724161143 0.9922974353604215
0.628116149002504 234.0 0.5889151653673024 0.5926312899798257 0.9909816244522601
0.5956298006766145 238.33333333333334 0.550241793478343 0.5537522379235936 0.9896307646915266
0.5927211372190063 238.66666666666666 0.5467690142113381 0.5508578116742856 0.9895077494287785
0.5896672837765659 238.33333333333334 0.5431243486183552 0.5477323365567844 0.9894303262438274
0.5879807098540022 239.66666666666666 0.540957073941266 0.5459947931700513 0.9893178033152158
0.5869973741619313 238.33333333333334 0.5395205635162583 0.5448580215012196 0.9892521660852555
0.5866774247886879 237.0 0.5388413197129791 0.5444302347371439 0.9891235499612643
0.5870863319322996 238.0 0.5390390148833233 0.5449327517891972 0.9890458417184619
0.5886471413381327 237.66666666666666 0.5407234983733176 0.5476322435027599 0.9891080387844311
0.5900345019729147 238.0 0.5418940560775926 0.5479133328776888 0.9891310724173148
0.5911854904693808 238.0 0.5431231098606037 0.5492458970546482 0.9890418275343654
0.5950996427902846 235.0 0.547390556443971 0.5534903820797128 0.989124003923677
0.6012108028943147 233.66666666666666 0.5541968180320184 0.5604093212455528 0.9893117028366012
0.6106639151596742 234.33333333333334 0.564976560005012 0.5711235081617643 0.9896019481489019
0.6854585640962316 229.0 0.6471403848113713 0.6522456481494975 0.9911177070457484
0.730199347378193 221.66666666666666 0.6949672286433589 0.6986228361565812 0.991800205569632
0.745414954075344 221.0 0.7109711138941774 0.7138348136817008 0.9920292566225054
0.7568062700775685 223.33333333333334 0.7231419707609795 0.7262834093254388 0.9921159352387361
0.7725077684611668 222.0 0.7399637167164221 0.7431903371408691 0.9924120524120414
0.7882207057418477 218.0 0.757006189142595 0.7605362304267924 0.9926951075356295
0.7958906947282302 220.0 0.7653729475927691 0.7695107982817196 0.9928780799049395
0.8112424287211997 219.0 0.7817809455669877 0.7869328809950167 0.993090225797523
0.8272785995628201 217.66666666666666 0.7985742532363626 0.8047418381647303 0.9932381742161673
0.8355741470649634 217.33333333333334 0.8072294878734163 0.8137639070895596 0.9933092322211357
0.852259756715018 216.0 0.8245631062602041 0.8319834555686727 0.9934079746470683
0.8689172672480922 212.66666666666666 0.8416496325390513 0.8499929389077264 0.9935068516439807
0.8775196570372542 212.33333333333334 0.8504493239222518 0.8589886613763866 0.9935542070206856
0.895319682108339 211.33333333333334 0.8685480582479171 0.876490929080849 0.9936518805579583
0.9079015805644765 212.66666666666666 0.8814305226071678 0.8893361655685655 0.9937225095608067
0.9197274057181511 210.66666666666666 0.8934713065273279 0.9015087146610756 0.9937718688771765
0.9349106662943157 211.0 0.9089587468342816 0.9179228699812272 0.9938516278566301
0.9462419567053056 211.66666666666666 0.9202985067324114 0.9292888662712196 0.9937841198490588
0.9576590704273398 210.66666666666666 0.9318070161430809 0.9412287014731145 0.9938688059499651
0.9729192515514111 211.0 0.9469695987057047 0.9564676836656303 0.9938220714999919
0.9842336247769986 213.66666666666666 0.9581825659979764 0.9675543570522945 0.9938255261975989
0.9988336192036361 212.0 0.972688814243466 0.9820154191121 0.993774087844827
1.0093242649814522 210.33333333333334 0.9829808562554256 0.9927225318541975 0.9936894680243923
1.0197160789704185 211.66666666666666 0.9930949260194115 1.0034665998614896 0.9936522204078315
1.0336663542154814 209.33333333333334 1.0068956937373257 1.0177910429527628 0.9936096099157352
1.0439499566283843 210.33333333333334 1.0172425000407306 1.0281743204914813 0.9936383698954342
1.0539372670678344 209.0 1.027207237150235 1.0395580475586177 0.9934850866188195
1.0642039158367833 209.66666666666666 1.0377567129863967 1.0505889399445207 0.9936471017159303
1.077395389509054 209.0 1.050812058251585 1.065022839873209 0.9935313967164972
1.0873115672105436 210.0 1.0609178591702815 1.0759940181707346 0.9935651168810286
1.097807883945451 209.0 1.0716383757446524 1.0868518668305813 0.9936506333694111
1.1123026493737451 207.0 1.086599653758922 1.101846223379911 0.9937450788377756
1.1235070550228705 205.33333333333334 1.0980893865280872 1.1132025075008436 0.9938196291621355
1.1349953484830324 207.66666666666666 1.1098348677223662 1.1249837305807058 0.9939191539902443
1.1468992477946613 207.33333333333334 1.1218465526732615 1.1371842365076028 0.9939545342265544
1.1640007683816291 207.66666666666666 1.139013948120051 1.1541232553200342 0.9939912428204057
1.1819120733239237 207.33333333333334 1.15711021968744 1.1711255028877843 0.9940668235253161
1.1953430521959443 207.33333333333334 1.17076905880796 1.1840835112081678 0.9941095809250754
1.2087924759542428 203.66666666666666 1.1844178019789426 1.1971985802903558 0.9942052026053396
1.222307301870765 206.0 1.1980137983206245 1.2099389074758307 0.9942258316022168
1.2358225725594585 206.0 1.211583933038506 1.222368851963417 0.9942435118392239
1.2535350833203545 204.0 1.2294161488885091 1.2393867389832065 0.9943360254132534
1.2666444649698776 204.33333333333334 1.2426969451775671 1.2521373396228261 0.9944255893526946
1.284161161563856 205.33333333333334 1.2605342184746267 1.2693066033721878 0.99450255872988
1.2978559189447625 204.33333333333334 1.2748477574352473 1.2824721303256101 0.9947180451166144
1.3120173957676682 206.0 1.2895380761936335 1.2949947998714424 0.9948819928014618
1.3304607570507054 207.0 1.3088280860203627 1.3112760048708332 0.9951155061036466
1.3433726039964886 204.0 1.3224109835421878 1.3248431386986248 0.9953157626647801
1.3565696846523674 204.33333333333334 1.336247464214941 1.3382252206990979 0.9954885698950244
1.3744122913792354 203.0 1.354780213991225 1.3544152884839946 0.9956431247863523
1.3870319989468487 202.33333333333334 1.3678836408724528 1.368183400743338 0.9957867295206911
1.3994584733118998 202.33333333333334 1.3807039683029185 1.3815648794002708 0.9958987127479734
1.4161384573052354 203.0 1.3975741106393949 1.398305040273059 0.9959467884218675
1.4275507068910542 200.0 1.4089446838227098 1.4075823404240126 0.9960210318220218
1.4400008654685268 201.66666666666666 1.4214675267366703 1.4234174599655616 0.9960167362258578
1.4486725110695509 202.0 1.4304137025837729 1.4358323415789813 0.9960642066281009
1.461287382992993 202.0 1.4432884524714193 1.4507378455238273 0.9961134334661658
1.471213544084454 199.66666666666666 1.453199298612323 1.45996414331053 0.9961510808400156
1.479912687445365 199.0 1.4620042416316814 1.4698605035803531 0.9961781712016592
1.4879737747034096 196.66666666666666 1.4703041924028366 1.4801632866440309 0.996256415112704
1.49918069290612 197.66666666666666 1.4816722639069213 1.4942473847313373 0.9962092310400789
1.507762723028483 198.66666666666666 1.4903862146428928 1.503092831033871 0.9962549229090666
1.515954790303909 197.66666666666666 1.4987233149077432 1.5118047366539777 0.9962553136116435
1.525735711034584 198.66666666666666 1.5086222174364914 1.5228483989251265 0.9962847651976693
1.532177541025365 194.66666666666666 1.5150298623373415 1.5294534546803191 0.9962475466724651
1.5393745313570224 196.33333333333334 1.5223993412854073 1.5379281087424679 0.996284188034575
1.5486424598118866 196.33333333333334 1.5317078295852877 1.5468842980542334 0.9962566042373516
1.556946041641852 197.33333333333334 1.5401488950153672 1.5551155552753495 0.9962780246861614
1.5662840795338573 196.33333333333334 1.5496517919493906 1.5647461751445606 0.9963221207947806
1.5748178153543466 194.0 1.558011289327815 1.5722918374858104 0.996253879834505
1.5866368814131069 196.0 1.5697656630084393 1.5845385063790947 0.9962082484811463
1.596505052979204 194.0 1.579521706010788 1.5945688215009972 0.9961963663572582
1.6077226868837495 193.0 1.5905201091703192 1.6055261780653904 0.996158343746147
1.6197951355175617 195.33333333333334 1.602318105942201 1.617136564386326 0.9960473466801344
1.6366812629753518 193.66666666666666 1.6188431814862856 1.6336955447409687 0.9959935471930128
1.6550862140916573 192.0 1.6368979506614145 1.651878863270068 0.9958948919259544
1.669925432351511 191.33333333333334 1.651588598786019 1.6666396005590607 0.9958640880199308
1.6853571491564678 192.66666666666666 1.6669641539705795 1.6821624683459298 0.9958709777003514
1.7060673259454409 191.66666666666666 1.6876013800912577 1.7032013282226286 0.995840405510085
1.721717222630587 190.33333333333334 1.703291409347069 1.7195134502985547 0.9958646162154849
1.7375019237285192 190.33333333333334 1.7191023894284407 1.7357336813802438 0.995861673276987
1.7580224175616004 193.33333333333334 1.739643597544667 1.7567729743987262 0.9958820219938695
1.7731210742106691 190.33333333333334 1.7547601633553718 1.7721131795665097 0.9958911564590889
1.7879717604805088 185.66666666666666 1.7696373574540605 1.7871781635544646 0.9959403145662075
1.8077985133719683 190.33333333333334 1.7894265022391875 1.8072358349623565 0.99591944747706
1.8225961193434748 188.33333333333334 1.8041266267629021 1.821989040460838 0.9959340745919041
1.8371218516643397 188.66666666666666 1.8186727467977768 1.836554258679242 0.9959630509766118
1.8516245679594658 186.66666666666666 1.8332007378820536 1.85092647264107 0.9959685730472011
1.8711230816296955 189.33333333333334 1.852878359056771 1.8700874101096852 0.9960372494920889
1.8904018064207957 188.33333333333334 1.8722057914869672 1.8887460177213378 0.9960915186197072
1.904157372075936 187.66666666666666 1.8859351472637922 1.9021166717191405 0.9960972955211864
1.9170860899688733 187.0 1.8988311552632882 1.9148620331778534 0.9961035332147608
1.9459079533619565 186.0 1.9278657870874574 1.9422680551535616 0.9961826734100339
1.957944373141729 186.66666666666666 1.940039855273209 1.9539438250009693 0.9962440884837263
1.970176744310714 186.66666666666666 1.9526490265735676 1.967167192156427 0.9963144691145003
1.9814067155188184 188.33333333333334 1.9641460094911367 1.9785896902363274 0.9963724167909133
1.9958459179955166 184.33333333333334 1.9789392531517558 1.9928214908772062 0.9964248265700699
2.0113917115175823 182.33333333333334 1.994985162318159 2.008539177500431 0.9965371646476137
2.0192528023041154 185.33333333333334 2.003142049871369 2.0165326282985587 0.9966612069849521
2.035158242806388 186.0 2.019837337088409 2.032658380972089 0.9968175373454391
2.0467182327772533 182.33333333333334 2.031828104668631 2.0444198334954415 0.9969083543622368
2.062423307927171 185.66666666666666 2.0479963825458745 2.0603114960287185 0.9969692362025326
2.0744954841215733 185.0 2.0605405679324806 2.0722078586069888 0.9970688636651689
2.086375395402447 184.0 2.0728420614031844 2.084312763844864 0.9971546111316602
2.1016620651531936 185.0 2.088516681987665 2.098782682241871 0.9972442205564936
2.1088333461643707 183.66666666666666 2.0958844593456694 2.1056193393400724 0.9972717653534885
2.1228771688139245 183.0 2.110363381236251 2.119252099568686 0.997359140696506
2.138272339318395 184.33333333333334 2.1260090581460522 2.134215229454191 0.9974217346445367
2.150466930212269 181.33333333333334 2.1385704876099387 2.1465094372401543 0.997536780188018
2.1615676481629342 181.66666666666666 2.149897121277816 2.1574705835853885 0.9975859482914715
2.175419222637286 179.33333333333334 2.1641507017486816 2.1712801158335955 0.9976616029099059
2.1857460919376956 180.0 2.1747282369555343 2.182040689968558 0.9977167467667473
2.195523090175582 181.0 2.1847342088800006 2.192293692177009 0.9977754743223065
2.2043890575227496 181.33333333333334 2.1937788187665164 2.2012666240466165 0.9978049938650779
2.2163373822771826 176.33333333333334 2.206054219054233 2.213645388994182 0.9978618442305244
2.225156128759515 180.66666666666666 2.2150780053699837 2.223011131898625 0.9979072400135274
2.2342632113639076 179.33333333333334 2.224391159992549 2.232601516374756 0.997964473946588
2.245941382767359 179.66666666666666 2.236338411991604 2.2446097705509422 0.99801771876786
2.2577427373711654 179.33333333333334 2.248412595922317 2.2568075038986546 0.9980681159875853
2.2638538569079114 177.66666666666666 2.254682205246003 2.2630894258755485 0.9981063784310438
2.27625284961398 178.66666666666666 2.2674063307037264 2.27581493634398 0.9981702850842996
2.2859736361367116 179.66666666666666 2.277411676843317 2.285806318557556 0.9982195496757111
2.2949262940134743 175.33333333333334 2.286533595036647 2.294771786757772 0.9982514492931184
2.306949650951241 178.33333333333334 2.2987645779440733 2.3068968605219378 0.9982888117903623
2.3161666050958196 180.33333333333334 2.3080626667853643 2.316125383161744 0.9983041165676038
2.325754862460656 179.0 2.317675923540744 2.325725504256586 0.9982994741402988
2.3392245132717453 178.66666666666666 2.331235641384184 2.3392195475821325 0.9983401681267521
2.346163097985237 176.33333333333334 2.3382496569312954 2.3461527868078123 0.9983498996953416
2.359978841270395 180.66666666666666 2.3521314508380615 2.3598855499265743 0.9983738347296157
2.374815918852658 175.0 2.3670709582200504 2.3746069191171495 0.998392695184731
2.3863783386877806 173.66666666666666 2.3788419317960487 2.385899385818363 0.9984354923155659
2.402122648822144 176.0 2.394874677134248 2.4012016241993677 0.9985005436581934
2.4141335280284606 177.0 2.4070443115021862 2.41276088930291 0.9985269033538771
2.426361800083511 171.66666666666666 2.4193919991082167 2.424329278971881 0.9985521535358695
2.4387283937956656 174.33333333333334 2.431857508091626 2.436012149226095 0.9985782659486093
2.4507022798554887 174.66666666666666 2.4439377021388284 2.4475673983360497 0.9985948057818296
2.466886296657106 173.33333333333334 2.4602455289809484 2.462163702733546 0.9986190444937509
2.4836838180537537 173.0 2.4770902776186983 2.478038204550699 0.9986229920836375
2.496534626157206 172.0 2.489964415822651 2.489846919291787 0.9986436656095389
2.508147278096678 174.66666666666666 2.501538844285816 2.501550173535355 0.9986418132696214
2.5234816600586605 173.66666666666666 2.516775207538983 2.516802026885789 0.9986317392832464
2.531133331100149 167.66666666666666 2.524357249094483 2.524648134665352 0.998621580904918
2.55033739979534 172.33333333333334 2.543349152323588 2.5445160138144516 0.9986037240752247
2.561693678039763 171.66666666666666 2.554520249685064 2.5566247344531203 0.9985817822497955
2.5691210595062905 171.66666666666666 2.5618231054788465 2.564192549926481 0.998572028522616
2.583119370039124 168.33333333333334 2.575539798405902 2.578590310443662 0.9985364398450793
2.5963127786092453 173.0 2.5884495874071374 2.5917639409624376 0.9985018002685264
2.605643154329771 169.33333333333334 2.5975632292956123 2.6014404703579643 0.9984741174288738
2.6149440548378253 171.66666666666666 2.6066743477073477 2.6110473236707823 0.9984415620336825
2.6273458386051014 173.66666666666666 2.618846295838458 2.6231621792774966 0.9984146577441707
2.636493321378941 169.33333333333334 2.627873078124283 2.6323014274533976 0.9984050201041917
2.6479560799536386 168.33333333333334 2.6391783129055826 2.64411669987751 0.9983945828931607
2.6534856755057907 166.33333333333334 2.6446342030600927 2.650120157623954 0.9983855025405651
2.664193715946441 166.33333333333334 2.655208273966385 2.662167188504943 0.9983788214093182
2.6717367240265864 166.0 2.6627249993933657 2.670446833754552 0.9983721972554912
2.678610923552709 171.66666666666666 2.6695094827690475 2.6778370743634863 0.9983463421294949
2.6887234045832233 170.66666666666666 2.6794995429606785 2.687999334952589 0.9983254792108763
2.699882269640723 168.0 2.690444561478816 2.6995403059065577 0.9982754514131312
2.7088049570231396 166.33333333333334 2.699360958316207 2.708353137318682 0.9982746779648837
2.717590285974003 166.0 2.708160215011535 2.716676687143202 0.9982900634860156
2.7265383476386673 164.66666666666666 2.7171472106552015 2.7250717221857634 0.9983064801068486
2.738725518939658 167.0 2.729287484821911 2.7366527626965635 0.9983182670695976
2.744962554234935 169.66666666666666 2.7354561628172775 2.7426348487507397 0.9982883237909942
2.7572332758121507 166.66666666666666 2.7475277589970477 2.753951874821031 0.9982453253585063
2.7695708433464925 170.0 2.7596492810474986 2.7661511258749556 0.9982327542681956
2.7788718385536546 170.0 2.768843615621386 2.7752253399635816 0.9982121514571132
2.7880997741163633 162.66666666666666 2.777968324572827 2.784602410334663 0.9981998942521165
2.800990799041846 162.33333333333334 2.7906081145085673 2.798484242386087 0.9981724750927279
2.8109039702421397 165.33333333333334 2.800366280500482 2.8083718425793216 0.9981321345933614
2.8205738534744227 164.66666666666666 2.809839660520701 2.8182497214916906 0.9981221448658522
2.832972120723151 164.66666666666666 2.822007986848976 2.830720167332556 0.9980752880201851
2.842648941304246 162.66666666666666 2.8316904741011544 2.8406353800686146 0.9981063243745025
2.8521737781409446 167.0 2.84092300496808 2.8500400118824185 0.9980315548137578
2.8620634327683137 167.33333333333334 2.8507197966673945 2.8600940007633713 0.9980171080685265
2.875766675266705 162.33333333333334 2.8643394521879455 2.8738786799904554 0.9980056867199834
2.8866972569811873 160.0 2.87522817152523 2.884786146291529 0.9980071547004906
2.898232899200023 162.66666666666666 2.8867733183919353 2.8964113968910485 0.9980019403950309
2.9145264533169892 162.66666666666666 2.903268121218247 2.912819400583972 0.9980646987370138
2.927078593960054 163.33333333333334 2.9158546275695656 2.925432837646329 0.9980596226297598
2.9397295569775648 159.33333333333334 2.928387100139746 2.93809051248114 0.9980268567902337
2.9575143383228837 162.0 2.9463084539344284 2.95606962339571 0.9980527654900617
2.971214945560903 160.0 2.9600614929272417 2.969618674452938 0.9980716637558287
2.989698203923242 163.66666666666666 2.978514325194924 2.987899254511786 0.9980667323724138
2.998659128332722 170.0 2.987421197143375 2.996828006895906 0.9980468067089873
3.020515467370263 160.0 3.0092553005231193 3.0194084272226274 0.9980320744062924
3.0339220035976777 164.0 3.022718870662927 3.033100879129609 0.998053023555632
3.0472435686674895 162.33333333333334 3.036076685312155 3.046589525186001 0.9980623572865176
3.0605137770220345 158.33333333333334 3.0494263497248117 3.0600813866836574 0.9980632510273613
3.0783151057190965 155.0 3.0672571468635135 3.0780325430660005 0.9980678417516134
3.091989497446633 157.66666666666666 3.0809317536724636 3.09173380719678 0.998047414909169
3.1108531893336306 154.66666666666666 3.0998323865168165 3.1105511004030904 0.9980652094076067
3.120566085562029 156.66666666666666 3.1095773512268847 3.120173793150411 0.9980644109732143
3.1407846687325605 158.33333333333334 3.129862596266557 3.1397162858934577 0.9980863757181813
3.156862077283539 154.33333333333334 3.145880751512234 3.1555434034389243 0.9980760234565161
3.1771069275215202 154.0 3.1660313273512792 3.1747936044775447 0.9980693989507622
3.19106734256418 157.0 3.1799725001110954 3.1881471599764457 0.9980684751198059
3.208452494919594 154.66666666666666 3.197316203392957 3.2048141597176594 0.9980803027286933
3.2208842182651822 155.33333333333334 3.209892793352924 3.2163172460048735 0.998134196454268
3.231871469479493 155.0 3.2206701746713495 3.225609117474676 0.9980930274342953
3.2426872570729124 152.33333333333334 3.2314157003919455 3.235673567390605 0.9980917918593687
3.2562456526014536 151.0 3.2450009057542446 3.2479427428126297 0.9981246165068782
3.265124985160814 155.66666666666666 3.2536519492780585 3.256414651675412 0.9980703432496026
3.2738877386220757 155.66666666666666 3.26232267039249 3.266596862643807 0.9980616980053993
3.28440222586686 139.0 3.2727442322405604 3.2741914852289478 0.9980653674806481
3.2914044998746976 149.0 3.279635642736776 3.2818185494061405 0.9980468687776521
3.2977979716550108 153.0 3.285939029976137 3.2895778712715438 0.9980285120755986
3.307055780885458 150.0 3.2949933376259057 3.2987475999742695 0.9980210851629783
3.3164652419521645 150.0 3.3042332365805804 3.3071701998242227 0.9979952516161272
3.320901128951861 154.0 3.3086533858165024 3.312564690949898 0.9979975187457439
3.3297719693197885 145.66666666666666 3.31744532223031 3.3220301820218303 0.997982117611394
3.3344089930552188 150.66666666666666 3.322058052016258 3.32711735420598 0.9980009064868638
3.3436979232386084 149.33333333333334 3.3313207552750326 3.337967899321775 0.997993534039211
3.351208702619216 151.33333333333334 3.3387818195783074 3.3462322911042817 0.9979875430218178
3.3612357608090018 151.66666666666666 3.348833159340945 3.3570056342187846 0.9979922988733965
3.3687267439025255 154.33333333333334 3.3563795504137164 3.3648542074287904 0.9980243427257538
3.378481130229629 151.0 3.366290631479508 3.3750982889036125 0.9980461878767182
3.3855299128254326 144.33333333333334 3.373467967910952 3.382810344067783 0.9980756793976641
3.393320491340512 152.66666666666666 3.38158579185995 3.3909113739620897 0.9981458555876938
3.4014717587559034 143.66666666666666 3.389813125105944 3.398669433031974 0.9981500257540494
3.4119132591187817 151.66666666666666 3.4002151819720163 3.4088186702963936 0.9981350211304332
3.4199856106801017 149.33333333333334 3.4085329371206794 3.417034543299284 0.9981975230804144
3.43060873798114 143.66666666666666 3.4191008892563315 3.4274001079813816 0.9981662164115674
3.438564845760562 150.0 3.427137187615326 3.435111542375583 0.9981712902479859
3.448878883856154 135.33333333333334 3.4375632807803673 3.4460274738692505 0.9981986904472285
3.45418241766403 153.33333333333334 3.4428868372343318 3.4513840529931676 0.9982041259504394
3.4648350197325612 148.0 3.45363191632363 3.462195795593104 0.9982210988872733
3.473043060299017 149.33333333333334 3.461811218316648 3.470426205629357 0.9982081707259041
3.4840505049262793 147.33333333333334 3.472761329686601 3.4812924703787824 0.9982031052992739
3.4950704212018464 153.66666666666666 3.483699631137094 3.492387635033663 0.9982084884470611
3.500679837261648 146.33333333333334 3.489248737034829 3.497847697860025 0.9981838929662596
3.512249299972403 141.0 3.5007173656000816 3.5091730788227085 0.9981707333355866
3.521286939047033 136.66666666666666 3.5096536907450164 3.5177262393333284 0.9981549951278805
3.5303565632381178 148.0 3.5186123063901897 3.526299559694236 0.9981387367714958
3.5420578676272916 144.33333333333334 3.53010920094051 3.5375432223969225 0.998106935375099
3.550906698200279 146.66666666666666 3.5388232037381426 3.5461006077140835 0.9980853710439958
3.5598747047939896 147.66666666666666 3.547647444558249 3.5543961288895916 0.9980646850638043
3.5719601601324023 139.33333333333334 3.5595226094287336 3.5655479067302003 0.9980299721405336
3.581020183409069 137.0 3.568467623206533 3.5753470785791794 0.9980082951236929
3.5904414860364335 142.33333333333334 3.577817253126041 3.584551559647241 0.9979957570009176
3.6033689862204157 140.0 3.590648998465587 3.5967108440289564 0.9979801995629193
3.612864522330413 148.66666666666666 3.6001118368048237 3.6055948775907987 0.9979725438962803
3.6254585469855285 138.66666666666666 3.6127574887253444 3.6184157106465715 0.9979794551603651
3.635151551898025 143.33333333333334 3.622398845707289 3.6278291133748874 0.9979689385439489
3.6484105095322805 134.33333333333334 3.6356175468039753 3.6407204935821498 0.9979638958764802
3.655099490092242 138.66666666666666 3.642312525670157 3.6472212351845776 0.9979642170689843
3.668826789458739 138.0 3.6560493014331796 3.6605070963657256 0.9979666282556918
3.6831193868039485 138.66666666666666 3.6702942482643013 3.673262876144055 0.99796194141719
3.693778502803523 134.33333333333334 3.680933479319157 3.6827794714347664 0.997952560023051
3.7041170204095093 150.33333333333334 3.691259751820157 3.6922301568077605 0.9979597166945818
3.714412512642724 143.33333333333334 3.7015132120592864 3.7017607887779924 0.9979562861625145
3.724966894379862 130.66666666666666 3.7120143439386744 3.710798442123178 0.9979504371145802
3.7391396446237275 147.0 3.7260724064633766 3.7213641097994525 0.9979366398771957
3.749170845558792 132.0 3.736068167405871 3.7304917393715016 0.9979262518385662
3.762030463550676 133.33333333333334 3.748864674434956 3.7419529322009075 0.9979285506046898
3.771755128959059 136.33333333333334 3.758517273253185 3.749175508508935 0.9979116008649025
3.79027565853503 132.66666666666666 3.776917738393167 3.762952213862563 0.9979014860526718
3.7983350086591336 143.66666666666666 3.7849410603919136 3.7709078933079927 0.9979095083061152
3.8114776691446997 130.33333333333334 3.7979646295762053 3.782872982740588 0.9978987382324677
3.816850813728792 115.0 3.8032736177591477 3.787387163380168 0.9978920922395441
3.8268971704544654 134.66666666666666 3.813201601823567 3.7970032978004786 0.9978795329879785
3.8343301044898217 131.0 3.82058719389452 3.8033710292739182 0.9978777770519769
3.844146919005685 138.66666666666666 3.830295316795077 3.8086417138691986 0.9978683447837714
3.8514081682272687 138.33333333333334 3.8375174327630384 3.8154458251047108 0.9978670860002447
3.860879523384454 132.66666666666666 3.846929749013781 3.8247547542982248 0.9978629695670981
3.8678080129025747 136.33333333333334 3.8538380561617784 3.8324760557615365 0.9978623721952194
3.8724902413511693 115.66666666666667 3.858539244416293 3.8374743521172805 0.9978696585040759
3.882511071572508 116.33333333333333 3.868551639644064 3.8470308498302237 0.997873795783434
3.8904752911262164 115.0 3.8765339444111198 3.854055244073929 0.9978728645209692
3.9008816149133705 138.66666666666666 3.8872543804877604 3.863818525582244 0.997955484200023
3.9079326504075085 138.66666666666666 3.8942396341873526 3.8718534217372564 0.9979278722077617
3.9182528172663216 115.66666666666667 3.904739100941306 3.882944195782757 0.9979598444063141
3.925928427793166 135.33333333333334 3.912505743575413 3.8947073679328628 0.9979655813448031
3.933812655978601 132.33333333333334 3.920527924589468 3.9052985818062895 0.997997623821775
3.942251289309273 134.66666666666666 3.9292524253839027 3.913463302547326 0.998055999802952
3.953380432550393 116.33333333333333 3.9403791425240153 3.9261002433438317 0.9980573355471049
3.9622407751531195 117.0 3.9495677184981717 3.935983439913632 0.9981253961983272
3.9709481273087732 132.66666666666666 3.9582014088818416 3.9463365177243896 0.9980984774269526
3.982970635178829 132.33333333333334 3.9702847836768096 3.9583910550850177 0.9981114647787377
3.992102268522682 133.0 3.9793970385252773 3.9678969324688977 0.9981109194247653
4.004039273726027 115.0 3.9913317809365685 3.9816020251655417 0.9981065931804735
4.013288550355629 115.66666666666667 4.000743480465597 3.99111665451372 0.998153184906934
4.022026056511889 116.33333333333333 4.0092632678038385 4.00068760761877 0.9981095847279855
4.03424429000614 133.33333333333334 4.021683517886823 4.014223142659212 0.9981617080854664
4.043359866528636 136.66666666666666 4.030653869888962 4.022016071333054 0.9981223690537447
4.052900386146251 113.66666666666667 4.0402070491830715 4.030750059256615 0.9981267786451581
4.062418197692138 113.66666666666667 4.049691022239885 4.039359319096268 0.9981297263148357
4.075518737101353 114.0 4.0626940412666155 4.050357199924585 0.9981098084915602
4.0852574100407155 112.66666666666667 4.0723094106262545 4.058575184248523 0.998099935330764
4.0980849661628875 113.66666666666667 4.084973522851053 4.069441887448098 0.9980765194081208
4.107617379321645 134.0 4.094391732361429 4.077535448067217 0.99805288992298
4.117315211485606 114.33333333333333 4.1042183087118485 4.086163075534654 0.998086863203957
4.129887038267476 116.33333333333333 4.1164757078524605 4.09564406143165 0.9980253534576347
4.139701419491083 115.66666666666667 4.126179821383133 4.103457714748879 0.9979940180253019
4.149470650454695 136.66666666666666 4.13581552504677 4.110281975030443 0.9979831638178797
4.159026048490685 116.33333333333333 4.145163426490926 4.118540975935214 0.9979512966087821
4.168320188199778 114.66666666666667 4.154263929407277 4.127599883950692 0.9979207183314901
4.181034760186801 112.33333333333333 4.166717833579784 4.1384326679198455 0.997890784962348
4.190719593981746 116.33333333333333 4.176197998018618 4.146170955607138 0.9978519050166382
4.203582734096125 113.0 4.188831775688836 4.156066304100937 0.9978155120870086
4.212852844914514 112.0 4.198006882222653 4.163240676602448 0.9977995388489423
4.22479810152286 139.33333333333334 4.209907150476973 4.172678262353613 0.9977849981222189
4.23300777293917 112.33333333333333 4.218087565186438 4.182208835358402 0.99779549226772
4.240768206912503 114.33333333333333 4.225809512028355 4.191440414164741 0.9977891019573453
4.250921115637361 113.0 4.2358059804648445 4.203608457423293 0.9977610048252159
4.2585861147762785 132.33333333333334 4.243304285312916 4.213222720242645 0.9977378574057036
4.26667901354553 113.0 4.251358347022449 4.221181662329298 0.997735784051238
4.275120980586127 131.66666666666666 4.259899798809622 4.2268539713143705 0.9977463748693295
4.286531345752386 116.33333333333333 4.271375090561409 4.234346723089153 0.997776484536845
4.297797489003491 112.0 4.282663918618607 4.2401444085820925 0.9977687220313094
4.302904676847454 113.66666666666667 4.287811525022348 4.2443280594918855 0.9977764777408599
4.31241881407145 113.0 4.29744761411361 4.2548519451806595 0.9978063628631721
4.319713409906434 113.66666666666667 4.30476447211614 4.260526419063433 0.9978114096262701
4.328943494808527 132.66666666666666 4.31405556521656 4.268951234356591 0.9978316499482903
4.334856310270452 114.33333333333333 4.320101034192102 4.276599103711303 0.9978528388121441
4.340263109918033 135.33333333333334 4.325634487873224 4.284182142141978 0.9978581650495345
4.345159922852335 140.0 4.330688375159138 4.2904063789308395 0.9978895111492907
4.3513897475827665 114.66666666666667 4.337070029041175 4.297912220132937 0.9979133102732748
4.355640659357625 142.66666666666666 4.341397574290044 4.303526805021498 0.9979278082754599
4.361401023582716 114.33333333333333 4.347207009237362 4.3102995605989 0.9979454939519088
4.364445668329331 114.33333333333333 4.350249705788829 4.313104962464773 0.9979470865007679
4.3705782785258 111.66666666666667 4.356418089487278 4.317918467141113 0.9979578083818524
4.374945713329417 111.0 4.360829758314471 4.323171959957095 0.9979625626547853
4.381207505124717 114.33333333333333 4.367137244253057 4.330516095983569 0.99798279292102
4.3869198111113255 137.33333333333334 4.372858990054356 4.333584742129441 0.9979913652037009
4.3930453134783845 129.0 4.379040455276168 4.340289365257189 0.9980075534943742
4.3996509570684506 137.0 4.3857122148003445 4.344951242199209 0.9980189332574134
4.409362902407917 143.66666666666666 4.395510694776499 4.351786305693677 0.998051852956891
4.416818477002238 112.66666666666667 4.403066704515297 4.359430466502516 0.9980689209172414
4.426866587855673 112.0 4.413173119247837 4.369133318438138 0.9980972401359818
4.434718914623552 134.33333333333334 4.4211032938452925 4.376460519072092 0.998103024406382
4.442850829480451 129.66666666666666 4.429291740857578 4.384892659024479 0.998135158285532
4.453552498134699 131.33333333333334 4.439988823506158 4.40007405453852 0.9981438305370088
4.46123915782908 110.0 4.447717454023845 4.410083116621874 0.9981576109141131
4.4690715952504965 110.33333333333333 4.455603428154694 4.420808212107066 0.998173014670309
4.480658737767032 112.33333333333333 4.467208587319325 4.434430978283405 0.9981827102229184
4.492060985684148 109.33333333333333 4.478733253366914 4.449298195524174 0.9982003614366752
4.5006127884167215 112.33333333333333 4.487406410815867 4.4608079954128925 0.9982138604896699
4.509197437640136 141.33333333333334 4.496048987717228 4.473704560484913 0.9982392700736016
4.517810007180096 112.66666666666667 4.504760728204607 4.483351899165649 0.9982420429470794
4.5291837984643815 134.0 4.516175273913254 4.497659658716798 0.9982581853537599
4.538007358246466 106.0 4.525020126452613 4.508423787416739 0.9982692606995485
4.547416586285784 126.33333333333333 4.534579520762285 4.51904655194998 0.9983072597761664
4.560161962648023 134.0 4.546986773225085 4.53401695628341 0.9982399888180877
4.566862814670676 127.0 4.553539501928899 4.541115893627218 0.9982130112206492
4.580191949483204 108.33333333333333 4.566648542787556 4.555307554610238 0.9981986048240293
4.5931087997839155 108.33333333333333 4.579486372970971 4.567179980830871 0.9981848646753099
4.603168663025601 109.66666666666667 4.589563281869024 4.575993271625863 0.9981894469815739
4.613905241443129 108.66666666666667 4.600282812334631 4.5865121171701455 0.9981948437112041
4.62855282146124 127.0 4.6148857360278175 4.597543621644103 0.9981917439063078
4.639312518015868 127.33333333333333 4.625656106134399 4.597533615045645 0.998188628160142
4.649987536619092 107.66666666666667 4.636286538411665 4.608609635977753 0.9981905098754337
4.664373576226393 109.0 4.650606436268742 4.628224544102689 0.9981745086545064
4.674614156823088 109.66666666666667 4.660792309488115 4.6378061794330385 0.9981753346426134
4.684998456553893 132.33333333333334 4.671066393526838 4.648068765956301 0.9981459649368627
4.698502406505428 131.66666666666666 4.684338926488347 4.6617112020386156 0.9981236875841163
4.709413291149363 132.0 4.695203691452614 4.67227911859848 0.9981325980412548
4.719725697632661 138.33333333333334 4.70513904906146 4.675635033302445 0.9980651348973149
4.730407376204614 142.33333333333334 4.715579875872781 4.694754078690222 0.9980314179324258
4.744499847777666 109.0 4.7293547967347225 4.70835349110787 0.9979959458695663
4.755538568587583 133.0 4.7401603843713795 4.719498496724937 0.9979652748755246
4.770539452310468 110.0 4.754809670513328 4.730187022182948 0.9979164093693186
4.781456932194349 132.66666666666666 4.765455497518109 4.7479667009363125 0.9978763628093711
4.792053098823574 133.33333333333334 4.775919392345983 4.7614137651631765 0.9978423106529889
4.8024746455136915 128.0 4.7861953495506 4.774429044681536 0.9978297486191695
4.816896297715653 132.33333333333334 4.8006448691214825 4.788259594589077 0.9978569403450646
4.826967134051709 107.66666666666667 4.810367397083353 4.802316098338566 0.997783970795321
4.840447946044728 133.66666666666666 4.82375225213426 4.817678548876148 0.9977619317063491
4.851421555884729 133.0 4.834627885891677 4.821133153608847 0.9977484495593506
4.862905363143977 126.0 4.846260003442263 4.837094252310553 0.9978018956779129
4.877541446631856 106.33333333333333 4.860787177433622 4.854253941082657 0.9977888570018254
4.884478760346284 103.33333333333333 4.867394852312787 4.859254444316456 0.9977136397798434
4.903869573494404 108.33333333333333 4.886500176682917 4.8727612737224835 0.9976958265972737
4.9116836021721175 106.33333333333333 4.894217781238369 4.877678335361853 0.9976784839053077
4.926778968692964 133.0 4.909211551104695 4.884827976955598 0.997679086484879
4.937178092929371 135.33333333333334 4.91957883962207 4.889985290174683 0.9976636036191913
4.949957862728166 106.0 4.932273881742258 4.903932474842257 0.9976570705487774
4.959883496018657 107.66666666666667 4.942146692074186 4.913436667340356 0.9976683058415421
4.973081969165481 127.0 4.955272485343347 4.924251209383361 0.9976558050641839
4.982892802251595 127.0 4.9650330860510525 4.9326305311137215 0.9976530354447933
4.992316337852005 131.66666666666666 4.974406127926816 4.938411118514771 0.9976597305918178
5.00586629163031 103.33333333333333 4.988009583403985 4.947826556766404 0.9976653005710913
5.015786087251264 102.66666666666667 4.997895895299366 4.946965271252282 0.9976717431304764
5.025874421852075 132.33333333333334 5.007928010013485 4.970179453749275 0.9976604848792329
5.039627563630251 105.33333333333333 5.021710169580519 4.965155423025598 0.9976730803738082
5.050062057138239 105.33333333333333 5.0320840047884206 4.987700541205748 0.9976704102749959
5.056529706285872 105.33333333333333 5.038566937273809 4.994066998404352 0.9976757480903014
5.068876737232871 104.66666666666667 5.050939607561051 4.996912238528855 0.9976776231617281
5.081618845684307 124.0 5.063665003158611 5.023382361100918 0.9976957362220277
5.091472998050402 105.33333333333333 5.07348133876168 5.039173725463442 0.9976873620526855
5.101280452935365 101.0 5.083229684159948 5.055018082561801 0.9976842916426332
5.111071907036804 104.0 5.093018868019449 5.064529902827843 0.9976892639204848
5.123952331200878 106.33333333333333 5.105889753969213 5.078602149066968 0.9976999149584693
5.133633689175535 99.66666666666667 5.115653939535585 5.0810270930395625 0.9977082691138413
5.145923577060365 107.0 5.127944925446746 5.09604471352458 0.9977190054681178
5.155034529569099 101.66666666666667 5.1370005217064385 5.1191319674246865 0.9977147288339306
5.166773040841797 127.0 5.14864004879196 5.132881958398654 0.997706792728867
5.182834711774093 102.0 5.164466807629933 5.148400951567309 0.9976741096670794
5.19010489803223 101.66666666666667 5.171720523744943 5.161576181006791 0.9976732229877633
5.199455272245099 101.66666666666667 5.1810967913540305 5.16914536680742 0.9976787271016385
5.207049651010742 120.66666666666667 5.188618569547528 5.180910679702845 0.9976699203198015
5.214438003854737 100.66666666666667 5.195945497369192 5.189666992115836 0.9976691781973318
5.221606464236786 120.66666666666667 5.20302076221254 5.198583507947331 0.9976409084396376
5.230750350444283 102.33333333333333 5.212157352698085 5.201349295953356 0.997654752262058
5.2379389573688435 121.0 5.219334412420559 5.218318942387272 0.9976445298517905
5.248575798982162 102.0 5.230192543550819 5.229082724162066 0.9976958525509302
5.256946275130226 127.0 5.238300265061564 5.23196236463045 0.9976464317353575
5.266054587031902 122.0 5.247365664259023 5.237835573650264 0.997642137691312
5.278027127834599 129.0 5.259386055129283 5.245221134859035 0.9976337691639444
5.287083503617069 98.33333333333333 5.268494714603222 5.249712388230781 0.9976412318826786
5.296093575075347 103.0 5.277543967070808 5.252047696816342 0.9976540330007173
5.307111715052389 102.66666666666667 5.288628536563273 5.248386604343277 0.9976682006858167
5.312713488772304 102.66666666666667 5.294530299498504 5.254851676260671 0.9977145387821905
5.323142405856681 122.0 5.304730612273328 5.27440727255872 0.9976648975142486
5.33461231890207 132.0 5.316453982223996 5.276307205672837 0.9977147280454405
5.342770856356989 121.33333333333333 5.324260426354764 5.289452637707727 0.9976501919092406
5.351404996842441 121.33333333333333 5.33311290783838 5.294502639299764 0.9976937240724087
5.36237440459772 102.66666666666667 5.34402123889212 5.282983075819052 0.9976856225264092
5.3697828943197035 122.0 5.350962437137804 5.305527996079988 0.9976072614904453
5.377447991736465 100.66666666666667 5.358494173664843 5.298098585112271 0.997589348714986
5.387725401118168 101.33333333333333 5.368639791989907 5.3124290966433305 0.9975782306011268
5.398321717117576 101.33333333333333 5.379071534724778 5.308070416956454 0.9975493256681343
5.405361014198137 132.0 5.385821028464626 5.330320810307066 0.9975120934471758
5.4128673372175236 103.33333333333333 5.393162307357193 5.318775416739823 0.9974902027218279
5.420625856744486 124.33333333333333 5.4007144769802515 5.330981177243689 0.9974619957712504
5.4313813513714235 102.0 5.4112198138233145 5.339827453279939 0.9974302480977244
5.437034692910438 103.33333333333333 5.416734273366194 5.343818102921155 0.9974109459819376
5.451947990483806 103.33333333333333 5.431370520218581 5.348266698494336 0.9973791033282092
5.4570789875538175 102.66666666666667 5.4365543457618735 5.3559733946203725 0.9973884688448944
5.469094069181401 102.0 5.448419125536904 5.361884167002197 0.997372160846034
5.479424343011638 100.33333333333333 5.458546934729789 5.365848472885766 0.9973449506087673
5.487980973029016 119.66666666666667 5.467004002947867 5.369487761426619 0.9973409738187637
4.933122333355748 105.33333333333333 4.901655307547158 4.654759245272042 0.9957292767489319
4.840199093091169 125.66666666666667 4.8078410197361965 4.751988724701701 0.9955445977077761
4.829445674390976 124.66666666666667 4.796838622028594 4.7444080060595395 0.9955105228278665
4.818977654514663 106.33333333333333 4.7861093540356165 4.734818614059239 0.9954655047443887
4.8087032793682765 132.66666666666666 4.7756153363310405 4.726340790387405 0.9954167720848618
4.79455530631757 124.66666666666667 4.761302793792612 4.714474398855727 0.9953807050148326
4.784039285866705 125.33333333333333 4.7507318935802845 4.707583534442626 0.9953688678432528
4.774068792395726 107.33333333333333 4.740689796339025 4.700172140867461 0.9953398014195558
4.764553868385297 135.33333333333334 4.731085439592193 4.691072447251001 0.9953408935678538
4.752122969589198 109.33333333333333 4.719083510576098 4.680932036907961 0.9954140913120862
4.741597369625082 128.33333333333334 4.708255206089749 4.673598034458974 0.9953420110445461
4.730640905370126 109.33333333333333 4.697457308309122 4.6697381889323335 0.9953345096047425
4.712283457281151 124.66666666666667 4.679427768920863 4.65579620195775 0.9953865057432737
4.705307326773631 105.66666666666667 4.672619428524228 4.650349694194833 0.995383396784015
4.6908781332069704 124.66666666666667 4.658701707670016 4.645583942497445 0.9954599614473015
4.683761755992106 109.0 4.6517684489313025 4.6396832841436 0.9954908026455963
4.669560195206409 135.33333333333334 4.638401146873105 4.626191140122883 0.995614971460186
4.655326755152834 131.66666666666666 4.624165606882156 4.609652298132378 0.9955973269806292
4.6435442415743236 127.66666666666667 4.612688270120523 4.5984332265884 0.995615070312064
4.631925159996273 129.0 4.601317921900615 4.58872648304064 0.9956544280212227
4.616002342961528 108.33333333333333 4.585675987317572 4.57172578356321 0.9956909459551986
4.599010634234947 108.33333333333333 4.568945764010507 4.552457666002948 0.9957289441488124
4.58978024344968 126.66666666666667 4.559930011390363 4.543845476766867 0.995746548385277
4.57689679272526 126.66666666666667 4.5472890741006164 4.53327099583349 0.9957855707195938
4.559972047613163 141.33333333333334 4.530582871464725 4.51291691763756 0.9958004924682996
4.5425953247288655 111.0 4.513451534239117 4.493533433477471 0.9958300483433207
4.529640496704009 133.33333333333334 4.500734058782235 4.478680405788154 0.9958641687736736
4.517421162502036 139.66666666666666 4.488717536652444 4.461554111003529 0.9958815491306244
4.505338851460943 112.66666666666667 4.47684160013706 4.4449808512971 0.9959184153562136
4.488134573645963 136.66666666666666 4.459919263012575 4.425100561510107 0.9959589211675693
4.475412793114943 112.33333333333333 4.447394459308088 4.41426453986424 0.9959849869719406
4.463782990926449 109.0 4.43583061483166 4.399857943268915 0.9959922464048774
4.4514163073344575 129.66666666666666 4.423562024429535 4.384356277038336 0.9960032585141724
4.434055068123913 112.33333333333333 4.4062000652959314 4.365305388765112 0.9960094874180649
4.4279709645343965 104.0 4.400071887783817 4.352755396806505 0.9959920714504036
4.416207792665429 112.0 4.388289190838997 4.334620664261393 0.9959870484070945
4.406651615675118 111.66666666666667 4.378888280523383 4.319490012618636 0.9959984563234341
4.397150577901372 143.0 4.369617353206164 4.315262192844481 0.9960385353840194
4.383742070523746 127.33333333333333 4.356497291163564 4.307318871549113 0.9960856192993495
4.37047394738071 111.66666666666667 4.343360206822406 4.295058166623369 0.996095788237088
4.363340723102603 114.66666666666667 4.336293297335353 4.2901963034119595 0.9961008539484182
4.348796520890053 111.66666666666667 4.321873599922187 4.281177740373663 0.9960994013987386
4.3381728248116245 135.33333333333334 4.311309878076837 4.273587941292758 0.9961016389831338
4.327826951426934 137.0 4.301021088485534 4.263890156557079 0.9961128623995257
4.313816225684694 110.66666666666667 4.287102543065937 4.251532058186158 0.9961158687252007
4.30308729011839 139.33333333333334 4.276350466236125 4.241421746993758 0.9961034007444861
4.291916851886715 113.66666666666667 4.265166417085356 4.231414206071293 0.9960724594846411
4.276351787102962 132.33333333333334 4.249586564611434 4.217178588954412 0.996069872999837
4.26437187883305 114.0 4.237527724166622 4.2061610262804265 0.996046183852407
4.248079747987969 131.33333333333334 4.221088542640609 4.191715265480596 0.9959985525414237
4.236200260611265 117.0 4.20909045714358 4.179944785043494 0.9959830866533553
4.2198305939431 131.66666666666666 4.192518001676153 4.1625063567109 0.9959415192820754
4.207406218675543 117.0 4.179908887780455 4.150282143458434 0.9959165049177146
4.194717664169701 110.0 4.166975534972794 4.137130894997784 0.9958602430909398
4.181489629224054 111.66666666666667 4.1534895965784475 4.125502647486725 0.9958199582786099
4.167885849870535 114.33333333333333 4.139576375370274 4.114692499846878 0.9957401408616418
4.15427201602903 116.33333333333333 4.125601795041978 4.103561234182032 0.9956730022703986
4.136142940141878 115.0 4.1073690419822455 4.088626695309445 0.9956770518106248
4.117669998477347 114.33333333333333 4.0881456477523415 4.072891815375876 0.9955127534667931
4.1043228091578925 117.0 4.074477814531544 4.0598685614683525 0.9954673889944267
4.091346301721946 115.66666666666667 4.061122014275042 4.047900851172005 0.9953999340449363
4.074701148649529 113.66666666666667 4.044284571513641 4.0327760158235035 0.9953701219343734
4.061989830048927 117.0 4.030854609982116 4.0183302831447465 0.9952248963649794
4.04668005892591 115.66666666666667 4.014889961389401 4.003601246129121 0.9951195586174983
4.038918192421562 114.66666666666667 4.0071837223122575 3.9968958662864362 0.9951464772310029
4.0226598933329045 113.66666666666667 3.990144838663217 3.984111642047668 0.9949944072970739
4.011166128271333 115.0 3.9784054122797485 3.9748715569999233 0.9949333625349803
4.000388243789856 139.0 3.9673390563458284 3.96341537112882 0.994889006348654
3.986684593786337 115.0 3.9536074661807143 3.9484962704706095 0.9948849274841185
3.9722696552822776 132.66666666666666 3.938389685123456 3.932683234072402 0.9947195117491545
3.9653514644280676 132.33333333333334 3.9316153848501547 3.9256433790812757 0.9947591084944216
3.950655102185894 134.0 3.9161268659177715 3.908797871536509 0.9946028451122578
3.9391618161886277 132.33333333333334 3.90441965169552 3.8980889200931244 0.9945577407367426
3.927154226042924 133.33333333333334 3.8922659978754552 3.887451027051555 0.9945238017366058
3.9152600989186706 132.0 3.880183649383503 3.8749720696109247 0.9944597138838603
3.8954246096815193 113.0 3.860113456103408 3.85203477790683 0.9943990844675753
3.8832570564846893 141.66666666666666 3.8478447131736915 3.8381587474390324 0.9943845290355592
3.8750329074665024 115.66666666666667 3.8395968553228133 3.8282404969632187 0.9943736546373886
3.857869764958011 134.0 3.8224579999035178 3.807994180696232 0.9943604319084727
3.839879469577694 138.33333333333334 3.8045327772742863 3.787950161175375 0.9943409039933689
3.825801394452969 115.0 3.7905756401637576 3.771108185057915 0.9943594538712075
3.8113245389379995 138.0 3.776658926979635 3.7554200102846775 0.994463977368387
3.7958722762482378 143.66666666666666 3.761010419345525 3.7386614687429955 0.994390402652818
3.775585450315862 138.66666666666666 3.7409387489076513 3.717328058366079 0.9943936359030155
3.756224649310687 138.0 3.721713497593749 3.694034589786898 0.994409403054919
3.7421210805827307 150.66666666666666 3.7077840164201312 3.677885205850418 0.9944158337383642
3.7287575597041975 132.66666666666666 3.6951235944759317 3.663170787666081 0.9945558063821265
3.711293392611424 140.33333333333334 3.677728400293721 3.6439904749629277 0.9945346530411905
3.698724840481803 146.33333333333334 3.665502992996524 3.6299349922460187 0.9946186094473581
3.6859914521602017 137.33333333333334 3.6530616106702913 3.6158405502974986 0.994635591058246
3.672965179953887 137.33333333333334 3.640342386151747 3.6032872417610093 0.9946970094662628
3.655546866558669 139.66666666666666 3.6233210615824047 3.5862693745142398 0.9947579313598952
3.64279179500841 140.0 3.610786623143104 3.572717561054312 0.9947782097440212
3.6301928347059955 137.66666666666666 3.5984475414193695 3.5619788272904165 0.9948167906052781
3.6140062578245558 137.33333333333334 3.5826457448437052 3.5490432163883203 0.9948894798525153
3.6026096873250686 147.33333333333334 3.571833809036127 3.537490193737795 0.9950232960224578
3.5909476268274534 145.0 3.5600839126069554 3.5257479772271907 0.9949611266752776
3.5794765903040346 137.0 3.5488676831926425 3.5151180753643465 0.9950100312913311
3.564041874290233 144.33333333333334 3.5338665655186317 3.503202398384501 0.9950669439062986
3.552348829145341 151.0 3.5225983828017653 3.4964993896060084 0.9951047562401196
3.540480494508976 142.66666666666666 3.511177033949358 3.4889229334934297 0.9951693829783694
3.5282636005336765 146.66666666666666 3.4994049851156066 3.480736616521381 0.9952447193052975
3.5116605036763486 150.66666666666666 3.4834072880186904 3.4713295338472046 0.9953272310112493
3.4952970650175503 146.0 3.467442946281825 3.4568388995517623 0.9953749948997833
3.482850843659208 146.66666666666666 3.45522999865903 3.446981474963854 0.9953969627120623
3.4704792244952407 143.66666666666666 3.4430373259624703 3.437263992415821 0.995409491819403
3.458377987258335 149.0 3.431132960445148 3.425968771664977 0.995428566589023
3.4418960962268748 146.66666666666666 3.4148934194648346 3.4121548959273778 0.995446817676266
3.4291537081221013 153.33333333333334 3.402316333747629 3.4016175244464546 0.9954647425381554
3.411639096022929 145.0 3.3850359262450613 3.3868738537329293 0.9954977543751655
3.4028223114965317 152.33333333333334 3.3763094874992006 3.3792572483436256 0.9954922154129673
3.3860724126041917 152.0 3.359669029350935 3.363030306543483 0.9955101906906247
3.369847491504982 143.0 3.3435562181730742 3.3477692142537103 0.9955190614531302
3.357872228116853 147.33333333333334 3.331674241080376 3.3359891008743228 0.9955171730007606
3.3459443356808314 153.66666666666666 3.3201689507637306 3.324985799992276 0.9956278347466061
3.3292490958895664 150.66666666666666 3.3033388564861235 3.309147395077174 0.9955498536948928
3.3213491637692294 154.0 3.2957911966002325 3.301619843115123 0.9956474072076659
3.300918304244575 153.0 3.275486384876113 3.279234489153547 0.9956567263610157
3.2884096693889893 153.0 3.262942993901192 3.270840632019484 0.9956145296692094
3.2766053654331264 155.66666666666666 3.251290208332702 3.2576072113096406 0.9956272271696793
3.2655977980827844 153.33333333333334 3.240389862067914 3.2464037241459205 0.9956542045135468
3.255299912285092 152.33333333333334 3.2300735595372143 3.233289984142061 0.9956330222615515
3.2448866500150704 157.33333333333334 3.2196284775399593 3.2201635343314265 0.9956420831938579
3.2302748869948212 156.33333333333334 3.2050767187423 3.203891624784607 0.9956495186638442
3.215527473266724 157.0 3.1903584692471667 3.187643251730357 0.9956438796250381
3.2040422488950577 157.33333333333334 3.178851040525596 3.176234261853904 0.9956297513904416
3.1878270410896095 154.33333333333334 3.1627328951419083 3.1636485233344804 0.9956044168209721
3.1757766114957224 155.33333333333334 3.1508417544109077 3.15361048221947 0.9956360504644739
3.164380152680488 156.33333333333334 3.13957431276082 3.142611395283309 0.9956640962008048
3.1534061304702115 158.33333333333334 3.1287272868913907 3.130671525037555 0.9956782899171059
3.138783785569717 158.33333333333334 3.1143536397143317 3.115935326780833 0.9956852653462018
3.1307010654508183 152.33333333333334 3.1065322850167587 3.104835914696094 0.9957435831445277
3.1105369185361567 156.66666666666666 3.0869576803297067 3.0876741576920628 0.9958169701063625
3.0970748216631607 154.66666666666666 3.0739346297146355 3.073604251069574 0.9959153972686102
3.0832769247956278 158.33333333333334 3.0605678511541967 3.0605880953538853 0.9959582866319927
3.0697341451724736 160.0 3.047371924205454 3.050222858634848 0.9960334647010849
3.0514758501619084 157.66666666666666 3.0297225848677356 3.0320484781465424 0.9961347452214289
3.037244612111969 162.33333333333334 3.0160069553372764 3.0143080902500703 0.9962137136143154
3.02316251995917 163.0 3.0026731340477477 3.000800704042236 0.9963853209873588
3.0022905255333394 160.33333333333334 2.9822623188508155 2.9795922080322113 0.9964309316272768
2.991857150911548 164.33333333333334 2.972144657903408 2.9697109244194464 0.9964478422595702
2.9718074793851637 165.0 2.95268308705117 2.948610554269557 0.9965789245772313
2.957411327627697 163.33333333333334 2.938681525264777 2.931206909798175 0.9966503724944569
2.938094367769222 164.33333333333334 2.919988729610066 2.910471976410936 0.9967547992513924
2.919344663217584 167.0 2.9019179535363375 2.8911604064939387 0.9968825617300683
2.9057373044086146 163.33333333333334 2.888821639260981 2.876076029081218 0.9969936058763101
2.892292057970917 163.33333333333334 2.8758773847062082 2.8622757382479547 0.9970920246948832
2.879321895995521 166.66666666666666 2.863390456315875 2.848827604542959 0.997182928009557
2.8671622948214446 160.0 2.851639451008714 2.835160987021681 0.9972732368294748
2.8515732197421766 166.66666666666666 2.836461670655959 2.8147160190642926 0.997348205183
2.8399835437136804 167.0 2.8251673293220496 2.80375184784841 0.997408756608536
2.8242757001940175 168.0 2.8100924649137413 2.787194282202108 0.9975555799259679
2.8128416760602866 163.33333333333334 2.798801097229937 2.77854893707642 0.9975569214379826
2.802189363246279 165.0 2.788426702606705 2.768238016931795 0.9976114899781712
2.792048555202913 167.0 2.778532044300704 2.7584348743164786 0.9976571620661797
2.778540070946349 168.0 2.765356881708299 2.744792590948885 0.997719880206322
2.7646216529105736 164.66666666666666 2.7517781548034272 2.733341060272064 0.997770444298646
2.7573287599311644 167.0 2.744652120720948 2.7279019788826218 0.9978058136602291
2.7424352040111 164.33333333333334 2.730003897115282 2.7145880994148994 0.9978510625089212
2.728128112635759 163.66666666666666 2.715974420309597 2.701737597344641 0.997924909071154
2.720604580186608 169.66666666666666 2.7084408239473103 2.695256177164564 0.9979030364504814
2.706051482440859 167.33333333333334 2.694131829444956 2.682386872506199 0.9979282553109404
2.695358040874787 169.33333333333334 2.68368010756763 2.6725430328046835 0.9979687637981289
2.6815005292608722 170.33333333333334 2.670102395523065 2.6584684965613694 0.9980219074455752
2.671355588872384 168.66666666666666 2.660309053956088 2.6482288001516534 0.998108151911264
2.6610068447887274 168.33333333333334 2.6501814595661837 2.6378364259799425 0.9981328076700641
2.6507026494825183 171.0 2.6399377638550057 2.6272091739792365 0.9981205176529939
2.6377966964519315 164.66666666666666 2.6272579224697834 2.613131954290056 0.9981643501216356
2.6285853631361427 173.66666666666666 2.618210043659644 2.6023127900703744 0.9981766371145342
2.616724469262048 167.33333333333334 2.6065031708687028 2.5887337752215824 0.9981898758279055
2.6080040270197467 164.66666666666666 2.5979547788368595 2.5790702552498947 0.9982420046435303
2.59643882027283 166.33333333333334 2.5864454023649084 2.5649455212315107 0.9982622871639015
2.588061246651322 166.33333333333334 2.578048762876168 2.5522660851147956 0.9982434059547001
2.5801188767064875 170.33333333333334 2.5700723139484536 2.541193338637556 0.9982465450686756
2.5725229177042346 174.66666666666666 2.5624765835416032 2.529028285774563 0.9982472564426548
2.5531050441598544 173.66666666666666 2.5432171111911432 2.5021714115583564 0.998258782905545
2.545249047135559 170.0 2.5353959475904633 2.486794154188401 0.9982779370179529
2.5378444920432575 171.33333333333334 2.527966127063108 2.473833684398239 0.9982741272807267
2.5303714085337217 172.66666666666666 2.520439871938824 2.461549817156458 0.9982600594202884
2.51776512784318 168.0 2.5077510502723355 2.4433877553211443 0.9982397131650128
2.510039645440979 175.33333333333334 2.5000528159934396 2.432858244533787 0.9982265557904068
2.5023987599111464 171.66666666666666 2.492458324625101 2.425413138554069 0.998238709686351
2.4953172074094656 173.66666666666666 2.485407925464714 2.4171411583561917 0.9982232736491486
2.4873559337345417 174.66666666666666 2.4774975383588282 2.406487963740829 0.9982475589959299
2.4819511576909803 173.0 2.472133209774302 2.3968719881852705 0.9982272564122628
2.4764303207787637 171.66666666666666 2.466632899200888 2.3908383112701017 0.9982363955246102
2.470685048562729 175.0 2.4608990041407255 2.385557267006658 0.9982311918111658
2.4634606101852174 173.0 2.4536249823602287 2.3811700656411547 0.998213285275236
2.458515440156003 175.0 2.448663750516836 2.375227019640136 0.9981929891803047
2.4555963236276246 174.66666666666666 2.4457064634414385 2.375041419322282 0.9981989969753279
2.4487451606809385 174.0 2.4387530992322866 2.3669962867541727 0.9981724426196018
2.4453174958253836 171.0 2.4352467229169505 2.364098916247482 0.9981708965298411
2.442115394069832 175.33333333333334 2.4320207752997303 2.359652856863131 0.9981776598742489
2.43749774596871 178.0 2.4274717508287194 2.355896017062113 0.9981693369249551
2.433098956051707 174.66666666666666 2.423167315752503 2.3527251243133733 0.9982013816514563
2.4303972221648316 177.66666666666666 2.420548730507081 2.349636775000816 0.9982083622153166
2.4279513637667476 176.33333333333334 2.418208587402971 2.3470408721762466 0.9982436074440405
2.424751211287818 174.0 2.4151774888453574 2.3444636566182564 0.9982679652994755
2.423046944634325 176.33333333333334 2.413554734819392 2.3428674487231413 0.998290391682023
2.420324868879231 176.33333333333334 2.410974911532435 2.342882026356364 0.9983325499381078
2.4160783431292683 173.33333333333334 2.406977663155802 2.3389722697015074 0.9983794264835004
2.411291119104846 177.66666666666666 2.4024623900138415 2.339162374179897 0.9984276537600865
2.4089703829391085 175.33333333333334 2.4002412164398055 2.340256983114028 0.9984335234247336
2.408341036067884 175.33333333333334 2.3995172663018027 2.3408009869018147 0.9984288982172037
2.408202644759949 174.66666666666666 2.3993339673017395 2.3380120801607505 0.9984134246419523
2.4052890339982813 176.66666666666666 2.3964377139646333 2.3368968499287517 0.9984162885824994
2.4033488453463967 178.33333333333334 2.3946157530771734 2.3346730664561237 0.998448260159836
2.3997249120774673 176.66666666666666 2.391114177414269 2.3332607444247864 0.9984733584516479
2.39419113252707 174.66666666666666 2.385735021307351 2.330024332641529 0.9984903157951713
2.3891285205086037 178.0 2.3808569491002283 2.325114292441966 0.998525800254957
2.385730539022795 176.66666666666666 2.3776877508193652 2.321630697015795 0.9985824592042845
2.3828204610334227 172.66666666666666 2.37502587585262 2.31582167400205 0.9986259212127623
2.378541889714602 175.33333333333334 2.3709672467497387 2.3101618356635822 0.9986724449857012
2.377243931287163 176.66666666666666 2.369728963245173 2.308454702304332 0.9986923799916896
2.3698429229717806 175.66666666666666 2.3627921556933082 2.299461078499116 0.9987665137696043
2.364035034793008 175.0 2.3573074632267943 2.292882052917102 0.9988283694551482
2.3612134633863544 176.33333333333334 2.3546171235613373 2.2897149707701465 0.998849234742436
2.3553326472693192 172.33333333333334 2.348922998876786 2.2846862782760295 0.9988770219303248
2.3514164735336833 172.33333333333334 2.3451473563616876 2.28058241423422 0.9988975678090874
2.34461420348918 176.33333333333334 2.3386161383419624 2.272229687426001 0.9989407170869082
2.341495170009802 177.33333333333334 2.335539507028207 2.2683735010656254 0.9989399934071073
2.3385027220192165 174.33333333333334 2.3325478163086735 2.266211157705628 0.9989378854160471
2.3352343938258477 174.0 2.3292691895687843 2.262697554084427 0.9989411805718906
2.3314917813356377 172.0 2.3254528507109264 2.2581469392630895 0.9989171624808254
2.3292301142743477 177.0 2.32314248641141 2.253965462099359 0.9989149572897958
2.3272722107368358 179.0 2.3210076755281444 2.252168469811009 0.9988508567849933
2.324159071876342 181.33333333333334 2.3178719285799434 2.244040864426227 0.9988736804850736
2.320580859979527 173.33333333333334 2.3139859824821922 2.236171591698064 0.9987978782555416
2.3176773544073725 174.0 2.311019947622224 2.2306657487198556 0.9987953758745025
2.3137780011425324 179.33333333333334 2.306931281335733 2.224334739698323 0.998734678379925
2.3087653570794417 176.66666666666666 2.3017991290293502 2.2180967678871175 0.9987028916964928
2.304312297029319 179.66666666666666 2.2972837183706414 2.212139881907001 0.9986808720393954
2.302425883189578 178.66666666666666 2.295378229864247 2.208591260845639 0.998670684056068
2.29915757768376 176.66666666666666 2.2920692301787478 2.201830770801008 0.9986492613665319
2.297033732935535 174.33333333333334 2.2899321931247596 2.1977860735679395 0.9986367989242413
2.2948247953756207 178.66666666666666 2.2877597909084875 2.195023620203845 0.9986332799571002
2.2921065403081995 178.66666666666666 2.2850550988137566 2.1914410460059703 0.998627319748696
2.2909028669944362 180.33333333333334 2.28394039329523 2.1884416059856227 0.9986600833307279
2.2889974296322158 177.66666666666666 2.2818738831696015 2.1865302697139293 0.9985977378882323
2.2871657248088533 175.33333333333334 2.2799565194804705 2.183584128937544 0.9985565135269245
2.286081883396335 174.33333333333334 2.2787429605146152 2.1818092613264644 0.9985466636647103
2.2848788669268143 176.66666666666666 2.2773871080061587 2.179366973022937 0.9985074791439486
2.2828793944268413 179.66666666666666 2.2751972854718874 2.1743398396728755 0.998481676820377
2.2804014205598278 178.0 2.272531361364826 2.1719992423184156 0.9984454003011011
2.276377978779786 179.66666666666666 2.2683692329897434 2.1692235254787473 0.9984017684705915
2.268981126059497 178.66666666666666 2.260846418366547 2.1649398742693933 0.998383966305949
2.2634196132713336 181.0 2.255165233455135 2.1599274314160875 0.9983571098038895
2.2577675936286075 178.0 2.2492721700075555 2.1578015239049444 0.9983092223902318
2.2492112144164844 180.0 2.240431465837748 2.1541412644004563 0.998239426893824
2.2420697365744275 182.66666666666666 2.2331667712231327 2.1485681652886086 0.9982047633009994
2.235451825057387 180.33333333333334 2.226564631051816 2.143274233093971 0.9982393866527317
2.2269089120479797 180.66666666666666 2.217793757987842 2.1353613492488916 0.9981621312846939
2.2203065326073363 178.33333333333334 2.2112879033101973 2.126598860016544 0.9981921685523104
2.213390729328994 178.33333333333334 2.2047288825219753 2.1145194931786206 0.9982984711736542
2.2037941944790416 181.0 2.1953107673788774 2.099575203355509 0.9982920791824551
2.1946515058205267 185.33333333333334 2.1865647192207276 2.087686525841688 0.998407081466083
2.186263952705121 183.0 2.1782389149296186 2.079885314078446 0.9984024367963843
2.176733215936736 179.33333333333334 2.168812861932906 2.0772874198605673 0.9984315004787535
2.166318301033767 178.66666666666666 2.158473051388088 2.0725930956454754 0.9984315123274036
2.155556189078093 182.66666666666666 2.147780883071249 2.069834875423888 0.9984626042874882
2.1421300216063486 184.66666666666666 2.1344987905507407 2.0624927130629502 0.998483016502827
2.1325164605326745 185.0 2.125008353714128 2.057772642436111 0.998518580047254
2.1227181536308444 184.33333333333334 2.115443298961821 2.0495966153209677 0.9985483046014094
2.112319358945366 187.0 2.10542028619889 2.041021221316292 0.9986557257605108
2.092785371164672 181.33333333333334 2.086176938119035 2.026705544541728 0.9986915881457473
2.0850447949513864 186.33333333333334 2.078537285110434 2.0216523048421813 0.998712364840522
2.0700750885001367 187.0 2.0637720490571065 2.010797216607899 0.9987520852417914
2.0593933472038883 186.33333333333334 2.0532818877260257 2.0028464322373845 0.9987906715954171
2.049015418111321 186.0 2.0430739099125432 1.9951841967336525 0.9988231125406791
2.0359046985291385 185.33333333333334 2.0301238260049916 1.9845806217179343 0.9988686901880087
2.0232114299349826 185.33333333333334 2.0174869068516523 1.9748260432221045 0.9988493379888443
2.016785905425242 187.0 2.0110763556268934 1.9699239455502653 0.998871612222699
2.0039288024863158 187.0 1.9982427897377388 1.9594128449764534 0.9988830488265326
1.9943467854828951 189.0 1.9886737286296035 1.9502846451346254 0.9988799171498611
1.9844578743685761 189.66666666666666 1.978792801835609 1.9404827825957711 0.9988921222938192
1.9699122881914102 187.0 1.9641952625471726 1.9265628102300196 0.998895078615041
1.9581074069530733 189.0 1.9523004103021444 1.9155831326232862 0.9989080179963177
1.941176745582077 191.66666666666666 1.9352397044037715 1.9016451434692254 0.9988295523657328
1.9280682076603455 189.0 1.9221506341987 1.8897311373126606 0.9988879110434022
1.914275461827229 188.33333333333334 1.9081757521811942 1.8774317819370179 0.9988093684701915
1.89618613198604 192.33333333333334 1.8898472814206588 1.8621039328117681 0.9987511088323338
1.882663521591533 191.66666666666666 1.8761752439511354 1.8489240348577678 0.9987132882777483
1.8692172590779195 192.0 1.8626086744950654 1.8349869793927558 0.9986841656773572
1.8558966229041456 192.0 1.8491605694560844 1.8204234002550934 0.9986635567326085
1.8377684513476593 192.0 1.8308292439823652 1.8005866059125781 0.9986034661321568
1.8196851214890628 192.66666666666666 1.812598602586923 1.7809058598126182 0.9985944062414734
1.806237307179211 195.66666666666666 1.7988217160931403 1.7652812009925207 0.9984919719730038
1.7935374646991267 195.33333333333334 1.785822618683874 1.7489996143168562 0.9984345853617159
1.775582041278342 193.66666666666666 1.7674945746230364 1.7252854970889238 0.9983621296018811
1.7613769043681404 195.0 1.7529370870511303 1.7079739694950804 0.9982965770896215
1.7466836997372968 194.66666666666666 1.7378447156625572 1.688534421565173 0.9981912947919974
1.7250973773794362 195.0 1.7156890579606174 1.666841433760774 0.9980784380923289
1.7197264461671924 195.33333333333334 1.710297585002274 1.6615641410932795 0.9981158876031263
1.690338114801329 193.66666666666666 1.6799894071803938 1.633518794731643 0.9978824885886121
1.673506608259771 193.0 1.6624243945806656 1.6170149608197708 0.9976990425176601
1.6504857054337478 196.66666666666666 1.638377093355592 1.594162153117622 0.9975094077979499
1.6322889918121612 195.0 1.6195031590854425 1.5792728058326606 0.9973360652527927
1.6085738406065402 196.66666666666666 1.5951385192002263 1.5565874272133948 0.9971625230627248
1.5912578606174348 196.33333333333334 1.5776827860862 1.5404856552493476 0.9972157506731645
1.5734165769141188 198.33333333333334 1.5596496875515775 1.5238338335703503 0.9971753148764468
1.554994348593066 200.0 1.541019034098331 1.5083291579984655 0.9970936441547953
1.5304557896554876 198.66666666666666 1.5161350196946686 1.4867044509759004 0.9970494466711155
1.5118011969085243 198.33333333333334 1.497063011795312 1.4716479516355034 0.9969046250143296
1.493405815101963 198.66666666666666 1.4783825926700689 1.4562796623859 0.9968588826530189
1.469460128953972 199.66666666666666 1.454243518561811 1.4343342390521223 0.9967932871632446
1.4514459093754675 203.0 1.4359320240720999 1.418946546173517 0.9966845569064331
1.433743934369551 203.0 1.4181795877768786 1.4030359885988586 0.996658574187777
1.4098142041854806 203.33333333333334 1.3942964900572872 1.3825015613551208 0.9966677544113585
1.391907288034116 204.33333333333334 1.3765113202702393 1.3667177961237793 0.99671577302046
1.3687979255790705 204.33333333333334 1.353548306100039 1.3462016259632312 0.9967439123108851
1.3521218312771377 203.0 1.3370206241319234 1.3306590544595152 0.996755677107844
1.3356981324978396 202.0 1.3207773471322628 1.315019632991651 0.9967738076411218
1.3194841096557788 204.0 1.304765098626073 1.2995066067630363 0.9968555046902127
1.3033953927930044 206.0 1.288847455428832 1.2840154318204535 0.9968875310178908
1.2824524435878843 208.0 1.268060275314879 1.2632024000658757 0.9969344345037823
1.2667556607725894 207.66666666666666 1.2524393554844948 1.2477652943541626 0.9969823234971763
1.2456770137868387 203.0 1.2314698670527662 1.2271126777117072 0.996999354926931
1.2303113797512477 206.66666666666666 1.2163491666420674 1.212094097248447 0.9971223185915984
1.2153335332927524 208.66666666666666 1.201421821020217 1.1964312895060814 0.9972253391846598
1.2007611761886665 207.0 1.1869844076383425 1.1815390955737972 0.99730104179188
1.180782847475833 209.0 1.1670613986110567 1.162043875325733 0.9973365130085871
1.1661799581867316 209.0 1.152441554033878 1.147704383090108 0.9973538865984096
1.1481517679188353 209.0 1.1340561542204872 1.1301324657481322 0.997281666180168
1.1352800615802825 209.0 1.1207206419636828 1.1165548191032617 0.997257893493766
1.1224154345636934 212.0 1.1072885721665853 1.10253433411511 0.9971257685296913
1.1087067029171813 208.66666666666666 1.0929999906521743 1.0885343807576477 0.9970511141214883
1.088861851901446 208.66666666666666 1.0725507253336315 1.0713833381455027 0.9969475760003617
1.0697036128188144 210.66666666666666 1.0528781454523635 1.054139376050162 0.9968825155074242
1.0564824242908928 211.33333333333334 1.039468700207708 1.0405662827756483 0.9968660721665809
1.0478819234482823 212.66666666666666 1.0307374597170185 1.0322204112159934 0.9968180335137584
1.0311664294427798 211.0 1.0136044677197165 1.0160183464517922 0.9967558370869135
1.0150061740648286 212.0 0.9966954249741701 0.9995311071427653 0.9965701736949907
1.0066368821691056 213.66666666666666 0.9879189449853092 0.9916105732746525 0.9965149400689712
0.9894643801093699 213.0 0.9699045611122548 0.9761395111318134 0.9963560437725827
0.9736554728044718 212.33333333333334 0.9532787525185006 0.9606298221767602 0.9961997778864093
0.9623897892553096 212.0 0.9413910769490303 0.9490852268965417 0.9960762777814287
0.95102539756667 212.33333333333334 0.9296346179999817 0.9381237593821085 0.9960210583422249
0.9361473468129539 213.33333333333334 0.9142285508347434 0.9235539252993209 0.9959513363839176
0.9252611543098054 213.33333333333334 0.9028364933093619 0.9124859178674527 0.9958113907795215
0.9142483064402529 214.33333333333334 0.8912270861611968 0.9013876608078362 0.9957012662007264
0.8990742226781403 212.0 0.8753218963269569 0.8864609313984837 0.9955565194310803
0.8873997989669168 215.0 0.8631745843232342 0.8756773043161475 0.9955006135486439
0.8762595938636761 213.66666666666666 0.8514365592978539 0.864682899963443 0.995341654130657
