2.328757991773459 176.0 2.326966064573691 0.99974599253789 0.9996229094886293
2.3285684256061896 178.33333333333334 2.3267079391958223 0.9998119832112612 0.9995731410041017
2.328548168007608 178.33333333333334 2.32666990387029 0.9996692908679946 0.9995787014912645
2.328901791292062 180.33333333333334 2.3270201786025404 0.9995960143796084 0.9995801881209093
2.329856815322269 175.66666666666666 2.327961014500242 0.9993398650471378 0.9995717196015417
2.330494390857074 177.0 2.328582326967499 0.9991207450592735 0.9995918782952886
2.330448126792039 178.33333333333334 2.328524231338064 0.9990829755297191 0.9995919578008207
2.3301655175937275 178.33333333333334 2.328227715459059 0.9990546793559744 0.9995880018870118
2.3296296440945143 173.66666666666666 2.327684101331346 0.9992299414169581 0.9995756096504945
2.329562382769112 177.33333333333334 2.3276031709466882 0.9992098501186708 0.9995696936711432
2.3302955576869673 177.66666666666666 2.3283417071511168 0.9991923371481005 0.9995734407267945
2.3313799628631138 178.66666666666666 2.3294082869474675 0.9990577919129298 0.999572613310235
2.331845080396444 177.0 2.3298648631029435 0.9990396416911216 0.9995706937827362
2.3322113712441928 181.33333333333334 2.330293216056169 0.9990583066048354 0.9996054361825802
2.3318391324409866 178.0 2.32985498913351 0.9991378365338002 0.9995650851445722
2.331798069098569 181.33333333333334 2.329813092821002 0.9991970715840633 0.9995698522364752
2.331873542553627 181.0 2.3298824556135225 0.9992121054618053 0.999563051496662
2.3320546789877135 176.0 2.3300718910746463 0.9992656469987281 0.999571581685157
2.3326867175297794 180.33333333333334 2.330732023104568 0.9992923367575498 0.9995702183598886
2.33353355887778 176.0 2.331603873485407 0.9991810070148144 0.9995790843698084
2.334203632916184 179.66666666666666 2.332265350203666 0.9989610017984439 0.999578545458048
2.3341331759884985 179.66666666666666 2.332190531808986 0.9989647410234751 0.9995792355912044
2.333247265958968 174.66666666666666 2.331297659544634 0.9992270178265318 0.9995763889599821
2.3325883285691567 176.66666666666666 2.330634115018865 0.9993503777764255 0.9995797646316973
2.332211404741195 176.66666666666666 2.3302400750502534 0.9993459284813497 0.9995728260434977
2.3320836258174897 176.33333333333334 2.3300892207563457 0.999246941320756 0.9995722774708069
2.3321721184945634 178.66666666666666 2.330157572866611 0.9991951083487712 0.9995692381867244
2.3323295344837387 173.66666666666666 2.330301018240595 0.9991754716717635 0.9995674812485681
2.3326982524183615 177.66666666666666 2.3306370182628826 0.999237697099562 0.9995602394595975
2.3323024917554864 176.33333333333334 2.3301888202359713 0.9990696253419925 0.9995466172804047
2.331727144324039 179.0 2.3295678886499065 0.9993983638213436 0.9995299498598939
2.331669688685617 174.66666666666666 2.3294698265966227 0.9993774993911577 0.9995234441178606
2.3318258926210405 176.0 2.329580160331845 0.9992301816023095 0.9995157701504859
2.331867391601193 176.0 2.329572664371495 0.9992649735314004 0.9995005664819471
2.331817287011439 174.33333333333334 2.3294803879426094 0.999267629098384 0.9994923359196884
2.331870709316924 174.66666666666666 2.3294650442981006 0.9992129665544526 0.9994755177144282
2.332041451671057 175.66666666666666 2.3295677428535697 0.9993045121027205 0.9994562694639463
2.3322982289613106 176.66666666666666 2.3297733309794095 0.9992528364701954 0.9994492840785818
2.3336350860518342 176.66666666666666 2.3309690049699445 0.9989185601071564 0.9994166605963675
2.334553192338482 178.0 2.331777351566829 0.9986427537653297 0.9993911373870744
2.3354215248495884 178.66666666666666 2.332533012895333 0.9985100760539 0.999360009167898
2.336190173531665 176.66666666666666 2.3330926234081435 0.9987675784423565 0.9992978983576833
2.3363572104006294 179.0 2.3330635853167796 0.9991135015483615 0.9992447400751036
2.3363777470719995 176.66666666666666 2.3329181957689524 0.9993011909364612 0.9991950147836144
2.336524303433823 181.0 2.332651203519382 0.9994893281329702 0.9990894921010383
2.3363045939856053 176.0 2.332062705973837 0.9995031711298951 0.9989985599660596
2.335435168549337 179.66666666666666 2.3306745185726228 0.9996777254435766 0.9988671203914135
2.334517634062069 178.0 2.3291847329591033 0.9997681338314792 0.9987215220869669
2.334587930449118 179.66666666666666 2.3290740419515292 0.9996469971624092 0.9987065125574109
2.335056524975662 178.0 2.3286422620725187 0.9992841344544362 0.9984738887153386
2.3368961418077268 176.33333333333334 2.329719151204082 0.999306313215375 0.9982945261250945
2.3385747309074967 179.66666666666666 2.330903200379826 0.9986620103648334 0.9982147934827428
2.3399032580911214 181.0 2.331365586565626 0.9987907169561036 0.9980036239850579
2.340490103430626 176.33333333333334 2.3311821966301585 0.9987622953202953 0.9978279149148863
2.3412054035824594 179.66666666666666 2.3310196012242943 0.9982471089930413 0.9976272686358998
2.341436909525273 180.66666666666666 2.3302460465664634 0.9974983374944668 0.9973982124383218
2.342139893891601 175.66666666666666 2.3298478714595325 0.9966845460785134 0.9971432576320607
2.343464324863837 179.33333333333334 2.329957194335467 0.995536972874792 0.996870587923111
2.34686404429878 171.66666666666666 2.33164389251817 0.9939443965591268 0.9964926727327785
2.349321697237577 179.33333333333334 2.332746413526319 0.9917431028935692 0.9961934731648787
2.3519605765291933 173.33333333333334 2.3341598292611345 0.9913519918910969 0.9959190375294704
2.3547787146721992 174.0 2.3352588454991707 0.9901349401696641 0.9955262119676034
2.3564820205705916 175.0 2.3361048683782273 0.9895743034588512 0.995325283327956
2.360928574509848 179.66666666666666 2.3383585543056973 0.9880744691228694 0.9948400470684108
2.3633307364366845 176.33333333333334 2.3394092354540894 0.9874477507619205 0.9945385289904124
2.365723532553523 176.33333333333334 2.340406421559808 0.9871534875478872 0.9942215008057101
2.367772513231911 173.33333333333334 2.340389748484553 0.9848463356030378 0.9937571095837742
2.3689752865616236 178.33333333333334 2.3400666295676285 0.9830526310495998 0.9934086953465345
2.3702524833251775 178.0 2.339878940069834 0.9825178393378537 0.9930668849517346
2.371276703359007 178.0 2.3392348220539634 0.9803967135301919 0.9926900613503246
2.37344066107791 174.0 2.3392472255016084 0.979044377159761 0.9922067668862574
2.3761732112526244 177.66666666666666 2.3397173892658345 0.9774617539588382 0.9916996944257574
2.377503184397249 179.66666666666666 2.339932793577333 0.9774506845587874 0.9914475205177954
2.380575107758819 172.33333333333334 2.340638662266765 0.9770302415524217 0.9909219030645291
2.3825086107982534 175.66666666666666 2.340663756984782 0.9763621515377293 0.9904945165349267
2.385058441999385 172.33333333333334 2.3412656781817933 0.976459785016792 0.9900612499515011
2.3890496278909454 174.66666666666666 2.342456972047235 0.9764319921529294 0.9894407702661112
2.3925216865386183 172.33333333333334 2.343047440720688 0.9752939472204974 0.9887548172599187
2.3969858232919203 173.33333333333334 2.344431239843786 0.9743070506102719 0.98808148034444
2.400194036448432 177.0 2.345239579707859 0.9735111197902935 0.9875537197148341
2.403042199984734 175.33333333333334 2.3457694367698716 0.973741062473576 0.9870358138568746
2.4059015239299617 177.0 2.346268656932625 0.9729361187356156 0.9865070528809755
2.4102251632247835 175.33333333333334 2.3475534565111356 0.9727359329011261 0.9858273489122641
2.4138859370081334 173.0 2.349019168929467 0.9732308459359102 0.9853428822859186
2.4180304610051175 172.66666666666666 2.35173690784339 0.9742004991001199 0.9850947621943108
2.424461020573854 174.66666666666666 2.3542945121180567 0.9746544646375583 0.9841901109239155
2.431687847612773 174.66666666666666 2.3585712662954244 0.9754170693019747 0.9835543492722483
2.4369013757378593 173.33333333333334 2.361801293929606 0.977855628238583 0.9831273742780129
2.442494756811904 176.0 2.365473408850522 0.9789291161023982 0.9827213360074535
2.44823521322834 172.0 2.370443492005136 0.9803069534564479 0.9826291749396924
2.4535705538853017 172.66666666666666 2.374476548777316 0.9809741741376953 0.9823630688112613
2.4585648870242593 169.66666666666666 2.3778306506182485 0.9840827688459242 0.9819343980538684
2.462311164322152 173.66666666666666 2.3812652006176003 0.985428627189457 0.9818809102871451
2.4659037678483906 169.66666666666666 2.384609719653996 0.9858895011477214 0.9818401776327194
2.4690086053217666 174.66666666666666 2.3874770739292615 0.9866000399286259 0.9818123907703318
2.474283665125515 171.33333333333334 2.392427046297438 0.987754373752836 0.9817793658217319
2.476535302300603 173.33333333333334 2.3945791838746415 0.9877153800531915 0.9817751218739197
2.4803984091927984 170.66666666666666 2.398414089112095 0.9879948382194208 0.981796062540547
2.482871487210732 172.33333333333334 2.4008875692475526 0.9883863141929827 0.9818115776591833
2.4857157624144897 173.66666666666666 2.4035671458270444 0.9879787368564107 0.9818022556759883
2.4870777174951693 174.66666666666666 2.404705113760208 0.9879125746990671 0.9817614719701152
2.4876446554541203 175.0 2.405188576021474 0.9880111214447238 0.9817577994420965
2.487834513298472 169.33333333333334 2.40533702773452 0.9883415232403104 0.9817507946776693
2.4881676241869797 174.66666666666666 2.405726251610537 0.9877883207892362 0.9817670869060185
2.488594394849284 172.66666666666666 2.4064395899805193 0.9868374988258621 0.9818400496288319
2.4889654430717933 172.66666666666666 2.4071391514858806 0.9850849119773887 0.9819171058671355
2.487831710001758 172.0 2.406421595496574 0.9836161550202956 0.9820098770152605
2.4854425110360006 174.66666666666666 2.404299937742964 0.9832014667510782 0.9820560691296621
2.4845584263370046 170.0 2.4035487673649483 0.98270372574716 0.9820790663089336
2.483544493721048 172.33333333333334 2.402950257464353 0.9811048498219456 0.9821640691054364
2.4828847982798115 172.33333333333334 2.402764084223645 0.9804495872634531 0.9822602545610002
2.4826609086321536 175.66666666666666 2.402680394828846 0.9799189978541574 0.9822886949729569
2.483090498247986 175.66666666666666 2.403156418537043 0.9779630364258387 0.982304555422786
2.4831024518108067 174.33333333333334 2.403202885816925 0.9763681472553525 0.9822997219068534
2.483073892829809 171.33333333333334 2.4040394296761103 0.975549191179767 0.9825534291987177
2.4829145861878272 169.33333333333334 2.403891770021174 0.9738971462175718 0.9825714726673052
2.4823043396814106 173.66666666666666 2.4024177183469386 0.9726000822571463 0.9822900284133419
2.481560288938164 172.33333333333334 2.401477731662084 0.9719600163751656 0.9822841365570415
2.481635923265814 174.66666666666666 2.401344174986585 0.9704057154263996 0.9822051641747385
2.4818733958330306 171.0 2.40121011046452 0.9687189522545686 0.982128113989804
2.4818815764929414 174.66666666666666 2.401482308455805 0.9680232307839555 0.9822955022638608
2.481989829789176 177.0 2.400238204324349 0.9673831746463779 0.9819032491918035
2.482629054823146 173.66666666666666 2.400432986652185 0.9666053978498983 0.9818233421827745
2.483953239051402 172.33333333333334 2.40127101065631 0.9666310112212608 0.9817079021089048
2.4856165688847693 174.66666666666666 2.4026476042116425 0.9664446231773435 0.9817108046893811
2.487907265565643 174.66666666666666 2.4045178029707643 0.9669551839756915 0.9815853482223099
2.489390236365852 170.0 2.4056130035299845 0.9674516998896283 0.9814756433020888
2.4904938567360344 173.66666666666666 2.406495301090886 0.9694815686161764 0.9814931693721461
2.4919720885289296 171.66666666666666 2.407136752963721 0.9713399857609122 0.9812838097699581
2.493117775873763 172.66666666666666 2.4078287006695116 0.9717766520997381 0.981165129398485
2.495460517131097 172.33333333333334 2.408663353349279 0.9719698015291779 0.9809158830362927
2.4962088167020293 172.66666666666666 2.408318442222972 0.9731217942966411 0.9806786437276773
2.4969183388841714 171.33333333333334 2.40787099507948 0.9742985675591664 0.980441090544784
2.4980726239827638 177.66666666666666 2.407893682352313 0.9748107116123788 0.9801941278992323
2.4994693381540958 170.66666666666666 2.4080725619033947 0.975052345317331 0.9799046709533432
2.501077803250143 170.33333333333334 2.4078814165541833 0.9754629591654935 0.9795055593837988
2.502595058342055 173.0 2.407781698583145 0.9755990850369336 0.9792226731678058
2.503947333036166 172.33333333333334 2.4074400322046703 0.9761252424922321 0.9788596808066369
2.506011232826341 172.66666666666666 2.4070690765469323 0.9764663052327607 0.9783091716343593
2.508281065133838 169.33333333333334 2.4071456693058004 0.975635436239497 0.9778405901798868
2.5109674472474834 174.66666666666666 2.407452881798938 0.9744263522402712 0.9773486037646093
2.5148802558728267 170.33333333333334 2.409056888934622 0.9733570385281498 0.9770222393126856
2.5177369415726814 174.0 2.4081933155471185 0.9724624842742845 0.9761696459864179
2.520938833765464 173.33333333333334 2.409582650354418 0.9717319533462976 0.9758374189758432
2.5246209510724094 169.66666666666666 2.4083161221936233 0.9719978930895795 0.9747279078209845
2.5272162599036028 174.33333333333334 2.4077100466226944 0.9729936407305464 0.974049527067675
2.5299368421434343 169.66666666666666 2.407107070384571 0.973344564439851 0.9733660057708517
2.532535697044135 172.33333333333334 2.4061788456761866 0.9734416252514348 0.9726683552595863
2.5348878943843176 170.66666666666666 2.4050811584331995 0.9768303518906374 0.9719750000457333
2.5372174409660215 172.33333333333334 2.4024082647239253 0.9775306528880857 0.9708777932658895
2.5412822926694227 171.0 2.4010197900428762 0.9746587662896272 0.969679728139206
2.5437450659322116 171.33333333333334 2.4005972368798814 0.9727129997869399 0.96916145879998
2.545443170655654 169.0 2.396973571158022 0.9726840595953113 0.9679966836543531
2.5480274939885255 165.66666666666666 2.3938175554029435 0.9697255526425661 0.9667784536577781
2.550078676255276 165.0 2.3916546185432894 0.9666402947421352 0.9658900715986422
2.551864414696027 165.33333333333334 2.3891090573926124 0.963553871238906 0.9649691620879959
2.5541233526825606 166.33333333333334 2.3855814476275814 0.9597851131533522 0.9636681384047442
2.555863620216203 166.66666666666666 2.3834052087278526 0.9575325788221383 0.9629180488803728
2.558266432180833 171.66666666666666 2.381855329744143 0.9526413436814436 0.9620885333291591
2.5611501659529625 170.66666666666666 2.3797581752222126 0.9464807957293001 0.9610061062748606
2.563519654486529 169.0 2.3786462431820947 0.9429946524142667 0.9602979238625508
2.565891266204369 166.66666666666666 2.377793053997989 0.9395736158698349 0.9595853038764716
2.5690374037226067 172.33333333333334 2.37649089341265 0.9345204520148277 0.9586778150433041
2.5709922469882573 169.33333333333334 2.375364041052939 0.933472743661573 0.9579598723570742
2.57491736705767 169.66666666666666 2.374988528562499 0.930038769755991 0.9571244596901214
2.578924358259563 168.0 2.377180637723781 0.925970789975495 0.9568454761865683
2.5828001270062653 166.0 2.376460866192626 0.9224529074666322 0.955812272205808
2.5876891962584243 166.33333333333334 2.3770725811912077 0.9180231558994446 0.9549143579768792
2.591278034772178 165.0 2.377315243145541 0.9146470850510159 0.9542511328909545
2.5947179359767136 161.33333333333334 2.3773789121384046 0.9118911343525861 0.9534713867282035
2.599616230200662 164.33333333333334 2.377782318877655 0.9084671793045109 0.9526246010383627
2.6031099683665606 164.33333333333334 2.3779957482643717 0.9074957198134803 0.9519564626986691
2.606963786749563 166.0 2.378377727781074 0.9055151198451558 0.951217543705034
2.6125189376298255 162.66666666666666 2.3794487044411334 0.9022160062276895 0.9503279952357333
2.6209089120927045 165.33333333333334 2.381110978584844 0.9012144915682496 0.9488547861855129
2.6251305799686864 164.0 2.3818518334509142 0.901319647978474 0.9481757200384116
2.631161426017037 161.33333333333334 2.3843277399074907 0.8997462673265479 0.9476593306184359
2.6359921610975743 161.33333333333334 2.3833093074956633 0.8988437201995153 0.946322825329244
2.6416393064540573 167.0 2.3842072719829472 0.8960797569279345 0.9453174268913601
2.649727841460708 161.66666666666666 2.3858695937106784 0.8943342401246706 0.944026774405092
2.656156195740584 161.66666666666666 2.3872188083998664 0.8914368530811938 0.9431222448401755
2.6645402858148004 161.0 2.388690305705623 0.8881941689080615 0.9417553752670893
2.670422765918397 160.0 2.3894433774598225 0.8866077571718661 0.9407076575372211
2.676320905235153 163.33333333333334 2.3900704573618934 0.8844572972545487 0.9396704236216298
2.682260326917861 157.66666666666666 2.3906364820578268 0.8818060128999083 0.9386111630194958
2.6902584243930088 160.0 2.39136665060473 0.8763714178307341 0.9372006158742484
2.69571085495599 161.33333333333334 2.3914394195539614 0.8728076481106383 0.9360551733719948
2.702401830551041 161.33333333333334 2.390788254052636 0.8698113919523979 0.9346583673626181
2.707877388734231 162.0 2.3903738959141645 0.8653913996367838 0.9335275405648253
2.7178885116138227 160.0 2.3885837338481135 0.8553863187045754 0.9311745053637307
2.723074735978445 160.33333333333334 2.3858903752137013 0.8512822084375716 0.9295059684981946
2.726950446177532 156.0 2.3837309692482656 0.8473933157894433 0.9284171319763999
2.731060878184583 160.66666666666666 2.3803998646549 0.8469306297696315 0.9268962563896613
2.734261072392374 160.0 2.3786206589078436 0.849797879608406 0.9259219779760798
2.7375982360032953 156.0 2.3773950956524335 0.8520765390319283 0.9249311060696374
2.7419303851283052 157.66666666666666 2.3759234991038434 0.8555225399415477 0.9238458367379047
2.744500118537448 157.33333333333334 2.3740022136695824 0.8590348372044679 0.9229868224830239
2.7471349016149067 156.0 2.37004750593216 0.8632636897975919 0.9216386747345858
2.7481995464702416 153.33333333333334 2.367884097825177 0.8651724279753151 0.9209601981216596
2.75076846173718 155.0 2.364189209696697 0.8689421448833944 0.919728220970782
2.752776961992822 153.66666666666666 2.361580633303103 0.8710717581581969 0.9187680072173451
2.7549755595741092 153.66666666666666 2.3613437640116928 0.8727942620825453 0.9184529060494229
2.7583175617184197 155.0 2.3565724845391913 0.8766496336384751 0.9166939470463821
2.7608360751120515 156.0 2.3546381613958545 0.8802327853982473 0.9158140130865473
2.7642605292028644 159.33333333333334 2.3519330415642092 0.8852008719814692 0.914593844335879
2.766464727037887 155.66666666666666 2.349552439599387 0.8908657007770718 0.913667222159707
2.769539094965407 154.33333333333334 2.3464696040627437 0.8999282349872432 0.9124151132791617
2.7721498802954154 159.33333333333334 2.3440510377690225 0.9046598249139147 0.9114307340561332
2.774482853166762 151.66666666666666 2.3413910051330724 0.910194510188516 0.9104294792525525
2.7766197439568985 154.33333333333334 2.340133281908961 0.9147262673914163 0.9098853639626959
2.7784776467823047 159.33333333333334 2.3367559704109864 0.920895512542344 0.9088316414482095
2.7810744660063036 154.33333333333334 2.3339434340380754 0.9258554113465316 0.9077219739974454
2.7866792574561976 157.66666666666666 2.3297627888667076 0.9300802242900407 0.9057988370237711
2.789214181498756 154.66666666666666 2.328232733259915 0.9312619303662805 0.9050000040837709
2.7959660636436365 154.33333333333334 2.3246970036620036 0.9346527120739228 0.9029796118160013
2.8001199115605844 156.33333333333334 2.3225829690137507 0.9369537579329966 0.9017603347057148
2.803068420616824 149.66666666666666 2.3212923166544486 0.9373440172853037 0.9009182219209066
2.808866928874204 152.0 2.3184226327969726 0.9364464639874464 0.8992366826276306
2.812895490506848 157.0 2.316415210654805 0.9383218085771863 0.8980195479132974
2.8175222093551384 154.33333333333334 2.3151652241143714 0.9404982547016392 0.8968826804190588
2.8249533184597673 155.0 2.3145199090738005 0.9401416536635587 0.8953757999245331
2.8301989669655625 152.33333333333334 2.3118171464438477 0.9410156742114775 0.8936924107277947
2.8350981115527154 153.66666666666666 2.311275602944392 0.9415082048176111 0.892653424405233
2.839174473437277 152.33333333333334 2.3103532367356348 0.9428541902509981 0.8916936744555474
2.841535189204117 156.33333333333334 2.3095546623701186 0.9442652664636155 0.8910735800135379
2.8482869289797903 155.66666666666666 2.308150513165704 0.9427823450397766 0.8894896238933074
2.8548027119105024 152.33333333333334 2.308541674648164 0.941278941979764 0.8883362318612407
2.859901919368207 150.33333333333334 2.309680971700598 0.940842012660825 0.8876745262641402
2.8631247057653715 152.0 2.312709305016329 0.9406966218409404 0.8878432258901056
2.871427585375418 154.0 2.314313594721396 0.9395403614504839 0.8866042309547387
2.878054552455759 153.66666666666666 2.3134482444139977 0.9395684484320241 0.8850762922214307
2.8811789095183573 151.33333333333334 2.314169574857903 0.9400912259982778 0.8846127535436382
2.886328068869067 150.66666666666666 2.3152923506472383 0.9380460262047767 0.8838948559527856
2.8955246380043684 148.66666666666666 2.3172047583130535 0.9330940632479491 0.8826191676224865
2.9013280035437408 155.33333333333334 2.3186506682477095 0.9314546740006358 0.8818364237434768
2.9075645265821106 152.33333333333334 2.323206950034195 0.9291581815857124 0.8817537684510391
2.9139988057552015 154.66666666666666 2.3228560375305443 0.9273609075595216 0.8803897505607136
2.9219663682243753 144.0 2.3247681127487136 0.9256512353089039 0.8793152884801572
2.928023880073594 153.66666666666666 2.326512041073298 0.9270227245390699 0.8785343405138883
2.9350013130244235 150.0 2.328993345388637 0.9270097246096605 0.877806470659899
2.944845962657461 147.33333333333334 2.3326594774870912 0.9257728828474998 0.8767582886318283
2.9493485688528565 151.0 2.336680923142449 0.9249289119060322 0.8768876710216917
2.95990269925158 151.0 2.3363737038362675 0.92316286253894 0.8747896665768904
2.9663341048392002 155.0 2.3403499369688348 0.9234341739701216 0.8745460349918396
2.971184224231315 150.33333333333334 2.339366009883187 0.924192807055282 0.8733167735385452
2.9784961651689876 148.66666666666666 2.342072691647103 0.924750911803737 0.8725461349792377
2.9895629967877877 155.0 2.3454499094347487 0.9273723577354356 0.8712753138714103
2.9959354376536145 147.0 2.3468833523719352 0.9284038006742149 0.8703854537613217
3.002282900187158 149.0 2.3477653977926565 0.9283579313147349 0.8694375052517728
3.0098069354735406 150.33333333333334 2.3506388787670374 0.9265156543645345 0.8688578054678088
3.0129609133152306 138.0 2.347610984987395 0.9270174782962745 0.8675332652274531
3.018561104580823 138.33333333333334 2.345529424154785 0.9255945649229129 0.8661113871982042
3.023870265195098 149.0 2.3432258835474102 0.9240337393099172 0.8647050109398406
3.0277538206358185 146.33333333333334 2.3417844124198854 0.9242185340716688 0.8637303358717726
3.0302305883613627 142.66666666666666 2.3405557317479597 0.9246601060521059 0.8630178161895329
3.036368311833017 146.0 2.337235748047023 0.9242919833152432 0.8612616317376603
3.0399053233768525 151.0 2.3351069745096353 0.9232426230159864 0.8601985184986419
3.042955843872201 147.0 2.332672229525442 0.9234832631777625 0.8591686235060292
3.0464185074368966 140.0 2.329171266515267 0.9253866048149896 0.8578752720823731
3.0490499256190864 143.0 2.326642285641691 0.9266368581054563 0.8568978512673586
3.052550291445621 143.33333333333334 2.3230496362252606 0.9282913996992598 0.8555453081566587
3.054787925042042 140.0 2.323009478019877 0.9305225321282472 0.8552684957328234
3.057366168351331 134.66666666666666 2.3172432565139456 0.9322856408964263 0.8535205659128954
3.0609785518886463 139.33333333333334 2.313451702038975 0.9357545810334112 0.8521011742217127
3.063976678785676 143.33333333333334 2.3106401427457373 0.9381798681652377 0.8510061897077285
3.0673172750187585 145.0 2.308096122224903 0.9402878071064116 0.8498977989300437
3.0723122597046837 148.0 2.304918007415197 0.9437068726661083 0.8483536992750345
3.0756267390668213 140.33333333333334 2.303853898625296 0.943700232915012 0.8475859792064286
3.08308621466632 134.0 2.3029067875807034 0.9464248637180716 0.8460940949265657
3.089102889673467 134.0 2.302678807958502 0.9486742882200557 0.8449994579348477
3.09624031297766 115.66666666666667 2.3011936726171895 0.9512560857577202 0.8434604967935087
3.1008555832580114 144.66666666666666 2.2993216541428594 0.9531784324761629 0.8422784639935108
3.105292484874872 138.0 2.297499667127349 0.9548050212004212 0.8411473209672993
3.111646537949545 132.0 2.2955767070819384 0.9563139895708533 0.8396598265505536
3.1163414858723715 135.0 2.294247982100582 0.9573208849493847 0.8385447749146815
3.1208887148175344 145.33333333333334 2.2929235077765884 0.9582372929676177 0.8375100885208525
3.1268111165895696 135.0 2.2948701015803628 0.9614231887032454 0.8370095696165716
3.132833219419953 135.0 2.291819914701255 0.9618933374167069 0.8352085632042803
3.139249019130695 143.33333333333334 2.2953742268884016 0.9612480283313021 0.8350113226383882
3.145524038350694 134.66666666666666 2.2929953869469037 0.9604849252067635 0.8333033369163706
3.1516241024434204 136.66666666666666 2.2930286950686867 0.9620995534465762 0.8322752608120801
3.1557357825332875 136.33333333333334 2.2932129314060545 0.9643313932162091 0.8316076978173644
3.160377482873032 118.0 2.2934837603953375 0.9651980510743059 0.8308653993357974
3.1676141657886094 143.33333333333334 2.2944146025935255 0.9644172712112941 0.8298080993401743
3.1732195815258297 115.66666666666667 2.2949968554015503 0.9633228495165201 0.8289930920712281
3.1784335556801993 116.33333333333333 2.295380361959438 0.962741669148309 0.8281984378425711
3.184872423603299 118.33333333333333 2.2955717229615504 0.9621324666595235 0.8271502709405083
3.1910820617142197 134.66666666666666 2.2957685031482153 0.9617353300213343 0.8261033862971785
3.1955598199999447 146.33333333333334 2.29565891825342 0.9610826016970289 0.8253566855860094
3.200182108533456 141.0 2.2952437497346394 0.9593917676426053 0.8244641288029401
3.2073376782044796 134.66666666666666 2.2962622235459023 0.9582808955756963 0.8234697111041431
3.2131388800155487 134.66666666666666 2.2972880079091 0.9568832454061171 0.822740284231697
3.218917376059686 142.33333333333334 2.298112488988712 0.9553823224843836 0.8219229399024741
3.2267738842924674 117.0 2.299347240564215 0.9533718907004 0.8208656201793819
3.230889102730776 117.0 2.299783283799183 0.9509746128546624 0.8202785731406897
3.239134584550571 115.66666666666667 2.3009175548439447 0.9480583807070289 0.8191362573681227
3.245468615395095 118.0 2.3019028766584406 0.9456134476106599 0.8182792026085394
3.254155620154838 136.0 2.303084300761058 0.9426454138869722 0.8170622826620092
3.2608152812223388 115.33333333333333 2.3039275636343692 0.9404854220704341 0.8161622350681905
3.2771252610337416 116.33333333333333 2.3074828139514554 0.9359571140832557 0.8141987414367032
3.283924626483106 115.66666666666667 2.308541329736149 0.9326467671263121 0.813287632004431
3.2900078890303743 134.66666666666666 2.309034798266846 0.9301295077867976 0.8123903043744446
3.29769476189459 141.0 2.3101941995576953 0.9296346348064466 0.8113510515404303
3.303767438668474 140.66666666666666 2.3116789426029967 0.9292492775867147 0.8106614436628672
3.3103865455360992 114.33333333333333 2.313893723343663 0.9296085550865609 0.8099994253981052
3.317389506469839 117.0 2.316575130392587 0.9302938895408004 0.8094032847930195
3.325684167851173 141.66666666666666 2.3208041583225048 0.9373913399190718 0.8089008856575909
3.3321332191912614 133.66666666666666 2.3235083441208024 0.9392701130454146 0.8083880836245667
3.339551881411041 117.0 2.3295073590978777 0.94273176570313 0.8085159701644234
3.3451858793617144 134.0 2.327480651600495 0.9432290255916203 0.807063797578896
3.349563048032322 134.66666666666666 2.3282135455464896 0.9467400371863444 0.8064917793006705
3.3538135203030004 113.0 2.3286523191865034 0.9479642052627044 0.8058688389318602
3.358848834343105 142.33333333333334 2.328432107466562 0.9495879396617984 0.8050327387717657
3.3621111192137185 116.33333333333333 2.327986788220121 0.951117719557957 0.8044295292125428
3.3659257722506326 116.33333333333333 2.326828010475708 0.9530803826720073 0.8035980260145339
3.3687698550187433 115.66666666666667 2.325715883900743 0.9528512066421266 0.802903955706221
3.3718094366360845 134.0 2.324941071108165 0.9522705215825877 0.8022652431577447
3.375843496452523 112.66666666666667 2.324019665015734 0.9533940825741205 0.8014279965294111
3.378981049615854 112.66666666666667 2.3238935933842315 0.9542698333784144 0.8009178175061372
3.381799980431945 112.66666666666667 2.3269264941514134 0.9564274740177291 0.8012308877406747
3.3861127401211255 138.0 2.3234508812027395 0.9574711808211467 0.7996938992644238
3.3890953590459936 116.33333333333333 2.3234183176511003 0.9591839858155 0.7992411833120411
3.3927068202982356 144.33333333333334 2.3232416226215564 0.9622234840560396 0.7986307848807336
3.3955305042857824 131.0 2.3231399953086336 0.9649190727014229 0.7981580285263653
3.3982599794366375 116.66666666666667 2.3230082585726155 0.9671060539930328 0.7977012080767757
3.401879733537629 114.0 2.322816636308663 0.9705885790487382 0.7970905134415334
3.4046169967166424 131.66666666666666 2.3222475175400916 0.972132270472801 0.7965519628236019
3.4072389485587093 116.66666666666667 2.3215793542673877 0.9748559883913464 0.7959776614314776
3.4107841165306776 138.66666666666666 2.320415168520969 0.9765984391500769 0.7952189123791386
3.41343382066073 144.66666666666666 2.3194036117418824 0.9782003397097746 0.7945829541185807
3.4162169472085626 131.66666666666666 2.318214017032833 0.9798951125073092 0.7939307601359635
3.4200090811593467 113.0 2.3165224231709987 0.9815949345403516 0.7929843340414161
3.4230081050774888 112.33333333333333 2.3157936657999967 0.9837196590283956 0.7923664365216523
3.4263622978059964 113.66666666666667 2.3193052467374797 0.9855437075190925 0.7926772208704099
3.4320706052970342 113.66666666666667 2.3159110300867356 0.9871807798598402 0.7909934362017871
3.436378374123871 131.66666666666666 2.3161534070934566 0.9879263524096329 0.7903754631557005
3.4403927365019054 113.66666666666667 2.316020549004955 0.9886722944243721 0.7897281794791132
3.445976998301491 111.66666666666667 2.3156416511320983 0.9893716704044561 0.7887519812195317
3.450450240170242 111.66666666666667 2.315701056521202 0.990025957098634 0.7880929050372634
3.455091930859524 132.0 2.315584915985655 0.9903258705185652 0.787315941535784
3.459579068289968 132.66666666666666 2.3151518809903058 0.9907202387302559 0.7865284882827384
3.4636158972919184 114.0 2.3182084829257033 0.9909068870302528 0.7866467586064877
3.4700075524068748 111.0 2.315425898607077 0.9925812884427438 0.7849576916869043
3.4739341327401547 145.33333333333334 2.315368871085315 0.9930736157213218 0.7843736215042746
3.4769391615155936 140.66666666666666 2.314725422525148 0.9936654513123494 0.7837720488626041
3.479957851325036 136.0 2.3134220570995407 0.994321781265955 0.7830542944243087
3.4815085686377745 131.0 2.311759746222153 0.9944737486379093 0.7824938712602254
3.4818377944669203 109.33333333333333 2.3087796067773008 0.9942733373936076 0.7818338489004675
3.4814261564099365 111.33333333333333 2.3085665842148293 0.9944801333610653 0.7820023437575658
3.4820748568642643 128.33333333333334 2.301672052095259 0.9939603570053555 0.7804303818728884
3.4849247101459633 139.33333333333334 2.2993910879301174 0.9933254757448352 0.7795280824742924
3.487613039094324 142.0 2.2996506834476613 0.9934240858954143 0.7791893463434967
3.4921250830765977 128.66666666666666 2.301065183911212 0.9929908078157018 0.7787822902654481
3.4953855085264145 115.0 2.302045071339397 0.9926323711952736 0.7784740257447398
3.4980554862978006 135.66666666666666 2.3025632113925982 0.9925361014046535 0.7781680802061478
3.500226081370654 108.33333333333333 2.3029808711814796 0.9929008214801572 0.7779158846392702
3.503404445015132 136.66666666666666 2.302773336174257 0.9919088065085668 0.7773955243079872
3.5055455791458368 136.0 2.302705889926458 0.9911582183515909 0.777035904002565
3.508129798171749 128.33333333333334 2.3024567216491754 0.9901100897515407 0.7765998262517092
3.509101729605586 110.66666666666667 2.305936852515269 0.9896018227985348 0.7773041737335609
3.5114013704982274 142.0 2.3024118422853923 0.9892170520927477 0.7761225125711627
3.5161853912510326 109.0 2.303519656391736 0.9881642259862833 0.7755790811521849
3.519488863440313 110.0 2.3048056089654674 0.9868539820546439 0.7753262014756914
3.5241803952330626 129.0 2.306906366337729 0.9861765205077831 0.7750221718075131
3.5263421787264164 136.33333333333334 2.3082390716834267 0.986015827291342 0.7749522981793471
3.5305967998121477 136.33333333333334 2.3105882716159267 0.9856669696713118 0.7747818379810346
3.5330421585248177 129.0 2.311540258042879 0.9853907558069411 0.7745987830599644
3.5384738468563643 110.66666666666667 2.3137745155759144 0.9852805743787165 0.7742056005661312
3.5426681369816615 132.33333333333334 2.3147988894138107 0.9855836036861654 0.7737674525829398
3.5480764747324334 137.0 2.3194713838973686 0.9860333134816046 0.7739960149233575
3.552945949869047 129.66666666666666 2.3162415496617683 0.9850575534288143 0.7724592895965707
3.5567946870238467 137.0 2.3168426135232494 0.9848346212076693 0.7720168617516054
3.560275869948471 130.0 2.317477266768435 0.9850052949282655 0.7716137196289586
3.5657398711673793 126.33333333333333 2.3186238198408575 0.9850799928647732 0.7710093451233864
3.5704332567797072 129.33333333333334 2.320237894629232 0.9850629364939224 0.7705842020480788
3.5747780601606918 111.66666666666667 2.321969970733663 0.9853870867647716 0.7702731570114772
3.581699037731098 130.0 2.3232696064885405 0.9843117564465753 0.7694774433237683
3.584896154075244 130.0 2.324015300702147 0.9840715088115596 0.7691387636329374
3.590655300228259 130.0 2.325808908189799 0.9851516511314624 0.7686234944752245
3.594898840306372 126.66666666666667 2.3268346627085585 0.9850073145112873 0.7681832597869721
3.5992801120058178 110.33333333333333 2.328187485060959 0.9849380036312441 0.767819097980882
3.604263947698668 112.0 2.333658225392411 0.9858854053380717 0.7682707929673707
3.609436023454816 111.66666666666667 2.3306081476841305 0.9865685826249554 0.7667529939370453
3.6129088742737965 109.0 2.331275193764117 0.9872778963414268 0.7663461117262439
3.61579878485402 130.0 2.3308556207335718 0.9872529838159718 0.7658700320206
3.618906576857977 129.33333333333334 2.3290855989925006 0.9875883158290034 0.7650627775691808
3.6204096473562086 112.33333333333333 2.3275966491067446 0.9875969163414071 0.7645597849811919
3.6231043328167254 128.33333333333334 2.3245367689506877 0.9870573863700972 0.7635728485578339
3.6257967914126716 127.66666666666667 2.323089096193715 0.9868187777011987 0.7628791350129253
3.6296349955484306 112.33333333333333 2.322247578090443 0.9854806574482404 0.7621799645033416
3.6312385547227066 138.33333333333334 2.3228747186733 0.9858235864022107 0.7620697325128366
3.632666532273692 107.66666666666667 2.3232695689536107 0.9843915541427674 0.7619188143074339
3.6335362751625215 130.0 2.3236054576614436 0.9838695786438969 0.761856890434153
3.636623704963902 126.66666666666667 2.3258627457546948 0.9842949115218227 0.761876913859743
3.6401435192490372 137.33333333333334 2.3283616634039586 0.9819855381765878 0.7618188311999831
3.6446666714880025 109.33333333333333 2.331655982700739 0.9794576248334571 0.7618175861314997
3.6473552294726663 109.33333333333333 2.3337026337660327 0.979189562176084 0.7617856752627448
3.64987430142156 109.33333333333333 2.3356256987428337 0.9798890647874836 0.7618077320673134
3.651086221095505 108.66666666666667 2.3410674119068613 0.9806038017240136 0.7627962544434507
3.6524678856041586 111.0 2.3388304567723703 0.980859333508577 0.7620414895479947
3.653199929364204 137.33333333333334 2.340295247974061 0.9807829851221079 0.7622075661415608
3.653863553727381 128.0 2.342185905969605 0.9812853438982105 0.7624683676711781
3.6540656541122503 137.33333333333334 2.343007134876882 0.981770167457191 0.7625932683794973
3.654316951682048 111.66666666666667 2.343732061523384 0.981540451488627 0.7626990562260542
3.654218550085553 111.66666666666667 2.344361608880376 0.9812137054675967 0.7628302799397729
3.653327511582308 106.33333333333333 2.3445824360720335 0.9815286371501525 0.7629720730559199
3.651505567541038 109.66666666666667 2.3451047206255433 0.9823413175875096 0.7633269989769863
3.6496726654533242 135.0 2.344674886760952 0.9818041101807705 0.7635216866392346
3.6459130540790565 126.66666666666667 2.344111921798122 0.9800349882444539 0.7639845130606684
3.6427175804464738 128.0 2.344293500196667 0.9798402556992262 0.7644896147235379
3.639809148864871 131.33333333333334 2.3442664321452553 0.9802910560690912 0.7648977651229818
3.6365294281356038 134.33333333333334 2.3445658098485 0.9799127329095314 0.7654156258443842
3.632954494517539 135.33333333333334 2.3442028401149924 0.9787007803732174 0.7658975456606014
3.6274983751715695 140.0 2.3477474612478644 0.9775716260975318 0.7674927932032487
3.623348894397597 110.0 2.343824538298547 0.9776056648875464 0.7672288594289127
3.6188179196887176 135.33333333333334 2.3437155532256826 0.9785950527753915 0.767876005770362
3.612817319373611 107.66666666666667 2.34339947029163 0.9795305524162984 0.7686799204324222
3.6067827781334563 127.66666666666667 2.3463044052497373 0.9788332846011975 0.7703205490937068
3.602723378346873 111.33333333333333 2.3416294366221804 0.9774314844998158 0.7698493565421161
3.5980860427829886 125.66666666666667 2.341015200303926 0.9766795017228909 0.770455464840332
3.592147695033777 140.0 2.340753214486158 0.9768526396305245 0.7712517779481523
3.5855274214042643 107.0 2.340729766090385 0.9770554696738901 0.7722722825777157
3.5795753142295026 111.33333333333333 2.340277285294797 0.9762500090307318 0.7730784201275595
3.57281141411 137.0 2.339933916489262 0.9760144207868228 0.7739985349239223
3.565128878407273 137.0 2.339356581541519 0.9761094277013447 0.775068106874103
3.5538911495919985 111.33333333333333 2.3381498335995654 0.975072033110547 0.7765460829819217
3.541446498137064 139.33333333333334 2.3363365777276344 0.9742259869946207 0.7780876920110761
3.531881459697103 131.66666666666666 2.3351478176973193 0.9732285089271109 0.7793184622491397
3.522498793811496 142.0 2.3334802274559654 0.9709865307626454 0.7804269667473651
3.5097939009752133 141.33333333333334 2.331746664025136 0.9681882851678182 0.7820123086571023
3.4998902031301 141.33333333333334 2.330528648877999 0.9661409133937409 0.7832942730644424
3.4888547943975157 139.0 2.32941952699067 0.9670923204678672 0.7848086648680184
3.4811431757822433 138.0 2.328543287678585 0.9673171085711271 0.7858455741216535
3.4640981557430552 130.66666666666666 2.3291844020458594 0.9745079373355069 0.7885796381207851
3.4543727293487456 111.66666666666667 2.3308003174720002 0.9784810306036614 0.7904164823170976
3.446991066208261 112.66666666666667 2.332538127654509 0.9777789771497433 0.7919426478194447
3.433271029162939 143.33333333333334 2.335292161368378 0.9785086230446695 0.7945984225516115
3.4271805296339894 137.33333333333334 2.336134417325214 0.9790748915764186 0.7957455995157483
3.4152479952343504 112.33333333333333 2.336809216614957 0.9800408552624977 0.797739523885547
3.4031916788770005 117.0 2.3368636682567687 0.9804782354679549 0.7996727335200892
3.3973072095506676 113.66666666666667 2.3366816401783663 0.9798952295778596 0.800593236038115
3.3881896360435277 133.66666666666666 2.3366807665644624 0.9790140846042792 0.8020520099644003
3.37543513181878 116.0 2.3373706084582966 0.9796730491194299 0.8041846699942142
3.365903107580103 140.66666666666666 2.337853627744984 0.9798700443556003 0.8058303717299926
3.356624626012795 118.33333333333333 2.3391105329153987 0.9788830559437699 0.8075762706227926
3.3442668188313256 118.33333333333333 2.341461221055999 0.9793825179259921 0.8100153664390839
3.3351415587630764 115.66666666666667 2.343705410671874 0.9799557602810232 0.8119214717277539
3.3265274458225513 116.33333333333333 2.3464806253740536 0.9797812503544305 0.8139005173787659
3.3155579884422015 117.0 2.3514190919470908 0.9793933557081783 0.8166364421670901
3.30740475455405 117.0 2.355461538572003 0.9797348951158555 0.8187679695463268
3.296367167233723 117.0 2.360924245576196 0.9806186702292383 0.8216607945995409
3.2884296038073915 134.66666666666666 2.3655109497869256 0.9809959601484194 0.8238676049276308
3.2809029966898406 118.66666666666667 2.370281814365069 0.9791162105486542 0.8260845863159743
3.270728122992467 118.33333333333333 2.376543690368666 0.977111547964748 0.8290114674391732
3.2623759938236976 136.33333333333334 2.3808453134094885 0.9764852831084783 0.8312251693215668
3.253502494530238 141.33333333333334 2.3845213053058782 0.976290368766827 0.8334249673493722
3.2416205592353724 115.0 2.389075058810999 0.9753117744143818 0.8363124167128939
3.232707878380761 117.0 2.392604753429901 0.9752613345288349 0.8385403511038318
3.2211685713305838 114.66666666666667 2.397889384151771 0.9735626097493553 0.8415335803881531
3.2128179236598897 132.0 2.401706643644783 0.9706668827792004 0.8437000936388709
3.2045366585922355 116.33333333333333 2.4056190534947497 0.9680739501267287 0.8458788208649082
3.196633869733055 141.33333333333334 2.4101087138335138 0.9654529325773482 0.848111058783953
3.188974412866818 135.33333333333334 2.414277386126643 0.9621451049718753 0.8502519046176786
3.1785986205090353 137.33333333333334 2.419239237242365 0.9579584020059407 0.8530110325753939
3.1668912475030444 132.66666666666666 2.4230706142133998 0.9566225093686704 0.8557852017087157
3.157594883595178 134.66666666666666 2.426048543352775 0.9584696919020382 0.8579791830411563
3.1457551771782706 140.0 2.4300696060377254 0.9587975890461529 0.860827481882712
3.139940558732758 145.33333333333334 2.43166090391291 0.9575924932826049 0.86214916956075
3.1280014075793696 145.0 2.4351286329289183 0.9575180939470629 0.8648888880688524
3.1188371872710783 142.66666666666666 2.4375097349876995 0.9584104248062366 0.8669986093564495
3.10993163370491 138.33333333333334 2.4423051826748945 0.9570547410616144 0.8696589883907082
3.0979932813151736 145.0 2.4418084508805635 0.9562862357039091 0.8714955871499576
3.088173116383805 140.0 2.443155948926352 0.9571264624799233 0.8735260159442181
3.07819168871483 151.0 2.4443696492186833 0.9578372162318415 0.8755331166479158
3.0649622187791925 151.66666666666666 2.445691892047026 0.957419708837745 0.8781493860672238
3.05478764167325 149.66666666666666 2.4469005336530167 0.9563720088875379 0.8802081106979138
3.043971149049079 150.66666666666666 2.4478365156828863 0.9565243273600309 0.882336527742472
3.03264949957424 152.33333333333334 2.4512387600938634 0.9572914839425665 0.8851565783953835
3.0173694932383945 151.66666666666666 2.449797300470046 0.9582509147915501 0.8875108530521002
3.005695433553444 155.33333333333334 2.4505530830672706 0.9589110999726841 0.889763384691455
2.9897447081571316 154.0 2.451402633515588 0.9598851167027516 0.8928075091534989
2.981537402916876 156.33333333333334 2.451696368235853 0.9611761395692491 0.894363132229035
2.960370843575559 153.0 2.453782028357577 0.9625245839508254 0.8988175726777812
2.956171230779586 157.66666666666666 2.451214079685657 0.9625379431538627 0.8989363754807215
2.9341831036439863 149.0 2.4521419213326263 0.9662414326489683 0.9032809939199135
2.9221581653296713 154.0 2.451622615608499 0.9677985136677802 0.9054359243146489
2.911589780551324 155.66666666666666 2.451824732152117 0.9662518299107751 0.9074482168841577
2.89729396750287 150.0 2.4519650892683207 0.9628681947366635 0.910154122591117
2.885327622035376 148.66666666666666 2.4518544469648855 0.9652564237407129 0.9123682280521757
2.8734138544410937 156.66666666666666 2.4515724754831534 0.9679658881516602 0.9145539920574265
2.859522941182705 159.33333333333334 2.4524054327633715 0.9716286047436086 0.9173471217746366
2.8506577994947917 156.0 2.453852145670848 0.9717202646088943 0.9193066913694412
2.8424232371790947 156.0 2.4555068003174076 0.9710973904203184 0.9212183668620005
2.8314570026690933 156.0 2.458226123501073 0.9707039689426059 0.9238825859431875
2.823466667344857 158.0 2.460477205217786 0.9709818572994359 0.9259006288256727
2.815591117607988 157.33333333333334 2.4609605497649096 0.971657082699132 0.9273913339460953
2.8050249388300657 164.0 2.4639813142094407 0.9725200454843197 0.930023819605822
2.7972387396133462 159.66666666666666 2.4661780457615845 0.9736312543262324 0.9319876426978482
2.789506812367297 153.33333333333334 2.4684387589401995 0.9755570610061294 0.9339665537768693
2.778027438050657 163.33333333333334 2.473637683470064 0.9767744702163551 0.9372826452853946
2.7739600106134876 162.66666666666666 2.4758501384174085 0.9765877012990885 0.9385059159791301
2.768116701390937 162.33333333333334 2.4795613213024565 0.9766433438747287 0.9404436613151188
2.761640517560662 164.66666666666666 2.4859394656469083 0.9772805419117364 0.9430320762981866
2.7574136780656473 163.0 2.491205821215778 0.9767604746147014 0.9449306549540678
2.7536043466374944 165.66666666666666 2.4966569014945534 0.9771802812454975 0.9468301099729532
2.7490447861692577 165.0 2.5038007929523407 0.9754844077590276 0.9492076668198617
2.7456682067513896 160.33333333333334 2.5090702091491663 0.9751977074429573 0.95096409473531
2.7411496639004658 162.66666666666666 2.5161483081103397 0.975523300720675 0.9533232871560853
2.737540811278009 164.66666666666666 2.5212270648154544 0.9755769880441539 0.9550890735634783
2.7337878202121932 166.33333333333334 2.5260026864572938 0.9755008111556471 0.9568223044266982
2.729655227541857 164.0 2.5300807933385663 0.975971323929165 0.9584815856550039
2.7239432348939103 168.33333333333334 2.5347248018828146 0.9775958432757409 0.9605886044878723
2.7201803430207554 166.0 2.5379825345811935 0.977650741090827 0.962017751021481
2.715959151185605 165.66666666666666 2.5439278766607463 0.9767782354186664 0.9641684629494557
2.7125297715643537 165.33333333333334 2.5454436398176914 0.9767402018508828 0.9650882995486458
2.7090796407416944 164.0 2.547999281238492 0.9769458142042833 0.9663390696430103
2.7057774168631137 167.33333333333334 2.550651866147759 0.9774465031891288 0.9675438286653887
2.701819232813936 167.0 2.5545917888021172 0.9775805944448714 0.9691690181721015
2.6988701887514184 167.0 2.557482937071693 0.9767976222357003 0.9703915035109998
2.6952473928155984 164.33333333333334 2.559641541435543 0.9762343925981832 0.9715538537347439
2.6891875964041456 165.0 2.5622723693542406 0.9774816068406523 0.9734403099401294
2.6844709347646316 166.33333333333334 2.5631189411525725 0.9782294957780769 0.9745747926349981
2.6799148221975657 163.33333333333334 2.5629196322464516 0.9785952797439135 0.9753861935830156
2.674009019689554 170.33333333333334 2.5639196600912837 0.97770512444528 0.9767911913960097
2.6688021455239874 168.0 2.563680016032822 0.9768453332057726 0.9778100545337911
2.6623843218662366 167.33333333333334 2.5624095057105607 0.9778786246919241 0.9788895998669681
2.6533861370103837 167.0 2.5599221750482717 0.9784646742084973 0.9802043372699278
2.647041500202432 171.33333333333334 2.558177986763161 0.9786186451611497 0.981151998976501
2.6408734872845363 166.33333333333334 2.5565471623140805 0.978439123299178 0.982113628903744
2.632802158269841 166.33333333333334 2.5542273459832465 0.9771017111105109 0.9833061590410814
2.6260245514000857 170.66666666666666 2.5516791518469164 0.9767675202213397 0.9841674353910781
2.618792789175137 172.33333333333334 2.548567590644089 0.9768021712892437 0.9850122295016406
2.6088268645350277 170.0 2.543765517298813 0.9773754476174387 0.9860860168925515
2.6016806707183955 171.66666666666666 2.5402461832258543 0.9775454418380254 0.9868579490730676
2.593141825638712 171.66666666666666 2.5361490083195317 0.9774281239236461 0.987820944434878
2.5874400350546463 168.33333333333334 2.5337175036308 0.978069232299276 0.9885197514744608
2.5824535177591845 173.0 2.5318147063964567 0.9776223199880679 0.989195548014673
2.5778353722245444 168.33333333333334 2.530244995512418 0.978070773310664 0.9898372219895776
2.571973182339164 174.0 2.5283894000089027 0.9798845812629969 0.990686425501169
2.5690573586806247 172.33333333333334 2.528141905902212 0.980204326773125 0.9912657023776623
2.567093591447509 169.66666666666666 2.528544421239665 0.9813055246852502 0.9918163111479259
2.565061635914686 169.66666666666666 2.5292153855406734 0.9841664312031378 0.9924307567847765
2.5639946783067287 174.33333333333334 2.529969926380886 0.9856343174448291 0.9928525578765713
2.5625093107328585 172.33333333333334 2.5307655091561747 0.9859204400641185 0.9933796493152643
2.5614419758280693 176.66666666666666 2.531388602668477 0.9857182366974045 0.9937724488660089
2.5594440650035137 170.0 2.5319534111310023 0.9856468777205651 0.994380410831761
2.557168866892239 173.66666666666666 2.5308809201463665 0.9860847971310227 0.9946361036374172
2.5554784071239833 171.0 2.5306070136851253 0.9862096140887141 0.9949857733299351
2.553700584142295 169.33333333333334 2.5305688002000983 0.9854960609190345 0.9953727000493899
2.5527798564163366 172.66666666666666 2.530819412695836 0.9841427995142262 0.9956652817374925
2.5513817113960218 173.33333333333334 2.5305773437159065 0.9831530418541592 0.9959155065352986
2.5487280892308735 173.33333333333334 2.5294827687271435 0.9826850879053691 0.9962968660331574
2.547012901728209 170.66666666666666 2.528878531224914 0.9818248960035777 0.9965357257051972
2.5461103523296837 172.66666666666666 2.528993299366038 0.9803447957762842 0.9967585438699545
2.545990376394697 172.66666666666666 2.5301362518398927 0.9782789944880905 0.9970665714855177
2.545806333948917 176.33333333333334 2.530864579501904 0.9774482616292995 0.997267456660572
2.5460594960450744 172.66666666666666 2.5319271569433517 0.976327516837515 0.9974749501594156
2.547244222231891 174.66666666666666 2.5342763917695614 0.9723280888498019 0.9977644437053053
2.547432240198759 175.0 2.5346759296806005 0.9719315908613713 0.9978172760885496
2.548643994189737 171.33333333333334 2.5367981245708133 0.9690706248743796 0.9980515118753488
2.5496460893413757 170.66666666666666 2.5381013636638516 0.9691983644439154 0.9981523372414265
2.5533596708652615 172.33333333333334 2.541961264216334 0.9674692284348366 0.9982357882220413
2.556494253540294 171.66666666666666 2.545094525895783 0.9664414647844952 0.9982939551459135
2.558521595811296 174.66666666666666 2.5471199871210715 0.9659083032719743 0.9983047938984455
2.559758619378885 169.66666666666666 2.5483973018700503 0.9667316990592715 0.9983505938254621
2.562077532860315 172.33333333333334 2.5506868057463024 0.9674559342852221 0.9983811467480835
2.5681986641170127 174.33333333333334 2.5557698690922117 0.9763113398007084 0.9983347193527585
2.5687971191105308 173.0 2.555809155085172 0.9791695757642737 0.9982576188803087
2.5692165038497454 167.0 2.5557103813096718 0.9806525123920931 0.9981895083850426
2.568969118914754 174.33333333333334 2.5546790342739145 0.9826450624030485 0.9980856177165639
2.5685732621238038 172.66666666666666 2.553850755905093 0.9834843803019983 0.998018552697025
2.5676780896875497 173.0 2.5519716647326964 0.9847918874296351 0.9978658321892688
2.5671851125799434 171.33333333333334 2.5508754368452475 0.9856036407546639 0.9977760408536853
2.5642645838537828 172.66666666666666 2.545671153758538 0.9876286469885204 0.997392129693564
2.5639588504643056 176.66666666666666 2.5450086109781043 0.9877433608465256 0.9973296463216179
2.5621700158732024 171.0 2.541587299464203 0.9889211396047325 0.9970381937203694
2.5613369366447967 170.66666666666666 2.539804603902581 0.9894072531358299 0.9968783193704256
2.560068421326191 170.66666666666666 2.536463194982793 0.9897869710184454 0.996509992924886
2.5588969708137648 170.66666666666666 2.5336091114106134 0.9896207414515007 0.9962089523017211
2.557349675961192 172.33333333333334 2.5302895249205757 0.9899694235181224 0.9959342606610823
2.555649528161038 167.66666666666666 2.5263157795668505 0.9904698476256746 0.9954765516225631
2.5506188116068147 168.0 2.518835200042385 0.9918545555579278 0.9950620091471499
2.549405360179554 172.33333333333334 2.515858384648126 0.9927876189325272 0.9946842464425284
2.5471582130599306 169.66666666666666 2.5115877701079263 0.9939319918248446 0.9943620240172207
2.5471607044323146 168.66666666666666 2.508639788084258 0.9930461434819517 0.9938036977055987
2.5469530041848265 166.66666666666666 2.506183690970361 0.9922838114706638 0.9933564306777848
2.5459148875902993 167.33333333333334 2.502231225808056 0.9929854822294688 0.9928709473001582
2.5454904727041523 166.0 2.4987647671253645 0.9931329879448275 0.9922511046636194
2.545021087461886 166.0 2.4974510244563315 0.9931882222114561 0.9921500982835169
2.5460369038674817 169.33333333333334 2.493775656655112 0.9915531724523345 0.9911974274366674
2.5463566599828433 170.0 2.4931465250109 0.9905443119819394 0.9910169012393926
2.5482003075327806 168.33333333333334 2.491779204921221 0.9902121666467445 0.9903567211879225
2.5491426869292706 161.33333333333334 2.4900100676208172 0.98840491901838 0.9898829164417263
2.5503475810458904 165.33333333333334 2.487849303132497 0.987974434545162 0.989237722907513
2.553041194037291 164.66666666666666 2.4835149674658337 0.9859134535411437 0.9878757916269348
2.554091179622578 165.33333333333334 2.482815980888308 0.9858363193540443 0.9875391922208038
2.5562295659689003 166.66666666666666 2.4813917944157566 0.9851209416999691 0.9868480418238109
2.557831410888533 166.66666666666666 2.4802423552599158 0.9847988035985765 0.9863218912926969
2.559860153289896 166.66666666666666 2.4793431137437567 0.9843141468728156 0.9857438610538535
2.56231340295217 163.0 2.478770313861441 0.9836777124547177 0.9851315003139262
2.5656021165291496 166.33333333333334 2.4778715006906338 0.982396073366633 0.9842562492768938
2.5699567932987355 166.33333333333334 2.477886630575322 0.9814430772267146 0.9834356099687469
2.5732391424368477 171.33333333333334 2.47893954678317 0.9816317176985355 0.9830907726821537
2.577343195346989 165.0 2.479659022476827 0.9812833528919386 0.9825316363902071
2.583492651610046 167.66666666666666 2.481283282599171 0.9809514508623491 0.9816673863514367
2.588051078363704 164.33333333333334 2.482479902267227 0.9812195434562725 0.9810227773292162
2.59264164767425 166.0 2.4838160401604976 0.9818625456472927 0.9803987475936157
2.5985282463494435 161.33333333333334 2.4852899830197286 0.9829744653178126 0.9795507374502683
2.601578832918192 164.0 2.4861324190105094 0.9839440090094602 0.9791284467759571
2.6080364155519993 164.66666666666666 2.4876146878423087 0.9843255278950237 0.9781760821176917
2.615644070061171 163.0 2.4897812579595353 0.9836625027372237 0.9771340349264864
2.6203181454393443 161.66666666666666 2.490341812456602 0.9826925063763534 0.9762709086073855
2.628241369738696 164.0 2.493758084404327 0.9815529348466451 0.9754927251466168
2.634396092130067 163.0 2.495572361186208 0.9805571455190304 0.9746709994484848
2.64016686364707 155.33333333333334 2.4970293593493658 0.9795875233353274 0.973857740883631
2.6466977797053626 162.0 2.4979267407111494 0.9797575035857852 0.9727773997070929
2.6513604448571093 162.0 2.498185853438386 0.9797727697443446 0.9719333186947933
2.658635693220706 162.66666666666666 2.499249452819117 0.9787710093108636 0.9707489418568823
2.6674513685626984 160.66666666666666 2.501466471550224 0.9761082072353768 0.9694940165274789
2.6719253294588587 164.66666666666666 2.502631604746296 0.9747466784027009 0.9688757099203701
2.678326191178202 158.33333333333334 2.504094693003445 0.9730469147593601 0.9679356624564202
2.6888154748281616 161.66666666666666 2.5063709799447333 0.9711749794752852 0.9663848598534915
2.695490990465952 159.0 2.5078951840792008 0.969266324931106 0.9654084536647961
2.700218047046899 156.0 2.5090499714620855 0.9677860653628875 0.9647365591081553
2.710438493634113 160.33333333333334 2.510250358257207 0.963773597211404 0.9629337402417668
2.719661567973729 152.33333333333334 2.5131999354924224 0.9593642771451741 0.9618515968376505
2.7266126497113548 155.0 2.5141442265735976 0.9560238228689264 0.9607207742177836
2.7332126209000487 158.33333333333334 2.514454038066912 0.9529815755714355 0.9595396408648248
2.7398005520039534 156.33333333333334 2.5141700011169066 0.9483259264964846 0.958228702080244
2.749851696996006 155.0 2.5133613909948918 0.9440223777280612 0.9560744914535259
2.757246948451686 151.0 2.5152228756944903 0.9388212513693855 0.9551378779465879
2.767519706436818 154.66666666666666 2.515482883981052 0.9323557479955114 0.953276944633532
2.774559311412263 149.33333333333334 2.5147774317326834 0.9273672497288706 0.9518084867353627
2.7810527625124055 153.33333333333334 2.5135154349182267 0.9228285592962291 0.9503526363345266
2.7864612238475406 153.33333333333334 2.511540014037344 0.9212112003949118 0.9489413332951359
2.792401158976908 156.0 2.508080672031611 0.9215002776555512 0.9471529841575329
2.796864223657594 153.66666666666666 2.505581213714206 0.9213608473514651 0.9458302268905548
2.802252133959713 151.0 2.502076815698884 0.9191932570152008 0.9440231037549005
2.808214204525835 154.66666666666666 2.5012844828010032 0.9201409472875339 0.9428654795568209
2.813129642166298 152.66666666666666 2.4995343076874352 0.9169564014841556 0.9416072124632919
2.817942376003955 148.33333333333334 2.4980058036043027 0.9159370445015409 0.94041794857627
2.824291220121978 152.33333333333334 2.496138476395176 0.9147307345184328 0.9388539794923437
2.829566779808484 146.0 2.4930883963859323 0.9111481351733515 0.9371680277699027
2.835870426366465 152.66666666666666 2.4937392131318843 0.9106147539025281 0.936233438727433
2.8412835547096655 150.0 2.4934803426539838 0.9097274076026152 0.9351547611494249
2.849895384159598 147.33333333333334 2.4948346259519645 0.9070851341387485 0.9336794585634534
2.854711196175069 155.33333333333334 2.496126047201441 0.9058722771489272 0.9330478429868527
2.8646307229799994 147.33333333333334 2.498376954669452 0.8994957910664205 0.9316699755297384
2.8714100330350245 154.33333333333334 2.499856556144761 0.9002052837593933 0.9307169651768402
2.88001385961405 150.33333333333334 2.501067576554219 0.8991990824718195 0.9293367117375365
2.8844442969970063 152.0 2.5017852822275986 0.8990195170562708 0.9286823810783318
2.8945579789845413 151.0 2.5043319547038636 0.8993050087021318 0.9273269914486533
2.903352202543591 143.33333333333334 2.506948114439025 0.8978736003326744 0.9262008970180979
2.9132474760363545 152.33333333333334 2.510269963466318 0.8948213772813856 0.9250424788492567
2.9277644408937276 143.66666666666666 2.5156073506468988 0.8903570463727475 0.9234462377150652
2.9390093302589633 143.66666666666666 2.5197133284240816 0.8872330682281219 0.9222155771042961
2.9542877722818512 142.66666666666666 2.5252445408955637 0.8836818824150565 0.92050538612704
2.9670248697726 140.0 2.5281354242295864 0.8811403245790908 0.9186463782178497
2.983583234755655 140.0 2.536747896557136 0.876241878496368 0.9174534701431235
2.991747632952194 138.33333333333334 2.540164674145093 0.8760244600331778 0.9166607568785485
3.0073897566372634 143.66666666666666 2.5463101584601673 0.8767451609685986 0.9150545387289942
3.018363982212336 130.33333333333334 2.550328355274603 0.8784291131881383 0.9138666711439936
3.0295045607004836 133.33333333333334 2.5544460023803714 0.8790981039030866 0.9126892274110849
3.0447169996460657 136.66666666666666 2.560066575962696 0.8791158733880705 0.9110488618273078
3.0560091490444132 141.0 2.564308484621856 0.879150095957111 0.9098880578663556
3.0668568600810775 137.33333333333334 2.5684517366714363 0.8802381077465304 0.9087654983237238
3.0806595180362395 138.66666666666666 2.573552761668242 0.8822256540373702 0.9073031389724914
3.0906781589561256 130.66666666666666 2.577386662856999 0.8840282651113394 0.9062558333699781
3.104491899535175 137.33333333333334 2.5830772485682267 0.8847868386000751 0.9049255930919249
3.1151770769242213 136.33333333333334 2.587768843891193 0.8854193215414973 0.9039238798796302
3.1303432010854872 131.33333333333334 2.5943643900242774 0.8836877127671108 0.9025378536541572
3.1380870053761574 131.66666666666666 2.597544495569592 0.8816452168679255 0.9018124331668613
3.1529793262616677 136.33333333333334 2.603254787439414 0.8788919185727303 0.9002808316088381
3.167323575343857 135.66666666666666 2.6081468535591017 0.8739094734108801 0.8987024793595079
3.1741135067465596 132.66666666666666 2.6103949075757127 0.872788623293764 0.8979524989164117
3.186623811412612 130.33333333333334 2.6141994053718935 0.8707121795850394 0.8967032829005313
3.197723168452426 132.66666666666666 2.616865176503223 0.8702858923936656 0.895274598645886
3.205423637122162 113.0 2.618298993026713 0.8689222542111892 0.8942340145734632
3.212513738713355 111.66666666666667 2.6192137204280472 0.8697142462819899 0.8931648093986406
3.2218151649254807 113.0 2.6197151338915927 0.8696778130235971 0.8916596842369328
3.226626165193832 113.66666666666667 2.6197859907496 0.8684402259022964 0.8908585659148286
3.2359478026315616 114.66666666666667 2.6196251276522133 0.8655614694220893 0.8892092122765652
3.2447123764813623 114.0 2.6187573435671925 0.8640123062910879 0.8875591279214815
3.2510007399078673 111.66666666666667 2.6179549690941197 0.8636741266524186 0.8863330067148446
3.2554656405689593 113.66666666666667 2.616930453670068 0.8609509227236308 0.8853774239102742
3.2666045194637583 138.0 2.6147062475554237 0.8577833159704794 0.8830625928673875
3.273531207419849 139.0 2.6130271368297224 0.8549231268617071 0.881568478407609
3.280181927084982 114.66666666666667 2.6112734528214108 0.8532764900834099 0.8801064565831754
3.286547036672726 112.66666666666667 2.609237301592454 0.8530756261779662 0.8786696253677674
3.2946559146741365 137.33333333333334 2.6062173088841587 0.853193391920893 0.8767211978368465
3.3005880475097005 131.33333333333334 2.6040422893953004 0.8543190145284301 0.8753306716266265
3.3064049153416235 112.33333333333333 2.601810430281575 0.8561126952308415 0.8739286859033171
3.3142556145505724 138.0 2.598807709840876 0.8563494818892913 0.872016411246418
3.3199555865312185 108.66666666666667 2.596645127294151 0.8576867640949549 0.8706714673478778
3.327171249132213 112.33333333333333 2.5934078908734284 0.8602886613349703 0.8688533404972558
3.330492487721956 110.33333333333333 2.5916458343462208 0.8608363252302715 0.8679742379757183
3.3367177251746467 110.0 2.5883005064016436 0.8637535591806362 0.8663127635154366
3.3415598599360408 111.0 2.5859172116521854 0.8632135111677764 0.8650683510384467
3.3479789003807543 131.0 2.583282998265891 0.8656362021500702 0.8635047702800233
3.3530299571483364 128.66666666666666 2.5819534658700243 0.8677138321407347 0.8624176834092325
3.3603903323453332 127.66666666666667 2.5809185165073485 0.8673406628133103 0.861007243788717
3.366283405747171 110.0 2.5808865861851698 0.865787323838236 0.8600390256854354
3.3721255425705303 113.0 2.5810662949975853 0.865339684154771 0.8591253535193238
3.3791619212436816 111.66666666666667 2.58089318948495 0.8632245413652989 0.8579421492090944
3.3834092978070394 140.33333333333334 2.5797563004649815 0.8646693256074818 0.8570097048937495
3.3870042192000795 108.33333333333333 2.578404590141191 0.8660379102542682 0.8561592299720343
3.3906218581708347 110.0 2.5768786038670846 0.8682822628563999 0.8552894636505727
3.395766079834374 111.0 2.5756237326219873 0.8736441001172806 0.8542171970960311
3.4004614811411913 135.33333333333334 2.5752932825700148 0.8760419649383461 0.8533832007110433
3.4060026486938395 111.0 2.5757591248387324 0.8769076385883188 0.8525733815732299
3.413909352245212 109.33333333333333 2.5740438343240695 0.8824983390776328 0.8508217559353813
3.4191900278211746 111.0 2.5772157502856903 0.8827990190189295 0.8507213257477277
3.424669555425339 135.33333333333334 2.5780637062996643 0.8862578819317871 0.8499790266689743
3.4283845841735268 128.66666666666666 2.5783100632931806 0.8941300006634606 0.8494220181784228
3.4290961536303235 129.66666666666666 2.5770348609853664 0.9056897722347969 0.8490886609592402
3.4304424874831048 110.66666666666667 2.5733522031242106 0.9190970507865709 0.8480404393143034
3.433007965068124 111.0 2.5760832543840944 0.9229791621834859 0.8482527906029629
3.4374621366427065 129.0 2.5769029020671925 0.9239813109688421 0.8476819158191083
3.441921692732611 110.33333333333333 2.577716755791754 0.9252868647492819 0.8471028671778618
3.447093186879532 111.33333333333333 2.5773401188268013 0.9219725586989227 0.8461946473716324
3.4485809313006 107.33333333333333 2.5727603165659456 0.926065349382275 0.8449565504319081
3.4472766424033994 139.66666666666666 2.5709108976514465 0.9306538977461332 0.8448296029102494
3.4439340721958014 104.0 2.568042196045736 0.9341332981378235 0.8449462743800379
3.443920694039695 128.0 2.563631493191403 0.9309332372678546 0.84411355146363
3.444703993741361 125.66666666666667 2.5599498207093223 0.9295587844537512 0.8433119891370533
3.44407281561777 128.0 2.551876481266912 0.9292035645445095 0.8418559194575751
3.4431355617831696 107.66666666666667 2.547776177668303 0.9261213677486256 0.8412416729102504
3.4417684359044785 129.66666666666666 2.5421744046900416 0.9295999878206048 0.8403941531982366
3.4430158329185256 129.66666666666666 2.536662782417789 0.9263128601586441 0.8391786211369748
3.4448423756517705 130.66666666666666 2.5331091683605296 0.9255289159730621 0.8382209041259966
3.4490357483255996 136.66666666666666 2.5251099585704906 0.9203814490024551 0.83602947337319
3.451437289173966 126.0 2.5227866786624866 0.9197345431650019 0.8352050578776656
3.453694052366492 109.0 2.519081905751652 0.9197001565287068 0.8341650691778216
3.4554437344590534 107.33333333333333 2.512732579819756 0.919797491472367 0.8325595803242638
3.456177843660146 103.33333333333333 2.512293358489403 0.920254858974789 0.8324923900337222
3.458549958335102 106.66666666666667 2.5096029910528372 0.9155618621885069 0.8315904740719424
3.4612431418908858 105.66666666666667 2.5066080231934342 0.92129555385606 0.8306081720120279
3.4643789068585593 107.33333333333333 2.50388343006128 0.9228264168069163 0.8295917996662926
3.467369209186745 126.0 2.5022678176197095 0.9209061940835922 0.8288164924719444
3.4701454506993494 133.66666666666666 2.500645533927737 0.9252193816421035 0.8280766353985968
3.4742079074586667 127.33333333333333 2.497602105849102 0.9210930337194007 0.8268568347807065
3.476470140243164 126.0 2.4957106451750235 0.9308673535768539 0.8261693833983398
3.4804194722825383 106.33333333333333 2.49428570520736 0.930476246030396 0.8252541300357559
3.4867422132804626 107.66666666666667 2.4934505433556384 0.9344672521537821 0.8241142601318017
3.492403837302438 127.0 2.494539565358883 0.9410803515661119 0.8234105846069847
3.500677000461845 107.33333333333333 2.4950661076654925 0.9457349510121132 0.8222038074989597
3.5078130726557597 104.33333333333333 2.492263626135787 0.9476542477212991 0.8204469194477214
3.513608080841723 107.66666666666667 2.496468028881986 0.951105910602283 0.8204749262617607
3.5196834960548937 137.33333333333334 2.49915130100008 0.9597257517299522 0.8200060672409103
3.5265338223321736 106.0 2.500255683523485 0.9615547303960487 0.8191492821877617
3.5373678553401686 127.0 2.501857859276595 0.9667071549869597 0.8177685733093268
3.5470307198115747 123.0 2.503517072347351 0.9681248920530025 0.8165579586308886
3.561137969867909 107.33333333333333 2.506458023293576 0.968744740618044 0.8149264146841565
3.571086369032245 136.66666666666666 2.5087892159868384 0.9724986945687222 0.8138380760746607
3.5851299902361777 108.33333333333333 2.508743537137872 0.9742226824206323 0.8114998553890432
3.590997318802538 133.0 2.5131034447484213 0.9750943929504022 0.8115660949133335
3.6040600208002207 106.33333333333333 2.5164825780670665 0.9773927471591118 0.810183266144804
3.614286853593877 109.66666666666667 2.5184305156713167 0.9758516677497829 0.8089934096387722
3.627916696299224 105.66666666666667 2.5214988649781365 0.9763662556090718 0.8074614918681877
3.6378553476880238 105.66666666666667 2.524155938144466 0.9793030597505332 0.8064443490910526
3.6461105058451 107.66666666666667 2.526021279834578 0.9815682805109689 0.8055393573112072
3.6554063458751394 130.0 2.52762999249097 0.9814802575294634 0.8044405932793821
3.6676757685925776 133.66666666666666 2.5298118160846137 0.9807125500659958 0.8029845260670385
3.6764774671003213 102.66666666666667 2.531093734355248 0.9795770034502914 0.8019013462461666
3.68722801507288 104.33333333333333 2.532737232913926 0.9781675509431199 0.8005882905842654
3.6944371787834105 125.66666666666667 2.533996670401512 0.977533452205461 0.7997406984027556
3.7009305302517204 123.33333333333333 2.5354006015285537 0.9769240919342128 0.7990307016314622
3.708395364531606 123.33333333333333 2.537168326737771 0.9762130022295545 0.7982510949748308
3.712605513995805 102.0 2.53839893738846 0.976804627091859 0.7978732105947274
3.7161337883153167 137.0 2.5391192624430623 0.9772970596781991 0.7974672476849595
3.7201065614976683 123.66666666666667 2.5391216520262727 0.9775361582245655 0.7969031951101656
3.721888542737168 105.33333333333333 2.539113952906085 0.9774601192426694 0.7966149580358656
3.7258153277216532 106.0 2.5388767737932816 0.9771785909754389 0.7959921719415115
3.7306094649687953 103.66666666666667 2.5391951372259816 0.9771808583239411 0.7953432741762752
3.7319886682456005 106.0 2.5393738589638746 0.976993528682341 0.795173887465268
3.7399687075922454 103.66666666666667 2.539616376762299 0.9748904347860752 0.7940434100190709
3.7448115576209977 104.33333333333333 2.5400718782464566 0.9750174265507314 0.7934121488983634
3.7509857360199876 101.33333333333333 2.540631237161082 0.9756490585913352 0.7926172113128523
3.7561218479031773 106.66666666666667 2.541573135354637 0.9761104241182957 0.7920467800906849
3.762273287230991 106.33333333333333 2.5437662201877074 0.9768879913913863 0.7915240134432928
3.7716072649139236 104.66666666666667 2.548209579352125 0.9782706568905511 0.7909789046948899
3.7786029364218163 124.0 2.551504407417563 0.979695600945089 0.7905277207441905
3.78840757141297 105.33333333333333 2.55586731394213 0.9811897908806128 0.7898864317380796
3.796432554002601 102.33333333333333 2.5596960703292346 0.9824250387140676 0.7894433902079916
3.8048866161526065 107.66666666666667 2.563839313402334 0.9840121854031831 0.7889637308745874
3.813746378117873 106.33333333333333 2.567955187669875 0.98515955301425 0.7883997580623683
3.827467232257756 106.33333333333333 2.5739560513084023 0.9850454932739745 0.7875053820125505
3.8399145292155272 102.0 2.5793381480429427 0.9870858003050961 0.7866780045378916
3.8490964061107364 105.33333333333333 2.5821824468675607 0.987848050232996 0.7858789833720704
3.854918095555289 103.33333333333333 2.5802614584453916 0.9894513827807676 0.7845470821709932
3.8683219688315678 100.66666666666667 2.5871243924315115 0.9887698872416416 0.7839900999188621
3.883464541064126 101.0 2.5907199160250696 0.985823786088892 0.7824896881981257
3.8925663618199726 101.66666666666667 2.5929607554411778 0.9855987283383306 0.7815651405347706
3.8982395315859533 101.0 2.5943721488050686 0.9853668789198349 0.7810146194425235
3.9117558763676903 104.0 2.598532160331591 0.9849832286673813 0.7798434958462985
3.919585270196023 101.33333333333333 2.6013405204025437 0.9846552940840375 0.7793256496704555
3.9280053940052615 102.0 2.600578569805086 0.9841970305050485 0.7777807859515495
3.9342544376362056 98.0 2.606497516309603 0.983889942570888 0.7781053960977451
3.9408526947851317 102.66666666666667 2.604514785847805 0.9831487324863462 0.7766649978410539
3.9450998766643113 123.0 2.6097285438411526 0.9831400647208713 0.7771382543862528
3.951588878839699 103.66666666666667 2.607929941434966 0.9848753122640608 0.7757760928960868
3.9549305917346556 104.66666666666667 2.6125269427768076 0.9847246235478696 0.7762515343538395
3.9595588079027153 101.0 2.613377433464415 0.9825432496820902 0.7757732430495992
3.9638119891907557 101.66666666666667 2.6144081434878506 0.9826265500219975 0.7753452006054712
3.969350640007603 130.33333333333334 2.61580165783264 0.9822005962843086 0.7748228475108551
3.9727248152756816 123.0 2.6168456242909217 0.9826370445733087 0.7745320705827332
3.973772087019275 104.33333333333333 2.617410553301611 0.9831568721284678 0.7744885661622152
3.974538612304278 103.33333333333333 2.618193974523742 0.9849525564947659 0.7745268546101655
3.977950978154128 103.33333333333333 2.619483444438021 0.9831886034227726 0.7742939567433698
3.980422219159004 118.0 2.620965041360549 0.9832997001098444 0.7741893428760175
3.9819941834451784 105.0 2.622277831754435 0.9833294703238448 0.7742070915426967
3.982055872222481 102.66666666666667 2.6233576094935698 0.9852357781431662 0.774404204894703
3.983318465441409 104.66666666666667 2.6245826434972157 0.9849515797863496 0.774438308467219
3.9853832352754495 103.66666666666667 2.6256987459099133 0.9834269244423579 0.7743520970612608
3.9859288418876497 103.33333333333333 2.6267580549128127 0.9833294039547242 0.7744667123743817
3.9856118341703977 128.0 2.62434281436717 0.985205672142463 0.77397553044005
3.9860641649132367 101.66666666666667 2.6305675129818225 0.98484543411621 0.7751298680570956
3.9854342697772847 122.66666666666667 2.628740257692226 0.98667471740478 0.7747753759423938
3.98476825955069 104.33333333333333 2.6334031074991566 0.9866769856296543 0.7758345620483567
3.9856545930871117 103.33333333333333 2.635114018810322 0.9862993476189732 0.7759886114582238
3.983178011277146 104.66666666666667 2.636952154621273 0.987794109136336 0.77666303514328
3.9835140482198055 103.33333333333333 2.638345344230551 0.9876730426195768 0.7768411890603872
3.9820160367593576 103.66666666666667 2.639590387040527 0.9882850818994718 0.7772841647453468
3.9798378915066293 102.0 2.6413686638844327 0.9889111209869237 0.7779299943169741
3.9764009456670166 104.33333333333333 2.642294705237025 0.9900010248511665 0.7785567806196577
3.9742821387495697 103.33333333333333 2.643658291352402 0.9905849073545552 0.7790948209066679
3.971338583644465 104.33333333333333 2.6442154803569027 0.9894146341681461 0.779592373433125
3.9667707759319573 104.0 2.644382065210174 0.9900911818250677 0.7802572241478267
3.9652222392877907 101.33333333333333 2.6422118632169114 0.9883717631983289 0.7799875173553216
3.9606134425729245 104.0 2.6478280193955346 0.9883198661837013 0.7817348299861838
3.9575062825596206 122.33333333333333 2.6494197715434122 0.9883141232765756 0.7824796171474837
3.9537544424431452 102.0 2.6508965156055075 0.9886195402265087 0.7832765766458751
3.9473003883124784 122.66666666666667 2.6518723024687936 0.9892811584118603 0.7843592003399041
3.940014466837239 103.33333333333333 2.651637147783159 0.9910552704688375 0.7853603667331198
3.9352340966643036 122.0 2.6517887322698592 0.9902241954885632 0.7860548567943905
3.9280838097181605 122.0 2.65100535681362 0.9903083217948981 0.786903855049178
3.9174875605649375 104.0 2.6487189976504517 0.9891664861915477 0.7880043100222102
3.908401126812956 101.66666666666667 2.645825528961486 0.9878957539481513 0.7887863741886997
3.89594156218911 102.0 2.6402638975726895 0.9880520675930866 0.7894576811675539
3.884941056774719 102.66666666666667 2.6425075924903325 0.9876624422548922 0.7915750431768782
3.8739864424026735 103.0 2.640963544659898 0.987539191742204 0.7928539444143632
3.861414015819782 107.66666666666667 2.6399780555677284 0.9907954633607176 0.7945088954955354
3.8479687407578207 120.66666666666667 2.6397090998870936 0.9886056942204823 0.796384750468479
3.8364528165845337 105.33333333333333 2.639153194987258 0.9887857214033801 0.7979772345691849
3.820607536811384 127.0 2.6387583159794628 0.9894257166467133 0.8001982218097391
3.807469808613972 106.33333333333333 2.638395082039545 0.9918338861016152 0.8020910536084739
3.797143399411415 101.33333333333333 2.6351741591961404 0.9902718618136387 0.8028604013710061
3.7846769709835475 103.33333333333333 2.6351579681675865 0.9906339892462354 0.8047057542068052
3.7717926981838787 105.33333333333333 2.6348955105273895 0.9908156401348195 0.8065613244914639
3.7540797739659983 105.66666666666667 2.6380619202418005 0.9908404871746028 0.8099021534994835
3.736605219340894 105.66666666666667 2.6345867015964344 0.9920344647915195 0.8117729559715074
3.7239914546762334 105.33333333333333 2.637447542731605 0.9899777328193585 0.8143086387236358
3.711673790823285 126.0 2.634265899422743 0.9897016382798608 0.8154385982667017
3.6941203846106943 132.66666666666666 2.6377377677327476 0.9897515596221976 0.818871970374203
3.6809729549065824 124.66666666666667 2.6374397281568696 0.9896431690466054 0.8208069459314256
3.6681995485290058 104.0 2.6372953119253557 0.9895964959962178 0.8227301331735287
3.6557317638906817 124.66666666666667 2.636586469398545 0.9896698300771383 0.8245044874926319
3.6397079946780706 124.0 2.635441939842673 0.9902050332778927 0.8267679247444667
3.628112606859295 108.66666666666667 2.6346348713922305 0.9909399765789932 0.8284099166952381
3.6168862106732824 134.33333333333334 2.6339598973253384 0.9915741134481658 0.8300033078212506
3.601633109061358 107.66666666666667 2.6324455351693152 0.9921706730774801 0.832089859389886
3.5897078685240014 127.66666666666667 2.631181995715816 0.9930174325691496 0.8337118198294359
3.5776394056853102 107.66666666666667 2.629607165782688 0.9937648927664161 0.8353021093576931
3.5635886311694134 126.0 2.6244382604785073 0.9938575346889954 0.8364139348191573
3.55240473259369 133.66666666666666 2.626400400783093 0.9949410303343522 0.8386812078692842
3.5376556860495003 137.0 2.6243231274562913 0.9946738970710808 0.840606173579207
3.5299044625484317 136.0 2.62299686065683 0.9953327230886407 0.8415849861150934
3.51540728090075 131.33333333333334 2.6219247536948527 0.9964320835444852 0.8436785142950667
3.5015888245948212 129.33333333333334 2.620260445634336 0.9965343054679269 0.8455675209434701
3.4912177377055444 110.0 2.6193063007463997 0.9969907317602105 0.847063804864596
3.480513998539201 128.0 2.6174087741667855 0.9971418621638817 0.8484113317850304
3.4658997866616694 136.0 2.614475667109506 0.9972606222853969 0.8501990670517807
3.4549594780063075 109.66666666666667 2.6120149213691604 0.99761517979175 0.8514995139004081
3.44429772528321 128.66666666666666 2.608771924841903 0.997506999205975 0.8526001269547611
3.4338315193771547 109.66666666666667 2.605724113600111 0.9977852101215036 0.8537162221776339
3.4186240686215092 111.0 2.6001473399880664 0.9976438277610249 0.8551361987514079
3.407905666280427 108.66666666666667 2.5962555556328613 0.9973653568034221 0.856165163407781
3.394443016848648 131.0 2.5919772387299393 0.997694663921914 0.8575526518584213
3.384480550101245 113.0 2.5894594510148963 0.9982331382880997 0.8586901082818906
3.3743870427308336 114.66666666666667 2.5878215297662663 0.9988192736946492 0.8600748180202488
3.361781951067122 113.0 2.586492513815368 0.9993279373553485 0.8618796362388845
3.3532277712860785 112.33333333333333 2.585578917173596 0.9996045066105532 0.8631281250704073
3.3449432784896085 109.33333333333333 2.584636931850908 0.9996925195938211 0.8643151095652349
3.337229586868228 112.33333333333333 2.5836996527504636 0.9996814954943286 0.865417033912694
3.326863853650556 113.0 2.5828030761585525 0.9996475604254044 0.8669636355098791
3.319286966170924 114.66666666666667 2.5822755394984673 0.9997307828230919 0.8681271707480998
3.31172889372692 111.33333333333333 2.5817689650473046 0.9998266916294865 0.8692891187036226
3.300441355878344 112.66666666666667 2.5814000340480323 0.9998811239897623 0.8711188616650398
3.291779221143576 130.66666666666666 2.5817275901691756 0.9999182924139816 0.8726230580858939
3.2802670118016746 113.66666666666667 2.5826189221292495 0.9998994341078649 0.8747084277094679
3.272623990786976 131.33333333333334 2.5812388193946587 0.9998505667741742 0.8756038312708739
3.263538893272495 113.66666666666667 2.5847768511422826 0.9998493557194562 0.8779543563599024
3.2553139915542344 131.66666666666666 2.583256984750845 0.9997812698449684 0.8789189278178768
3.2429337903143334 111.66666666666667 2.5865394903197148 0.9995845813913405 0.8817635202088366
3.233817053005214 137.33333333333334 2.5879863566658496 0.9994772980113101 0.8835956896384051
3.2217833995713665 113.66666666666667 2.5874826881682775 0.9990965777133362 0.8854315522861439
3.211806596205208 133.33333333333334 2.591761232300544 0.9989186812335755 0.8880642292837273
3.2030292200854347 142.66666666666666 2.593992378681776 0.998669852023938 0.8900049813678952
3.194649947930931 132.0 2.5962110737477504 0.998433994696077 0.8918663646913418
3.183582933992291 141.33333333333334 2.5988815144549795 0.9979981585552123 0.8942849349573583
3.1723988765767253 134.33333333333334 2.6006911444393035 0.9978816790526234 0.8965751063614227
3.161724364353917 137.33333333333334 2.6020559498821045 0.9969409895415198 0.8986753413954168
3.154561594880986 130.66666666666666 2.6033803074307595 0.9964710517783372 0.900173931260061
3.1463804109358744 130.0 2.6032675889202133 0.9951699772934642 0.9014737160134546
3.14425306111636 135.33333333333334 2.6038187558180037 0.995015284847554 0.9019515092392323
3.1320522707155556 126.33333333333333 2.608900981211786 0.9948098989632884 0.9051921508276244
3.1271936912173333 139.33333333333334 2.609805065581589 0.9946283155663499 0.9062168033075982
3.1120965318554017 131.0 2.610591871533154 0.9940244296119728 0.909030057076046
3.1022026532291656 147.33333333333334 2.610202584147274 0.9931287869809016 0.9106993673256147
3.0923220879057385 141.33333333333334 2.6093421625752997 0.9926620626863049 0.9122539588124069
3.084489213318458 142.66666666666666 2.6082456911046923 0.9922965752623415 0.9134473209019766
3.0789640527768216 147.33333333333334 2.607544127760296 0.9921779668357151 0.9142931441600073
3.0644127243792703 135.66666666666666 2.6054462928373 0.9923523313380865 0.9164593625373874
3.0582653102234776 147.33333333333334 2.6045512976582876 0.9923246188394487 0.9173796350447855
3.045698489561208 137.66666666666666 2.6025028718636567 0.9931682069336527 0.9193038964673083
3.0326819095251016 139.33333333333334 2.5995700648140505 0.9933954801197883 0.9209841308841871
3.0226346694100497 148.0 2.597184666470433 0.9935528691945812 0.9223211533825458
3.0119205086041974 144.0 2.5946153110539054 0.9943003667602122 0.9237490889372916
2.9967801218818284 146.66666666666666 2.5898864007065057 0.9951297774377472 0.9255445960102803
2.984797550319824 148.66666666666666 2.5858980800624964 0.9954522033880834 0.9269526848148141
2.9767321576914387 145.33333333333334 2.583248581876732 0.9960240704398473 0.9278907574244788
2.960990465322558 148.0 2.5777648322793922 0.996545409398271 0.929690201611973
2.945480262174675 151.66666666666666 2.5723664152090877 0.9969049029940612 0.9314634261409473
2.9333824685112067 151.33333333333334 2.568398232579034 0.9975071758279481 0.9329947161197111
2.917745851209805 146.66666666666666 2.562705517434205 0.9978960030456016 0.9346852351338102
2.9028787490463595 143.33333333333334 2.5579696390623314 0.9985720315335322 0.9363185157639726
2.892778271106876 155.0 2.554999785174644 0.9988623812029447 0.937605891211773
2.886283427341437 149.0 2.553255934549578 0.9989111135437002 0.9384778720696607
2.873552471061744 152.33333333333334 2.5505356961373127 0.9992772692634608 0.9403123259423953
2.863768286325742 148.0 2.548564676483252 0.9996032891173467 0.9417300213247316
2.8544902949511206 151.0 2.546627599972346 0.9997280332862996 0.9430468828233982
2.843010655563867 159.66666666666666 2.5446749032388505 0.9996568528737595 0.9448441516166106
2.8346030740800354 152.33333333333334 2.5433510338740457 0.99961216900547 0.9461568044274836
2.8177651625740046 152.0 2.540915342514688 0.9991641433004851 0.948750896570324
2.810646352749278 155.66666666666666 2.5425217892901006 0.9988523413386272 0.9504826348503108
2.803688846460781 156.0 2.5428819601681334 0.9987099820083323 0.9518432738928748
2.7948897394610146 155.66666666666666 2.543179131600558 0.9987988894918698 0.9535531419316237
2.781503944737716 157.66666666666666 2.5456119100261088 0.998436764468346 0.9565463509902472
2.7760228178481565 157.0 2.546876367878383 0.9986698367538505 0.9578279027211475
2.7712396347643886 156.0 2.5485952893860606 0.9987724044633919 0.9590729943718342
2.7654369536357812 158.33333333333334 2.5512692363283462 0.998847842317305 0.960681893191718
2.762771643083173 157.66666666666666 2.5525681064272647 0.9989283290219789 0.9614425429547171
2.7575714623630483 163.0 2.5554673820500553 0.9989677563554851 0.9629943440998232
2.7539546180173664 161.0 2.558128074951579 0.9993594871994069 0.9642939257899372
2.749834561081006 157.0 2.5636699392180406 0.9994575446359194 0.9661599523400151
2.749205112088225 157.66666666666666 2.566567840617697 0.9992549161547616 0.9668478708352806
2.7485383982743405 159.0 2.5728736206279263 0.9990688340214603 0.9682099691569209
2.748605938730089 158.33333333333334 2.57647974034473 0.9989564983595286 0.9688045369126257
2.74737971446659 156.33333333333334 2.58309790943312 0.9986315523968163 0.9703768417334817
2.7466174731545476 161.66666666666666 2.5852359670417586 0.9979765828418874 0.970957222593617
2.745131890363661 160.33333333333334 2.589024004055087 0.9977864732676293 0.9718957286971632
2.7422421922472955 160.33333333333334 2.593117512587992 0.9984821736471803 0.9732871623199281
2.7389850321146616 155.0 2.597002289371781 0.999047092595102 0.9746577431339721
2.7375053819830146 156.33333333333334 2.5988211892035102 0.9991158751887746 0.9752826761145976
2.7343974351954583 159.0 2.6020051817371987 0.9994073819944868 0.9764759843679852
2.7318018661248376 163.33333333333334 2.6038913366567207 0.9994803230626823 0.9773263144549356
2.7237193727191107 162.33333333333334 2.606187762104018 0.9998139063356158 0.979275097843674
2.7187931097608584 162.33333333333334 2.605890986605341 0.9999328396973596 0.9801411164520301
2.7114519245186712 159.0 2.60434021820715 0.9999893009401948 0.9812225116960386
2.7055629143119817 164.0 2.602328545285377 0.9999735785357047 0.9819537977788748
2.6991809828955264 161.33333333333334 2.599597615634318 0.9999398991035289 0.9826824031974221
2.6902221972864018 163.33333333333334 2.59495758473608 0.9999179626500347 0.983343460226136
2.680930048809939 165.33333333333334 2.5896961736145854 0.9998031845533217 0.984093091733986
2.6735786525592804 163.0 2.585315264605014 0.9996424484347206 0.9846402194633336
2.6660844575655127 160.0 2.580841322186277 0.9994684429384316 0.9852036573651803
2.658189429832399 164.66666666666666 2.575961937215575 0.999303537038568 0.985761515386768
2.650516557341098 161.33333333333334 2.570287792448301 0.9993277815945603 0.9860592420454284
2.6425571388209534 164.66666666666666 2.5659404208277343 0.9992333086332689 0.9867990250589704
2.6307239028625355 161.0 2.5584400776316003 0.9991273540176773 0.9876013190621457
2.6236856099344075 162.66666666666666 2.5533101226308577 0.9994046276033937 0.9878950526987917
2.6137135168308885 163.0 2.5475957874065522 0.9996233746835149 0.9887464826565605
2.6073911873443256 167.66666666666666 2.5433396956725556 0.9994323084814786 0.989126712569301
2.6035134664603166 164.66666666666666 2.5408155582671843 0.9992995254339625 0.9893809026412776
2.5975867869064886 165.66666666666666 2.537294513535672 0.99947138331226 0.9898193213314009
2.590196119320946 165.0 2.5329846419516056 0.9997338463071741 0.9904529676514956
2.5841768308514537 162.66666666666666 2.5288949738329505 0.999678438836759 0.9907798006827567
2.5782104840654076 165.66666666666666 2.5260826005442367 0.9997382510730252 0.9914147301183217
2.575466802390994 166.33333333333334 2.5237719313907774 0.9997155004219667 0.9914627004629101
2.568847476694743 165.66666666666666 2.5200994416014098 0.9996979359204636 0.9920478655965427
2.563912785547549 168.33333333333334 2.516754012444907 0.9996544916717486 0.992334619758726
2.5606261527266736 167.66666666666666 2.5145285262016825 0.9995864591315093 0.9925290913736526
2.5507668393487246 168.33333333333334 2.5081119018111457 0.9995473631681933 0.9931609841339416
2.5473465378873064 168.33333333333334 2.505732733115269 0.9995976484085914 0.9933476930715767
2.542652815091836 172.66666666666666 2.502620759322977 0.9995983330817032 0.9936345260084649
2.538425048623735 171.0 2.499874659834651 0.9995328490221287 0.9939024640673814
2.53318945307823 168.33333333333334 2.4965549560368374 0.9994011562526497 0.9942412682410146
2.529067286227474 172.33333333333334 2.4939199459213444 0.9992774185027464 0.9945180423371164
2.5240170735712684 169.66666666666666 2.490452410579378 0.9992137030317148 0.9947621663634553
2.5198801188359976 174.33333333333334 2.4878580082985087 0.9991654275696995 0.995026240381209
2.514725181873393 172.33333333333334 2.484738303474933 0.9990192565338872 0.9953989511903232
2.5120380581711856 171.66666666666666 2.483444854132072 0.9988830745269692 0.9956856562314079
2.5078819335497737 172.33333333333334 2.4809430389247846 0.9985215858689201 0.9959722646843332
2.5058774715798116 169.66666666666666 2.4795081569395943 0.9976501936512089 0.9960639280848677
2.4975853726950303 172.33333333333334 2.4749417529015303 0.9948364908766311 0.9967067493487282
2.495905896056843 172.33333333333334 2.473916900084576 0.9949262026867067 0.9968150083627395
2.4925415694999202 174.0 2.471820960950871 0.9950929593370701 0.9970204549314403
2.490289067370351 174.0 2.4704310637581615 0.9951225681393726 0.9971279360117116
2.4880728047019445 178.0 2.468963471394531 0.9954889893920635 0.997269808812251
2.4767973377114707 175.0 2.4599677898136374 0.9941960002425373 0.9975670272790635
2.4734856344107348 171.33333333333334 2.4570632469280915 0.9949441904700145 0.9975909508529356
2.469548626940946 170.66666666666666 2.4534954083488376 0.9958147461011684 0.9976414288068822
2.4669685477845067 174.66666666666666 2.451107514961439 0.9967823825654316 0.9976651629001991
2.4656187669537126 177.0 2.4497361373314175 0.9973839622614892 0.9976522800574559
2.4623061120843035 175.66666666666666 2.446721043926985 0.9979820895004664 0.9976547777156984
2.459023438092381 172.33333333333334 2.4436582315443824 0.9984148977720465 0.9976805436047124
2.4571731750752073 172.66666666666666 2.4419280156739442 0.9988697643653166 0.9976890806001331
2.453543874635059 176.0 2.4385074833987943 0.9996169038187804 0.997683857909791
2.4514687390097567 172.33333333333334 2.4365196317192623 0.999825260062877 0.9976931868234445
2.450322173346821 176.0 2.435439251073458 0.9998196289480388 0.9976866977941975
2.4483142463868943 173.66666666666666 2.4335781802638174 0.9997730935700909 0.9976870924800229
2.4463943476631504 178.33333333333334 2.4317529442041246 0.9997779393792001 0.9976734847368898
2.4451248827933867 172.66666666666666 2.4304980243774987 0.9998525930852202 0.9976830711562718
2.4437990107773953 177.0 2.4290226810855917 0.9996560207705708 0.997630103086257
2.442167699303197 172.66666666666666 2.4273116878060033 0.9995848609158141 0.9975938790840704
2.441014294456822 172.0 2.426181892745635 0.999612745213485 0.997601199852984
2.43932315711745 177.0 2.4245513358132422 0.9995837674290821 0.9975798398727548
2.4375078667491095 174.33333333333334 2.422847254918761 0.9996294237749604 0.9975976784193327
2.4361815102315756 175.33333333333334 2.421652313912353 0.9996316671710873 0.9976083742726168
2.433315106479018 178.66666666666666 2.418984834972533 0.9997916895147783 0.9975903469699162
2.431164965092252 172.0 2.4169697440896725 0.9998049765728519 0.9976252233353833
2.429267805712325 176.33333333333334 2.4152025448066774 0.9998767666370432 0.997630808381758
2.4273224160180353 176.33333333333334 2.4133905678914087 0.9999190499275258 0.9976243732436435
2.425247850251337 174.33333333333334 2.411515806225706 0.9999399787637685 0.997671226979998
2.423150477197703 178.0 2.4094922777837406 0.9998384478211175 0.9976510584884286
2.4205733537374603 173.66666666666666 2.4070645011160714 0.999517272032758 0.9976763683096775
2.4191735161351953 176.66666666666666 2.405718410002347 0.9992224889531311 0.997675759383597
2.418128006728753 173.66666666666666 2.4046858045408457 0.9989870629238201 0.9976560565656477
2.416960980010094 174.0 2.403468467954391 0.9987713819089745 0.9976519407922955
2.4151579238751424 174.33333333333334 2.401550826205925 0.9982914020241744 0.9976148600997226
2.414444529343091 174.0 2.4008785400807415 0.9984342224045778 0.9976451108379195
2.4125326134520777 175.33333333333334 2.3988753438103045 0.9985250904600983 0.997595602363466
2.4112713483644708 176.33333333333334 2.3976156158967243 0.9984950214044259 0.9975764055844226
2.410168027976262 171.66666666666666 2.39652776603461 0.9984004725784811 0.9975674297115056
2.4096417767185634 173.33333333333334 2.3961578093752594 0.9981393596750779 0.9975951037276007
2.40979591990905 178.66666666666666 2.3963818606689795 0.9980509512579294 0.9976059991790744
2.41001140987011 176.66666666666666 2.396714020381178 0.9977349583602553 0.9976239971091939
2.4098471172585856 176.33333333333334 2.396606390796877 0.9973984935268032 0.9976456216814956
2.409254760783874 175.33333333333334 2.3958610945453103 0.9974247220597053 0.9975638477788579
2.4091343647580135 178.33333333333334 2.395661082969292 0.9977458922829425 0.9975513044692783
2.4104327488260875 175.33333333333334 2.39684871782929 0.9979886758799108 0.997535337712828
2.4124762855361923 177.0 2.398695795846656 0.9980900356275154 0.9975036042083082
2.413831759314743 176.33333333333334 2.399909501037984 0.9983506968622784 0.9974670439934585
2.4149855555987765 173.66666666666666 2.400931536896961 0.9987584444417131 0.9974557503236577
2.415844715938065 173.66666666666666 2.4017348962708827 0.9991199849766004 0.9974454840028673
2.4169959523951414 176.0 2.402870377648967 0.9993330979630882 0.9974458238121761
2.4189402358512546 178.0 2.4047243485625076 0.999242853396389 0.9974394535695956
2.4195233243405005 171.66666666666666 2.405337660358404 0.9993443798025113 0.9974494007283283
2.4207012516876487 171.66666666666666 2.4066425415766446 0.9993379614703786 0.9975003229350693
2.4212507897133753 176.33333333333334 2.407082194802422 0.999151524458671 0.997458485556537
2.421837381732479 176.33333333333334 2.4076383433327218 0.9991170962977055 0.9974588031721405
2.4220185696522765 178.0 2.407802712840259 0.9990615402005107 0.9974698670112315
2.421896298075815 176.0 2.407589060794778 0.9989819906109592 0.9974403024266093
2.4215063252214284 178.0 2.407170504527987 0.9991010690057586 0.9974484795245684
2.4212703923660075 173.33333333333334 2.406905519202897 0.9991859355421088 0.9974403864298952
2.4213680208994988 180.0 2.4070312301438395 0.9992884760829766 0.9974644573389534
2.421199240601473 176.33333333333334 2.4067452143213917 0.9993420101394604 0.997396670214195
2.4210616242435745 178.0 2.406554623457849 0.9994028765670125 0.9973916727515529
2.420082342002872 176.33333333333334 2.4055645073790495 0.9994835645634473 0.9973830284332988
2.419748757318722 176.33333333333334 2.4052738999819834 0.9994758856564664 0.9973760355059185
2.4193341398918626 173.33333333333334 2.404803726915362 0.9995094176317809 0.9973740323788632
2.4192102291132622 175.33333333333334 2.4046535229294728 0.9995448653929878 0.9973675888217358
2.4191003587508875 175.33333333333334 2.4045073363189062 0.9995035626335236 0.9973609561978897
2.419307888695467 176.33333333333334 2.404788257121616 0.9994306176151132 0.9974028496285797
2.4193849730188726 177.0 2.404646040557861 0.9994040626366008 0.9973367558415173
2.420198944928446 173.33333333333334 2.405371130319534 0.9993210400341228 0.9973332179390073
2.4209442626826534 173.33333333333334 2.406053519167549 0.9991429950340067 0.9973314231206974
2.4224490738915505 178.33333333333334 2.4076290630519863 0.9986423641099881 0.9973792688285715
2.4225912726551044 179.0 2.4076626238800785 0.9984421259620236 0.9973542198199298
2.422760058297054 175.33333333333334 2.407803198627733 0.9983455697223269 0.9973524922720106
2.4235039485020793 174.0 2.408527820046609 0.9981094275213228 0.997360871051568
2.424276267246076 177.66666666666666 2.409248469558424 0.9979199746098044 0.9973564079760006
2.4256000094471526 178.0 2.410562623380235 0.9974661976276583 0.9973507186744903
2.426484388680814 174.33333333333334 2.4114328092345736 0.9971323164641841 0.9973569838371616
2.4275384878943416 172.33333333333334 2.4125662788753126 0.9965150877871272 0.9973968921154935
2.4279071279253777 171.66666666666666 2.412978191692956 0.9962152813554808 0.9973958342263659
2.428764114272436 173.66666666666666 2.4139547533904278 0.9957559202858235 0.9974445610015136
2.429572567331479 172.33333333333334 2.4148804400476895 0.9954228010785933 0.9974715158561126
2.4298096170775216 178.33333333333334 2.415280970722036 0.9954200182744807 0.9975042193421533
2.429655952792392 172.33333333333334 2.4152883836469154 0.9957371232193191 0.9975383479043864
2.429769783352084 176.33333333333334 2.4155878430696327 0.9960596155242405 0.9975717244653843
2.4299719361996197 174.66666666666666 2.415847476122923 0.9961974217165767 0.997568579182941
2.430405681805974 174.66666666666666 2.416396213697541 0.9966341228873624 0.99759070034461
2.430579646999703 173.0 2.4166288174030237 0.996900416149754 0.9976123450984312
2.430577066890408 178.33333333333334 2.4167126784876487 0.9972477778364541 0.9976267319118514
2.4307347741491085 175.33333333333334 2.416921038472928 0.9968675764422864 0.9976396382341133
2.431612910591645 174.0 2.4178653853368965 0.9965190461435849 0.9976827591871879
2.432719934068246 172.33333333333334 2.4188268592199633 0.996574818433696 0.9976236222951749
2.4340800120342463 174.66666666666666 2.420107816527605 0.9965133508015207 0.9976274555449048
2.4346099155254195 175.33333333333334 2.4206167244744052 0.9964736000134461 0.9976101765841511
2.4355661823013697 173.66666666666666 2.421550696979484 0.9964684245637474 0.9976205042559466
2.4362954104765686 174.66666666666666 2.4222792052069377 0.9968557785015737 0.9976169217248667
2.4369510024186263 174.66666666666666 2.423009349798801 0.9972716026978693 0.9976511977257714
2.4368040779157236 177.0 2.4228533788753013 0.9974502951913962 0.9976224831932813
2.4369989670053385 175.0 2.423120592631733 0.9971930442896925 0.9976360226040902
2.4377089814592585 174.66666666666666 2.423860544294094 0.996934643755024 0.9976413332606613
2.438048846482231 173.66666666666666 2.4241876767124966 0.9971316684194361 0.9976394151341098
2.438660450084207 174.33333333333334 2.4247080301317734 0.997170002911984 0.9976218522025657
2.4393424502716017 172.33333333333334 2.4252426306387473 0.9972907717378002 0.9975779069592641
