2.514569285480147 85.0 2.5009453672467163 0.9356344803527519 0.9982264862836583
2.514057327783022 168.33333333333334 2.5004883953797528 0.9338923608469892 0.9982489552723947
2.514285930853259 166.66666666666666 2.500683986923442 0.9322642733689654 0.9982454945451152
2.514669408044797 169.66666666666666 2.500998697062835 0.930328774089066 0.9982364368298428
2.517275766292557 170.0 2.5030920947820747 0.9246491316944957 0.998161255985124
2.5184913925103 171.0 2.5041003102697537 0.924209004394192 0.9981265172912894
2.52159515699919 169.0 2.506605860131725 0.9254841677798544 0.9980250185549997
2.523453336310526 168.66666666666666 2.5080379244442748 0.9295609079359348 0.997951248984559
2.5243488887099197 172.66666666666666 2.5086228147208423 0.935787804990667 0.9979078115575086
2.524561105117969 167.33333333333334 2.5088417543465655 0.9310490952183608 0.9979109020868072
2.518402079757601 168.33333333333334 2.504243192871203 0.8837020785225252 0.9981642518079115
2.5198066244616384 169.33333333333334 2.5052563301393502 0.9020542336344044 0.9981006460491889
2.5224077162447824 169.66666666666666 2.507488806498684 0.9099886499930241 0.9980422208425054
2.526280188346329 168.0 2.510909756032764 0.9091344264969338 0.9979708212264602
2.529878468693066 169.66666666666666 2.5140908417363774 0.9072553510940717 0.9979033421056653
2.5367385399215463 169.66666666666666 2.5198426226619466 0.9125342701954774 0.9977170859743457
2.5388118680360297 165.0 2.52158299525762 0.9149077795683748 0.9976623492964214
2.5406400004022354 168.33333333333334 2.523134406480968 0.9159155568540698 0.9976133276690589
2.542856085717032 168.33333333333334 2.5249082529932636 0.9261964757264969 0.9975395926872561
2.543392480187801 165.33333333333334 2.525380601563135 0.9270730897641418 0.9975280825723662
2.5438513617048604 165.66666666666666 2.525895656585575 0.934242575240029 0.9975467233856502
2.544374475160913 165.0 2.5264181635718814 0.9376376795855337 0.9975462535840643
2.5468404080597553 165.66666666666666 2.5287629460649184 0.9439968549306776 0.9975166302392668
2.547892751099116 171.0 2.5298568435610043 0.9468415600150735 0.9975219381033111
2.547374594519399 168.66666666666666 2.529551059443567 0.9480984140514258 0.9975689744611862
2.544765511682641 168.0 2.5275874124984825 0.9371709864460067 0.9976731888110933
2.542875095956629 165.33333333333334 2.5260956570686424 0.9265034020132579 0.9977377292218794
2.5424982527873747 167.0 2.5257206081306958 0.9201445521584839 0.9977358873047569
2.5427029361899756 165.0 2.525905024105409 0.9225044310249079 0.9977356765955655
2.542981088524393 167.33333333333334 2.5262224893755523 0.9299046975337361 0.9977423565598693
2.5427407721890063 169.66666666666666 2.525981377720682 0.9366302666455911 0.9977408038503844
2.5430450455131 169.66666666666666 2.52628382150662 0.9337204278209527 0.997741253432487
2.5407117344356216 164.33333333333334 2.5242173855376113 0.9331579552222683 0.9977860852137628
2.5371740226496273 171.33333333333334 2.5211786483040295 0.9296612056171241 0.9978695299037216
2.534603650057219 169.33333333333334 2.5189272191613887 0.92767907756617 0.9979211069611532
2.5340657715506856 168.0 2.5183773076272633 0.9321163123301724 0.9979194888532724
2.5333416812491127 168.0 2.5175651857670815 0.930358591344442 0.9979040919495612
2.532266571052484 168.0 2.5164940916141822 0.9262349738782314 0.9979048042270452
2.531572396168508 169.66666666666666 2.515715066095734 0.9246032340597995 0.9978912295759853
2.5330045598970505 172.0 2.5166429678172553 0.9259462890550603 0.997809521366659
2.533371016811034 169.66666666666666 2.5164445036285565 0.9210814789880223 0.9976962053784916
2.5310984183445457 169.66666666666666 2.513676612452145 0.9114064783279949 0.997627906540337
2.5307493960309193 170.0 2.5131956179639245 0.9111581729549918 0.9976164349434937
2.5282368290298494 169.66666666666666 2.510337004009506 0.9141735835235718 0.9975601712804549
2.523985091700421 167.33333333333334 2.5059885888125644 0.920640924130752 0.9975344724024731
2.520546266972671 173.0 2.501606226914187 0.9287740760073823 0.9973750750931514
2.519004610227294 164.66666666666666 2.499478413389979 0.9331123139013531 0.9972749291316615
2.5175283429976094 168.66666666666666 2.4976096842205933 0.9342557752998452 0.9972109585005813
2.5152439198832868 169.0 2.494192956920773 0.9287574810256445 0.997016288998698
2.51396339669687 169.66666666666666 2.49252604459089 0.9262722964571285 0.9969485837892875
2.513177121736904 169.66666666666666 2.491199994219644 0.9263690087029254 0.9968338503089968
2.5113444559564315 171.0 2.489599937323809 0.9291037512157947 0.9968959038156804
2.5107097468926254 170.66666666666666 2.4886401355272856 0.9356340276396642 0.9968420133776812
2.51041668460453 171.0 2.4882288155799164 0.9403661138063845 0.99681672247628
2.509439897241231 171.0 2.4869241707968555 0.9441574149562938 0.9967391945151494
2.50717557190348 173.33333333333334 2.4851939391618005 0.9480070965699412 0.9968529952805485
2.5055091412475283 166.0 2.4832308317706873 0.9478674133453453 0.9968141334165006
2.5037085905950085 170.0 2.4819677775039533 0.9497687265178087 0.9969273605423948
2.501569608874055 170.66666666666666 2.480193790255927 0.9514599710444243 0.9969851265900349
2.5010164671687947 169.66666666666666 2.479716620890484 0.9517114738072272 0.9969996722079386
2.4995398492207 169.66666666666666 2.4785371259085553 0.9524674801400715 0.9970502483216778
2.4993246045060142 167.66666666666666 2.478555154283041 0.9582285134068408 0.9970912153996303
2.4995208595614877 172.33333333333334 2.4785043907010014 0.9592309016413384 0.9970267230000378
2.4986067985365157 172.33333333333334 2.478191194670365 0.9616568334339795 0.9971526661812858
2.4985584664457585 170.66666666666666 2.4782618616533627 0.9631726310074388 0.9971752339634123
2.4987582782019735 170.0 2.4784833937518864 0.9647539323124269 0.9971855354948594
2.4992551510978087 170.0 2.478957883596057 0.9664816048754139 0.9971901864786354
2.4993835859627604 170.0 2.4790943508620535 0.9664359891580763 0.9971433916972832
2.4992038222530795 171.66666666666666 2.4789649158581555 0.9668556328268295 0.997151827195877
2.4986400132418862 172.33333333333334 2.478506146683748 0.9680922815832836 0.9971685310907572
2.4982226259776366 175.0 2.4781175659356927 0.9676559427858011 0.9971749389829773
2.4973873166967957 172.33333333333334 2.477286761817648 0.9666972856547563 0.9971736531749569
2.4962795971567533 169.33333333333334 2.475819192225208 0.962465619720925 0.9970894303832254
2.4949932024610133 171.0 2.4748907323144493 0.9601489234325892 0.9971702835237348
2.493087950303701 169.66666666666666 2.4730544091127027 0.9576357936940669 0.9971834036350524
2.4923245366075446 172.33333333333334 2.4722198796867887 0.9562886646501789 0.9971696784195886
2.491818304849993 169.66666666666666 2.471596748370942 0.954293960904114 0.9971485789670905
2.492017942079237 168.33333333333334 2.471537542098691 0.9521257348018713 0.9971036332502946
2.4923737179497 172.0 2.4717892183042403 0.9534881268438894 0.9970849415144217
2.493504721472768 172.33333333333334 2.472678129065302 0.9520311707044675 0.9970295414415571
2.494188016476094 172.0 2.473215882975708 0.9508207856653915 0.9970156701935972
2.494944170972292 171.66666666666666 2.47382321704435 0.9522675853019997 0.9969938859773054
2.4955301901930986 172.33333333333334 2.474266457383755 0.952728270688006 0.9969716034163266
2.496487954039243 168.66666666666666 2.474923575784799 0.9520047522134343 0.9969226337192345
2.496698127269988 171.0 2.4750362229621357 0.9516340417909706 0.9969066682058534
2.497399834517261 171.33333333333334 2.475219266152069 0.9504870506813362 0.9967993932873261
2.4983394730197688 170.33333333333334 2.475781843437433 0.9503952840555772 0.9967485046950497
2.499581379735561 167.66666666666666 2.4764184454542124 0.9517722376381249 0.9966450398144041
2.5005303461606054 168.0 2.476433389783858 0.9504240129555386 0.9964576617308366
2.5007541912835713 172.33333333333334 2.4767362651547145 0.9503901389441322 0.9964951160186307
2.501681856132463 169.66666666666666 2.477313649986613 0.9500745163516172 0.9964229022528591
2.5020252421060087 168.66666666666666 2.4775536467846844 0.9494793958722298 0.9963997257175745
2.5031994903871118 173.0 2.478749022905348 0.950495513347459 0.9964183600021826
2.5033524878034434 170.0 2.4789950359117454 0.9504646757532649 0.9964356594365857
2.502268190103165 172.0 2.4784923361808353 0.9504711876256116 0.9965361967515768
2.501931145350432 170.66666666666666 2.4783251537500646 0.951689946723096 0.9965650942510272
2.5011541107348485 169.66666666666666 2.47807297018131 0.9531212361972249 0.9966564996724082
2.500948996177968 170.0 2.4780256252309534 0.9542368330574487 0.9966853198172033
2.5010533740283982 168.33333333333334 2.4778322803868362 0.9547377819599725 0.9966078946832996
2.500319894456647 163.33333333333334 2.47767066622092 0.9564201855021233 0.9967332783984546
2.5001890637604225 172.33333333333334 2.4775460971270125 0.9565662548043402 0.996729847008875
2.500114328562187 172.33333333333334 2.477508698975238 0.958144480081823 0.9967398003742554
2.500153420441683 170.0 2.477525401873443 0.9590326589185038 0.9967382119781617
2.4999462336308933 169.33333333333334 2.4773053020840807 0.9615077802790206 0.9967364353395408
2.499420496658597 170.0 2.476840930286559 0.9633068575073958 0.9967469344397396
2.4991496420555785 172.33333333333334 2.4765991895111683 0.9643434549517484 0.9967531741528106
2.4988476552081664 173.0 2.476258592888589 0.9657891275198546 0.9967444215179747
2.4989623589348264 170.0 2.4763383024083114 0.9670494303607681 0.9967372825795532
2.4994594185778523 170.0 2.4764083325769324 0.9682805411898916 0.9966268331818448
2.4993176838553284 170.0 2.4766728956628614 0.9690261274992465 0.996731716317439
2.499479739624668 171.0 2.4768600882272658 0.9697399118013506 0.996746945357217
2.4995094290655815 169.0 2.4769960135378337 0.970474844701891 0.996763810230847
2.4986231519902766 170.33333333333334 2.477346489941642 0.9761096084415168 0.996965715608006
2.4986991630028363 173.66666666666666 2.4776139122053795 0.9770799360824368 0.997002332157528
2.499459365955686 170.33333333333334 2.47799396335925 0.9772839459517111 0.9969184478097922
2.5001258126048187 170.66666666666666 2.479003691372698 0.9783882880001289 0.9969940750649652
2.5012297449325094 169.66666666666666 2.480059503774422 0.9793829610140578 0.9969858193892369
2.502410874367984 171.66666666666666 2.4811703218345786 0.9801680684638476 0.9969726667073472
2.5037692565855565 171.33333333333334 2.482427945314383 0.9806655299794252 0.9969572659401189
2.5048581346862075 171.66666666666666 2.4834082597454716 0.981124412132313 0.9969414091374557
2.505617760412666 175.0 2.48408034719606 0.9813369869880085 0.9969270633849493
2.5062360057537263 169.0 2.484586928268578 0.981416025263726 0.996893195311216
2.5065716092971733 175.33333333333334 2.4848330116680386 0.9810348681899496 0.9968791161534614
2.5069347346272752 173.66666666666666 2.4851216493652224 0.979855315930135 0.9968778750435758
2.5071880596826737 171.33333333333334 2.4852854534186872 0.9791701695251096 0.9968623563158866
2.5070586388476888 172.33333333333334 2.485139002375999 0.9778315689926659 0.9968429498678977
2.507005991024251 173.66666666666666 2.4850710345629365 0.9768985919393538 0.9968425218722011
2.506949580572205 170.0 2.4850584316137536 0.9753053373545547 0.9968524017630558
2.506731539423838 173.33333333333334 2.4848599339760487 0.9734103965219112 0.9968731866666775
2.5065684341073715 170.0 2.4847173288904743 0.9722332789920619 0.9968806345752501
2.5062746209693785 170.33333333333334 2.484434312920076 0.9710722129557985 0.9968778117350225
2.5059389761432627 172.33333333333334 2.483819634912837 0.9696138804583294 0.996807705044398
2.504964021326396 170.0 2.483284712268309 0.9691416770654981 0.9969045921565266
2.5040725153379464 168.33333333333334 2.4824401930958344 0.9681285053675243 0.996913249568597
2.50210137605566 171.0 2.4805175501657173 0.9665622758606722 0.996922541954988
2.500589023954794 167.33333333333334 2.47896215656994 0.9646612260445037 0.9969129715467787
2.4991400708625267 165.33333333333334 2.477377203944414 0.9622001036661136 0.9968862608693584
2.4972904981733084 170.0 2.475263403969551 0.9582525531363272 0.9968418627515122
2.496158559352081 173.66666666666666 2.473483792135565 0.9555749253757029 0.9967037945301724
2.4946604995139032 172.33333333333334 2.4721441216490088 0.9551391272623607 0.9967578965693858
2.4932401154773793 165.33333333333334 2.469870007614516 0.9538552427591513 0.9965854055129143
2.4915990406417765 170.0 2.46816097936631 0.9534902134491402 0.9965971841572915
2.4902157007992844 170.0 2.466155577078444 0.9525016636114156 0.9964834120545858
2.4881149766571204 172.66666666666666 2.4629408121558596 0.9509425636749537 0.9962737098606036
2.486934133926368 172.0 2.460619366804458 0.950830764741911 0.9960516220710499
2.4864247094729763 167.33333333333334 2.458220457608445 0.9505100853929714 0.9956942036411279
2.484269684081129 173.66666666666666 2.4542805142242754 0.9490646274867901 0.9954017206175786
2.481890275691218 172.33333333333334 2.4501805768605163 0.9453963328867716 0.995144381940423
2.4779698870910454 170.0 2.4436741473001535 0.9336878217522183 0.9946822442011196
2.4740263930313553 170.0 2.437950299677415 0.9288006987082086 0.9943598524637364
2.4700069270950618 169.33333333333334 2.4321126584112274 0.9282495254706407 0.9940286642245261
2.4666896890958467 170.0 2.4260411604087593 0.9265195956916327 0.993524786118677
2.464606678724566 172.33333333333334 2.421956829816481 0.9329789648180424 0.9932123353021366
2.463985110621282 171.66666666666666 2.419049518524435 0.9386912213755799 0.9927828114739583
2.4643058332254557 168.66666666666666 2.41689696370264 0.9429287850277457 0.9923303411757157
2.4641460664362818 164.0 2.4152101339747083 0.9436186857868111 0.9920479477607221
2.462763234374704 171.66666666666666 2.4117268875606004 0.9450866563457613 0.9916631271819063
2.4595947454619767 173.0 2.406290601235972 0.9484595927903013 0.9912357870691823
2.456820195038463 172.33333333333334 2.4013108188694843 0.951642987473904 0.9907979661951535
2.4553895165814916 174.0 2.3987549817876888 0.9524740198085461 0.9905818337414137
2.448042045980993 173.33333333333334 2.3889315899808343 0.9583487150927933 0.9900938435660209
2.442986447430177 173.33333333333334 2.3827556751164245 0.9610253867480074 0.9898200286211284
2.439713161419396 173.66666666666666 2.37876996785318 0.9620411212882148 0.9896908661121947
2.435027414280099 170.66666666666666 2.3728784779044068 0.9646477123223985 0.9894338750976343
2.428842155519348 170.66666666666666 2.3653619137466375 0.968533949972143 0.9892527721550554
2.4249806808279124 170.66666666666666 2.3599258368885074 0.9708667689128185 0.9889497613009323
2.419588196016842 172.66666666666666 2.3538873509633276 0.9744657215610144 0.9888325526047216
2.4159454837197125 173.66666666666666 2.3492640836278462 0.9753877428449824 0.9885771819394595
2.4133516161014095 176.0 2.3461639112211845 0.9760492775631918 0.9884662343365594
2.4114339116107706 175.0 2.3418286264550945 0.984108468323369 0.9879801467535719
2.4114680231727252 169.33333333333334 2.3454008220791644 0.9899064720832875 0.9886900212003294
2.4116526490659727 174.33333333333334 2.346946666394398 0.9911231338887826 0.988862100024218
2.413379744869102 174.33333333333334 2.3504822992225374 0.9909919659887332 0.9891965488901547
2.414957457729756 171.33333333333334 2.3542153745518775 0.9905493499428758 0.9896068006643017
2.4154650926846912 171.33333333333334 2.3559281113623123 0.9903507976692556 0.9898327521849988
2.4163294806454685 173.0 2.3585775465330663 0.9895233568035008 0.9902008664798884
2.417629184475708 173.0 2.3621405518436562 0.9869453147103073 0.99064843015108
2.4180992209398364 173.0 2.3652332997099146 0.9864557339870452 0.9911912246379475
2.417868029402003 173.0 2.3668966393362707 0.9844266042935038 0.9915454457839465
2.417232976344665 173.0 2.368225101484571 0.9832731841857759 0.9918685517846085
2.4167321190392532 175.0 2.369608041765321 0.9818533411273923 0.9922153769910195
2.417432838820521 171.0 2.372354288162595 0.9760060563202904 0.9926157130109826
2.4177516049849204 176.0 2.37371155372155 0.9735368164412148 0.9928396812201792
2.4132359000962134 169.33333333333334 2.377376499909644 0.9542110268509187 0.9942922308628974
2.4090314624506064 169.66666666666666 2.37533543360321 0.9367027201120215 0.9946520032605245
2.409048564893506 172.0 2.375623329391017 0.9265120523119773 0.9946891482950282
2.4100118310341667 169.66666666666666 2.3768084680035866 0.9262548984268587 0.9947402845778296
2.4109088808834 170.0 2.3779857687537334 0.9285787294739306 0.9948176711461393
2.4120249587058624 174.33333333333334 2.379431456163249 0.9317450714638811 0.994850138544055
2.413524648007975 172.66666666666666 2.38138060729457 0.9304020777953674 0.9949265804503163
2.413669398853588 173.0 2.38209472443288 0.9317063442039791 0.9950269046804401
2.4125300980532214 174.33333333333334 2.381255159337252 0.9376257605521012 0.9950667594702836
2.407955965447691 176.0 2.3787431211434784 0.9483385947667806 0.9954699737128618
2.403286169446925 175.33333333333334 2.375617351195002 0.9593646428696189 0.9957333455463254
2.4002353463558554 171.66666666666666 2.3737896631244504 0.9670619734279611 0.9959033958181028
2.39790528984665 169.33333333333334 2.37256521588357 0.9715168279186428 0.9960855603427868
2.3963698682370023 173.66666666666666 2.371766583628634 0.9735049709556793 0.9962177702033076
2.395584234748662 175.33333333333334 2.3713566821868794 0.9750459909184634 0.9962712390551686
2.3721174474728386 173.33333333333334 2.355808500449898 0.9871253974135296 0.9974263644567883
2.3710631626487726 173.33333333333334 2.355784386242472 0.9892860876112396 0.997555205075371
2.370189960676435 176.0 2.355532422216733 0.9910361799042354 0.9976366750234958
2.369765989617937 173.33333333333334 2.3553828652558124 0.9914624448580942 0.9976632031972419
2.3693935669261137 178.0 2.355152298445165 0.9916063810206526 0.9976635153253877
2.368784927612604 176.0 2.3545850822057717 0.9910656436214913 0.9976515784307213
2.3679578865309265 177.66666666666666 2.353769176932087 0.9903562348263225 0.9976328841153149
2.3674511935705356 172.66666666666666 2.353277383602501 0.989922311574002 0.9976224181096094
2.367973295687739 175.33333333333334 2.353433986381393 0.9900606578598674 0.9975202340665684
2.36752694553944 173.33333333333334 2.3533563689072565 0.9898067953528652 0.9976060252194823
2.3668510977224098 177.0 2.352626204089838 0.9894141865482966 0.9975853444464577
2.3656984774314544 172.66666666666666 2.3513180790454005 0.989158341382552 0.9975472447619804
2.3655018105211125 175.33333333333334 2.3506324908582403 0.9890150230434537 0.9974298945707184
2.36354339346142 175.33333333333334 2.348847172613775 0.9893247349121405 0.9974676956570888
2.354453363071502 171.0 2.337536294119824 0.9928008972252604 0.9968911996604201
2.354915905305323 175.33333333333334 2.3375316918150153 0.993050681157534 0.9967983810775902
2.3557569952457267 174.66666666666666 2.3380913646399666 0.9936361176040703 0.996719937550119
2.3571197906422974 177.33333333333334 2.3392590264471647 0.9939466923054163 0.9966793648122155
2.35999099930432 175.0 2.341853951203633 0.9941642832771579 0.9966506314174006
2.3622337014232366 175.0 2.3440488141165368 0.9951858411600386 0.9966415190113148
2.364797520554025 174.0 2.346453915428168 0.9953719872031725 0.9965913427364265
2.3672528668016315 175.33333333333334 2.348738471100682 0.9957031057915697 0.9965743250006237
2.3691790501310805 174.0 2.350530312429182 0.9960629183871937 0.996534072972767
2.3710238028522563 173.33333333333334 2.352039477522997 0.9959949917964791 0.9964686165567395
2.372410525648894 171.33333333333334 2.3530487272191825 0.995811929091726 0.9963938750350407
2.3739062197133634 169.66666666666666 2.353879194163845 0.9952856556355906 0.9962605901983214
2.374915950590659 172.66666666666666 2.35442811633853 0.994857210689378 0.9961712205589822
2.3758141157178634 172.33333333333334 2.3551063874602463 0.9949724927782391 0.996142769881229
2.376789685291765 176.0 2.3542563567075545 0.9966831693224263 0.9957345283980923
2.3710770102256657 172.33333333333334 2.3462069800579095 0.9958847428887074 0.9952065093207382
2.3703660315195454 172.33333333333334 2.344039800669326 0.9953649829111568 0.9948737401241817
2.370293094623871 170.0 2.34326914934893 0.9956670784430713 0.9947036296194932
2.37099784917649 170.66666666666666 2.343459179167419 0.9963407623392737 0.9945808390556277
2.3721361925644113 174.33333333333334 2.3440264471242123 0.9967971060773161 0.9944454851947415
2.373473790076037 171.66666666666666 2.3448675522090223 0.9975076701930107 0.9943250082714307
2.3751067471286165 173.66666666666666 2.3461586080854664 0.9986097080593385 0.9942433800230064
2.3773276269543224 174.66666666666666 2.3477613159994464 0.9994543357478036 0.994104736508741
2.3787711110127043 166.33333333333334 2.348404630103836 0.9997089255024245 0.9938976643398266
2.379451979396514 174.66666666666666 2.3486262320819478 0.9997519015383861 0.9937889163004447
2.380754959250005 173.0 2.3489743232994043 0.9996559381691652 0.9935628552218936
2.3815491576372056 172.33333333333334 2.3490314194716517 0.9996015897107049 0.9933894573685752
2.381862027609259 172.66666666666666 2.3490995649771653 0.9995761027043751 0.9933337586278835
2.391523266910184 174.33333333333334 2.353938200110082 0.999698334672458 0.9922082502485979
2.4043853143545744 169.33333333333334 2.3624815295237225 0.999463067558239 0.9912244070119398
2.407967668989436 171.33333333333334 2.364572706482969 0.9998419073028357 0.9909254852332924
2.409408504357129 171.0 2.365043743250355 0.9999065622854966 0.9907490223708839
2.4112824876882506 170.66666666666666 2.3658926366123527 0.9999197927067528 0.9905045618694843
2.41308572191986 167.33333333333334 2.365843842546592 0.999977554151475 0.9901065276084053
2.4135974469359844 172.33333333333334 2.3658806282398306 0.9999809736188848 0.9899846623449011
2.4142304629225557 168.33333333333334 2.3653955316896784 0.9999925484680839 0.9897581555087859
2.4149570938930176 172.33333333333334 2.364967648226423 0.9999962846822148 0.9894957228839909
2.4159090573566986 171.0 2.3643887213195067 0.9999138574441332 0.9891278040362841
2.4200603204583624 173.0 2.365903566980088 0.9999642764380543 0.9885205499347008
2.421516942225841 171.66666666666666 2.3666027980477558 0.9999985467641875 0.9883548469428831
2.434010916898734 172.66666666666666 2.372037132987916 0.9998822029359518 0.9867423991029861
2.439425719412775 169.66666666666666 2.372630198069043 0.9999705611032592 0.9856809623967702
2.4426764157967122 168.33333333333334 2.372732981175866 0.9999624796887164 0.9849857308503541
2.4448308065547937 172.66666666666666 2.3729530573426505 0.9999998765219579 0.9845711659881854
2.446871594043275 165.66666666666666 2.3734779971532514 0.9999755468170693 0.9842326543820495
2.4476306347751406 169.0 2.3726380853854856 0.9999838715787852 0.9839233989489774
2.449911120355276 169.0 2.372217483817881 0.999890030892386 0.9832835471893981
2.4511725195295497 166.66666666666666 2.3724855325794056 0.9998819228994567 0.9831247309825412
2.4531648994489283 162.66666666666666 2.372943766107274 0.9998926208771332 0.9827538662675244
2.4556045729585256 170.0 2.3733776051801283 0.9998706931026577 0.9823243903824431
2.457121913057575 167.33333333333334 2.373289378758277 0.9997793841386046 0.9819784131478261
2.4581145206563044 169.66666666666666 2.372745235643816 0.9997490717326304 0.9816442042394512
2.459878183083806 171.33333333333334 2.3723730135556464 0.9994999200370658 0.9811829288724341
2.4613183408906525 169.66666666666666 2.3722453794831475 0.9992837596630662 0.9808452728545387
2.462718369144906 170.33333333333334 2.3715890849101084 0.999135774895322 0.9803844681054132
2.464370836938485 160.66666666666666 2.3723340415831418 0.9988097373409791 0.980191904040765
2.465178133018215 170.0 2.372281816306139 0.9988904911007852 0.9800148864310109
2.470046448339859 166.33333333333334 2.3744531312535506 0.998493926572853 0.9794700338975304
2.4722493536784964 169.33333333333334 2.375331751553359 0.998253213957051 0.9791511316867836
2.4744253982571376 169.0 2.376087011141192 0.9979555780581146 0.9788805728167436
2.477147573170934 166.66666666666666 2.376850900933501 0.9977422852542398 0.9784150157144434
2.4798155204320014 164.66666666666666 2.3779079796424885 0.9970443423341897 0.9780626328255372
2.481806823539351 171.66666666666666 2.378316658833428 0.9966269491453825 0.9777221377691927
2.484739744222899 169.0 2.3796083451668464 0.9957439030117287 0.9774131744819302
2.48751818666529 169.66666666666666 2.3808871744954496 0.9953205813949337 0.9770918558167095
2.4910838639554798 167.33333333333334 2.3826651627836393 0.9948187436918878 0.9766660506755648
2.4935152207925007 166.0 2.383825475244156 0.9939868223133674 0.9763909766305714
2.495628169847849 168.33333333333334 2.384790160661285 0.9934594079744057 0.9761877015153436
2.4983080372645543 161.33333333333334 2.3859951715849386 0.9930894873318482 0.9758270762069579
2.5005427699351346 168.66666666666666 2.3866336559045553 0.9923904141196709 0.9755376580094295
2.501498041893028 161.33333333333334 2.3862535958374935 0.9922140559207063 0.9751977008677732
2.502711622720721 165.0 2.3864750444170917 0.9913579479105278 0.9750330935171748
2.5047750020963466 165.0 2.3864059833733986 0.9901815690420314 0.9745354555566503
2.5071461730299007 167.33333333333334 2.3867724153803116 0.9897455317739655 0.9740989378668063
2.509391926233107 164.33333333333334 2.3875053915678235 0.9897819165111514 0.9738239578848268
2.511987515194439 165.66666666666666 2.3885268685405605 0.9902221691315979 0.9734452077477508
2.515254112538549 163.66666666666666 2.3896270097232386 0.9910018673242498 0.9730343992190457
2.5173214634168675 165.0 2.390610292523177 0.9903217108451604 0.972759017567035
2.52081584270969 168.0 2.3921537579475163 0.9898744522568649 0.9723501184344975
2.5247931323196213 171.66666666666666 2.3943840964449437 0.990481702216285 0.9720320369682613
2.5275994906839774 162.0 2.3959711862960678 0.9910377116967635 0.9717266025982507
2.531048900948897 163.33333333333334 2.397657599082944 0.9907376338878681 0.9714072033753486
2.532597834722329 168.66666666666666 2.3978291382277592 0.991076458859346 0.9710663912044127
2.53524717628033 167.66666666666666 2.3985921149575504 0.989324661570499 0.9706599021095529
2.53688278326182 167.33333333333334 2.399382646621451 0.9890034302399054 0.9705501264953591
2.538893938640699 163.66666666666666 2.400116718412838 0.9898175363976686 0.9702371075472747
2.5406296889797524 162.66666666666666 2.4011003662074937 0.99006976715232 0.9700784946525893
2.542458987548321 166.33333333333334 2.4022339024897454 0.9901683056408908 0.9699379519613488
2.544910287516083 166.33333333333334 2.40380470538761 0.9895786307528442 0.9698082903509383
2.5464469803725476 166.66666666666666 2.4046277506692015 0.9894417564601544 0.969610095874687
2.5475749234893583 166.66666666666666 2.4052262408336142 0.9901958065645623 0.9695047840766193
2.5494573276961487 163.33333333333334 2.406649796197336 0.9909234341199676 0.9694181235128106
2.551599279623085 164.0 2.408050571102997 0.9914177299338386 0.969271692867471
2.5528896217457384 165.0 2.4085646840600505 0.9909053263373799 0.9691583202086888
2.553567053684828 166.66666666666666 2.4077524035176574 0.9903159904912981 0.9688412353888707
2.55284608237179 164.66666666666666 2.4069384622618832 0.9906280850629153 0.9687891926168967
2.553245246058168 165.0 2.405955586932078 0.9889133170625398 0.9684972786745717
2.553480070450836 163.33333333333334 2.405013740550411 0.9883477674716932 0.9683060830341043
2.553386534196016 164.66666666666666 2.403798516331457 0.9883980560365964 0.9680796419535123
2.5548915148681814 165.0 2.4036579786296177 0.9872002357402185 0.9677338644452518
2.556090906436705 164.33333333333334 2.4040326470977518 0.9881772134452794 0.9675261522151609
2.5572431320970916 167.0 2.404380092557142 0.9892276027387036 0.9673589271296223
2.5574541600867318 166.0 2.4041377263533104 0.9903770837177254 0.9672639150824507
2.5585903875232185 165.33333333333334 2.4037826166545915 0.9892043966108826 0.9670062349188074
2.558769124601418 165.33333333333334 2.402009124629411 0.9882783685343506 0.9665406170495581
2.5588727159756286 164.66666666666666 2.400965227935163 0.9880697961191416 0.9663513056350179
2.5592454609718502 160.66666666666666 2.399697168629321 0.9871826467027035 0.9660001993331637
2.559077707829195 167.0 2.398527194072194 0.9873999922782362 0.9657802992384656
2.559583224400277 164.66666666666666 2.398057318515955 0.9869967089341745 0.9655176189651493
2.5607503868481194 165.33333333333334 2.398203015451986 0.985951660723256 0.9653114189178628
2.561189806477127 162.0 2.397330449763048 0.9862423045180585 0.9650775571192495
2.562594725739454 165.33333333333334 2.397153032491753 0.9845400607426548 0.9646708446041622
2.563580382904967 165.66666666666666 2.3973464287168387 0.9838151419814665 0.9645187007200124
2.5645894209780487 164.66666666666666 2.397644663196762 0.9851543043355041 0.9644157268140505
2.5661316692389597 163.66666666666666 2.3985418313022224 0.9853487737459146 0.9642337246649703
2.5680679412087053 164.33333333333334 2.399352836422564 0.9851909278815384 0.9640534011591672
2.569906954717144 161.66666666666666 2.4001883199503995 0.9838378114731237 0.963846301358344
2.570670963589807 166.33333333333334 2.4003924453423617 0.9838049473685446 0.9637260499894179
2.5730831398483445 161.0 2.4010762348584866 0.9811715206994315 0.9633164247340275
2.573890059455066 163.33333333333334 2.4009509546680774 0.9801456224220482 0.9631193956606023
2.5733679773250913 168.66666666666666 2.399788736486239 0.9817946445984906 0.963033795403722
2.574760509390135 163.33333333333334 2.4001167177199703 0.9777775621749861 0.9627607190243472
2.5745858240313226 160.33333333333334 2.399368490732927 0.9765313438358221 0.9626280291052249
2.5737398369130235 164.33333333333334 2.3981997930149745 0.9757666168960656 0.9626143107454288
2.5733012105602473 163.33333333333334 2.3977863962033354 0.9758812955694612 0.9625634501806793
2.5736621984828916 166.66666666666666 2.398657116766829 0.9777243448572442 0.9626751552969215
2.5738106035685155 161.66666666666666 2.3989438694479746 0.9780193236299424 0.9627029979434673
2.5736361461023987 168.0 2.3991957113163527 0.9796507249277162 0.9628476836276193
2.575375515238639 166.33333333333334 2.4004913948361795 0.9775216857284015 0.9626898379996399
2.5747787845613312 167.0 2.4003912017739744 0.9794997312741568 0.9627959657304055
2.5749088162193323 163.66666666666666 2.400279389608005 0.9790739117876808 0.9628083524239303
2.5745764572703504 161.66666666666666 2.3995645910026804 0.9792529675643203 0.9627319240616927
2.575387237067287 166.33333333333334 2.4001270541696655 0.9777957421422947 0.9626289819751224
2.575930195998225 162.66666666666666 2.4004735362658023 0.9778985368539076 0.9626435809979179
2.576297814959044 167.0 2.4007613336328655 0.9781535351903922 0.9625850725232362
2.5766164000304967 162.66666666666666 2.400518602050814 0.977929667064078 0.9624508773534526
2.575766581790879 166.33333333333334 2.4001647225067644 0.9784657967578219 0.9626380110061981
2.5763281635741664 164.66666666666666 2.400816045235045 0.9779616983644468 0.962650723832395
2.5763719684225896 164.0 2.401246116886184 0.9790036812856207 0.9626803791014086
2.57621632113346 163.33333333333334 2.401654172562389 0.9798800619025579 0.9628575076015592
2.575853563881315 166.33333333333334 2.401262133962344 0.9810173064396196 0.9627908171286919
2.575703990367774 162.66666666666666 2.402000601910915 0.9805244211898537 0.9630403313761724
2.574725805765941 166.33333333333334 2.40171215776018 0.9819632976469317 0.9631865063023541
2.5742126725692267 166.33333333333334 2.4018925344234625 0.9824104746966935 0.9633298551177448
2.5734422224677376 166.0 2.4030039489891912 0.9826721980376883 0.9636754613704946
2.572597992047254 162.33333333333334 2.4033408299967345 0.9834076694595044 0.963917384784217
2.5718610981737746 164.66666666666666 2.4035068207637087 0.9838769729273966 0.9641519837248222
2.5693306388424166 165.0 2.4035315024569237 0.9845379224265748 0.9646323308509518
2.564037061288348 161.0 2.402654224662667 0.9850345314626054 0.9655379665924764
2.5619491990560337 167.33333333333334 2.4020886262147707 0.9861973432742284 0.9659025769647289
2.559796913334844 162.66666666666666 2.4023434006883417 0.9865019703931811 0.9663471975388997
2.5556018709501216 167.0 2.4017531501302685 0.9886326520398617 0.9670810144613163
2.5514999912623844 165.66666666666666 2.4015643658002745 0.9908325812557727 0.9678925580779563
2.548456514750498 165.66666666666666 2.4012101518782143 0.9912770622905828 0.9684501334891399
2.5459078802899646 167.0 2.4003665159307483 0.9914181477407349 0.9687973931066921
2.5404069431291174 163.66666666666666 2.3982336950594427 0.9910886796823914 0.9694853848149719
2.536491737555732 167.33333333333334 2.396841183566167 0.9902881583870318 0.9700577254048663
2.531579334123625 163.33333333333334 2.3957917460145737 0.9908695892174002 0.9708132427079061
2.5282688933510893 168.33333333333334 2.3953774581647798 0.991004675890502 0.9714668763123565
2.522924128302054 168.0 2.3951804834033923 0.9921201104011421 0.9724916883116028
2.521789573703975 167.33333333333334 2.3951587983347102 0.992443030671227 0.9727348526705272
2.516799364195205 165.0 2.394268739718175 0.9933525843724444 0.9735855364638405
2.511197985396549 168.0 2.3927055516432003 0.9939471227492906 0.9744323126234441
2.5089759953782624 166.66666666666666 2.392355602554799 0.9938527118100327 0.9748147736604073
2.5034108755813884 167.66666666666666 2.3903151040842427 0.9943433417666825 0.9755888902823064
2.4984798787614086 168.33333333333334 2.389822169272594 0.994698772950647 0.9764960705033895
2.497290809538621 163.33333333333334 2.3895851558720085 0.9947928585541561 0.9766946991624192
2.4898544678050456 161.0 2.388087895779552 0.9961006375197262 0.9779431688526611
2.486183344570443 168.66666666666666 2.3879922984211683 0.9966098458235739 0.9787399087814098
2.4831021484812106 170.33333333333334 2.38724901570241 0.997010276441503 0.9792067545338574
2.4797774300177746 166.33333333333334 2.3864087554950713 0.997291275674943 0.9797306671300476
2.470993310635188 167.66666666666666 2.385189860477491 0.9979785529152756 0.9814015334625341
2.4659131304199566 172.33333333333334 2.3838637128914466 0.9984258783611056 0.9821659505728417
2.46299409572531 171.66666666666666 2.3831279705716666 0.9987413655232683 0.9826371256660699
2.4567409552584634 164.0 2.3815483688223797 0.9991984891130713 0.9836520895434417
2.450594040789163 170.66666666666666 2.3794294325510212 0.9994561714929461 0.9845235557383049
2.4440410637944963 170.33333333333334 2.376828796425627 0.9995739787324321 0.9854120644158045
2.440927796751489 171.0 2.3756674980665338 0.9996686867708664 0.9857990489241111
2.43662936065972 169.66666666666666 2.3743233619759505 0.9997927519941777 0.9864460652257289
2.431061025934174 172.33333333333334 2.3727139310485845 0.9999149581660884 0.9873141182381313
2.4256602989408744 174.66666666666666 2.37108374409727 0.9998946073907662 0.9881423522436855
2.423045739238583 168.66666666666666 2.3703124864387766 0.9999041933041772 0.9885811217068906
2.4166732816401324 169.33333333333334 2.368203959694097 0.9999176715824843 0.9894980261666413
2.4142610425261206 171.66666666666666 2.367421050632908 0.9998920240444836 0.9898643118487227
2.409348532619405 173.33333333333334 2.365618473969432 0.9998430571379517 0.9905466030700814
2.4046911391867813 172.33333333333334 2.3638582611517767 0.999865474398989 0.9911788947500484
2.4035874346915875 172.33333333333334 2.363461836184638 0.9998598240691225 0.9913398886392537
2.399311326817247 171.33333333333334 2.361824186683962 0.9998152416184657 0.9919486758653808
2.3951265582617056 170.33333333333334 2.3601255343437346 0.999535245343227 0.9925620380378843
2.3913007381449893 172.66666666666666 2.3583673894136568 0.9993896688545778 0.99304045157479
2.388397119406548 175.33333333333334 2.3568009609631835 0.9994392180880104 0.9933905986956152
2.3855026822899976 173.33333333333334 2.3554882560472987 0.999279428445531 0.9937667904413928
2.3844839401823075 175.0 2.355237887789155 0.9993319166643096 0.993959153212005
2.383784098416151 178.33333333333334 2.3551075306178495 0.9992673136999004 0.9941150108279582
2.383546666514804 174.33333333333334 2.3560806104223806 0.9988858411297988 0.994445989293899
2.3841911040880364 171.66666666666666 2.3586058112919144 0.998468224611168 0.9949266005652758
2.385014545866304 174.66666666666666 2.359573538584473 0.9979465705225617 0.9949935403161292
2.384309648199624 175.66666666666666 2.360346628736954 0.9972789647516503 0.9953657498300253
2.3821820996373724 176.66666666666666 2.358908961197269 0.9973116697671041 0.995565582740886
2.3807529531090457 174.0 2.357744494583616 0.9974281588989011 0.995645643840423
2.3781148096175113 173.0 2.355616170568285 0.9975649325098553 0.995803027484817
2.3769220656464545 172.66666666666666 2.3542105465739636 0.9975204756851287 0.9957792183583686
2.375750392006014 173.33333333333334 2.3536010130338174 0.9974364236633769 0.995941500505551
2.3754720542640952 172.0 2.353944079545991 0.9962637201311547 0.99623195102545
2.3757366824783026 167.33333333333334 2.3542057873411184 0.9963151756822115 0.996271197544798
2.376919059950119 174.66666666666666 2.3552355113278347 0.9957013447907335 0.9962954874927419
2.377777083222521 171.33333333333334 2.3559754607639234 0.9953376107772228 0.9963005101224827
2.3800338210519376 176.0 2.3579680052263536 0.9950097254620961 0.9963070930160794
2.3845171840559884 173.0 2.362207805294699 0.9945655212922431 0.9963168002487206
2.3875635453360315 171.33333333333334 2.3645835214245174 0.993494693439726 0.9961883960453262
2.3934325850928615 171.66666666666666 2.370364796119868 0.9906378580712288 0.9962650862346103
2.3976728817109896 173.66666666666666 2.374056595483758 0.989443877459725 0.9962095843656013
2.400087839492401 170.33333333333334 2.376089849406078 0.9885179428734998 0.9961643836527901
2.4020274699576296 175.33333333333334 2.3775754496240125 0.988123197964587 0.9961141943346703
2.404353097464293 172.33333333333334 2.3791468147275254 0.9885546328648274 0.9960047780170298
2.405842670472498 175.0 2.3796967619742735 0.9889197951193055 0.9958131781641244
2.4086649800712157 171.0 2.38214159089018 0.9880552862471395 0.9958396760076869
2.411999936946541 172.33333333333334 2.384548750049604 0.9864043230654035 0.9957404257456239
2.413332337216987 171.0 2.385383543299582 0.9858347336340522 0.9955979197440269
2.415356943265595 175.33333333333334 2.386384115077378 0.9851250573412449 0.9954343199260245
2.416742832033988 172.66666666666666 2.3868124927212486 0.984488802643934 0.995189222154441
2.417317649177305 172.66666666666666 2.386871945244218 0.9840838203878626 0.9951844847530629
2.4204364820929785 173.0 2.3866639386276316 0.9809736038037643 0.9946217281706119
2.4214792662817812 171.66666666666666 2.3863571544110207 0.9796636486675558 0.9943835734569078
2.422214332520025 171.66666666666666 2.3859407549760463 0.9788133408232235 0.9941841479811505
2.423613476103495 170.0 2.386152484117745 0.9774182037169573 0.9939743396076212
2.4258835693413086 171.66666666666666 2.386831665989164 0.9757717552002584 0.9936934397039645
2.428016952700495 172.66666666666666 2.387552637535326 0.9733807196753174 0.9933918747594053
2.429954855772903 171.66666666666666 2.388155296451154 0.9719467348101745 0.9932045055107422
2.431153234832336 170.33333333333334 2.3880916155505822 0.972426400702427 0.9929736753827891
2.432733462687091 172.66666666666666 2.3876438017652393 0.9706997883061509 0.992560989142039
2.4334220981554298 172.33333333333334 2.387357408360683 0.969900708252033 0.992415860472612
2.434180486278141 173.33333333333334 2.3856758458384064 0.9703052147549501 0.9919601110962534
2.4340627678655125 170.66666666666666 2.384338031822505 0.9719170847293924 0.9917800056336812
2.4344721575825115 169.66666666666666 2.383798104315205 0.9718092677415405 0.9916130827885147
2.435735711081436 170.0 2.382976527845093 0.9712817954417602 0.9912644676421025
2.4362346055560913 171.0 2.3815974246133202 0.972249461133973 0.9908416383175767
2.4368768471941307 175.0 2.3805597308770574 0.972017151445861 0.9904996741875024
2.438178327194444 171.0 2.3800289981820097 0.9711001023536338 0.9901856674547577
2.439744460207991 171.0 2.378941944942973 0.9688819328496252 0.989674127396293
2.440115383306804 173.0 2.378055757435839 0.9687536135993985 0.9894363423410066
2.440976718988349 171.33333333333334 2.3760900919536776 0.9674597210957703 0.988920503913347
2.442371299337978 175.0 2.3737259820577075 0.9664637755171498 0.9882030043430926
2.4431012555045886 171.33333333333334 2.3719648698538145 0.9648306254760021 0.987708102392497
2.443347046531087 173.66666666666666 2.3706261082203426 0.9642306770670174 0.9874278021841404
2.4430609443690323 176.66666666666666 2.3681745002304417 0.9651811115275882 0.9870193485237985
2.441850054512825 173.0 2.3641669954507623 0.9673230035089988 0.9864729076601214
2.440215264809882 173.66666666666666 2.360664489283975 0.9698603961351713 0.9861065377165121
2.4381547847088325 173.33333333333334 2.356975040718918 0.9730921516590939 0.98578865153892
2.4354009454440404 174.66666666666666 2.3521087652144845 0.9774536909681726 0.9853462434295257
2.4336494306557808 172.33333333333334 2.34900353690425 0.9802775115151694 0.985108095921748
2.4318296879306387 172.33333333333334 2.3446890842586092 0.9832183818990814 0.9845805588094317
2.4299617427384046 174.66666666666666 2.3414976686453572 0.9848003079844384 0.9843222378239123
2.4292175103239937 174.66666666666666 2.3398974513216286 0.985893953524086 0.9841806319423048
2.4274900796301844 172.33333333333334 2.3363497318004987 0.9876759565071954 0.9838218929862965
2.426924339233881 176.33333333333334 2.3347556590120155 0.987955687037829 0.9836194073162555
2.4268025906913517 174.33333333333334 2.3316887546927854 0.9871215687126862 0.9830348783263161
2.427173612659915 173.66666666666666 2.329644283356 0.9859763069089842 0.9825666389102247
2.4271685772811784 173.66666666666666 2.328456276971227 0.9858841873756842 0.9823262251869884
2.4272246976490743 177.33333333333334 2.326194970503118 0.9861482081315066 0.9818306952400488
2.426801561787868 172.66666666666666 2.3240041518318537 0.9863575851672801 0.9814867917702031
2.427674767320445 175.0 2.322792944443431 0.985209334230227 0.9811067531196679
2.4286139267250335 174.66666666666666 2.3218123529594648 0.9848502582130154 0.9806972758425082
2.4287320184211585 176.0 2.31945650231003 0.9857398348820939 0.9802295625531422
2.4284772295911385 174.66666666666666 2.3174377578636243 0.9864650509689029 0.9798515540160443
2.4274107109949075 172.66666666666666 2.3142305357164545 0.9888713062746202 0.9794621380721468
2.4260538586972085 171.0 2.310778363647515 0.9907693678893963 0.9790348605649588
2.426209729296001 171.33333333333334 2.3098377307341598 0.9911602328718385 0.9787869889118983
2.425365656209298 171.66666666666666 2.3072627021300423 0.9914429512609402 0.9784301421694036
2.425334825624893 176.0 2.304771054286887 0.9911793127459101 0.9779337025704856
2.425098387180922 178.0 2.3034550402672243 0.9913467817376063 0.9777563724472121
2.424284982269857 178.0 2.300642647416293 0.9922402169219162 0.9773318266217954
2.423477003954999 172.33333333333334 2.298664022590972 0.9934401384331157 0.9770974847470978
2.4229879880069083 171.66666666666666 2.296743588842497 0.993995339726491 0.9767731336134847
2.4233631249926906 175.33333333333334 2.294928090589449 0.9942134968629013 0.9763640925284481
2.4237176382912313 175.33333333333334 2.2935566250052957 0.9945599102851751 0.9760072233443314
2.4244177439665533 175.66666666666666 2.291839290469268 0.9941253685540515 0.9755026851255625
2.42513352223272 173.0 2.291224996178913 0.9944816394965313 0.9752613974601455
2.4268088356012103 174.0 2.290872172251959 0.994535806170805 0.9748567162904603
2.4302390724835155 173.0 2.2905878971667137 0.9940469157579574 0.9740944996805457
2.4331566667844986 173.33333333333334 2.2907591010625423 0.9938411417069503 0.9735327086911485
2.4356965814840907 176.33333333333334 2.2909338788825613 0.9940850744732064 0.9731035015946765
2.4386876204806063 171.33333333333334 2.291363130163619 0.9938670056238375 0.9725977951985567
2.4433098358210885 173.0 2.292319988801929 0.9933182683656339 0.9718285949896962
2.448321509601052 171.66666666666666 2.2937334085983405 0.9926633447639852 0.9711269616012755
2.450636427800695 170.0 2.294348748954295 0.9929304970575611 0.9708312745441001
2.4547707064596316 171.66666666666666 2.2953690361825334 0.9938239242546394 0.9702229852067761
2.455702675714273 173.66666666666666 2.2954992236930183 0.9940510347821202 0.9699641659099224
2.463721845751987 172.33333333333334 2.297737815178462 0.995423106929592 0.9689262552658268
2.46651617689415 174.0 2.298716333853349 0.9952614105360904 0.9685688466051955
2.4737311157905104 173.33333333333334 2.301179989029879 0.9938491337680361 0.9676185365727644
2.477022243743521 175.0 2.302749643474824 0.9928949239956046 0.9673172697245046
2.484916356546019 173.66666666666666 2.3056009608649037 0.9920881316525436 0.9663395533406915
2.4875541157979897 173.66666666666666 2.3064277759519665 0.9922028933052922 0.9659882949284895
2.4928878620381307 171.66666666666666 2.3081700563082874 0.9928762258525373 0.965286279485184
2.4957073422250313 176.0 2.309059246715663 0.9928091470015681 0.9648711922485063
2.503209834360085 173.0 2.3114619133458274 0.9916317563991367 0.9639304869137048
2.5086003808990514 172.33333333333334 2.312848516830597 0.9912856065148473 0.9631528301929667
2.5109064930502725 172.33333333333334 2.313368448777879 0.9913979895660846 0.9627997095368157
2.515579571795548 170.33333333333334 2.3145234388839655 0.9916224996892707 0.9621146903153296
5.4269794097206585 173.0 4.2269872663165495 -0.7655946237774005 0.8394860921693539
5.4275370389442905 173.33333333333334 4.223991986689706 -0.7748751906298176 0.8389618550238328
5.4269566545537 171.33333333333334 4.226888658152051 -0.7650929492161608 0.839512953251382
5.427047712655683 168.0 4.228212165558475 -0.7760495561840369 0.8396875626737916
5.426946130776762 168.33333333333334 4.227029006170744 -0.7656617535574937 0.8395291824436486
5.427132044066497 170.66666666666666 4.228218670531945 -0.7774183969035796 0.839673096715801
5.426978800938087 173.66666666666666 4.227163024443316 -0.7653056090477305 0.8395489378539382
5.426873068931798 167.0 4.227620341771912 -0.7724108128654606 0.8395889303361203
5.426947847788538 168.66666666666666 4.227060910858167 -0.7649212272595309 0.8395094030799047
5.427121881921028 172.0 4.228418593268569 -0.7773238693621239 0.8396717400555802
5.42697304353508 172.0 4.227145568474311 -0.7654324896056793 0.8395118777163577
5.427122974139263 167.0 4.228189084854653 -0.7773946741876239 0.8396325186788156
5.427002208761156 165.0 4.227851070842708 -0.7744434057988884 0.8396035205389707
5.426959195038861 166.66666666666666 4.226960434492572 -0.765234604373749 0.8394814149596236
5.427123491100565 170.0 4.228258393900068 -0.777672028860755 0.8396792639482961
5.426952497133205 170.66666666666666 4.227013867187121 -0.7656817106579704 0.8394938673459078
5.427499760601152 172.33333333333334 4.223128665852039 -0.7660758974067745 0.8388070305776761
5.427098442319617 168.0 4.228186836834191 -0.7773179018005998 0.8396386538728615
5.427077688360941 169.66666666666666 4.227994488089084 -0.7763569197052356 0.839607813206212
5.4269689612150875 168.66666666666666 4.226918381749751 -0.7657968798610113 0.8394744883821278
5.42716208271727 168.66666666666666 4.22832649631013 -0.7784506718607266 0.8396886388224466
5.427051133127322 170.0 4.227113448830211 -0.7666862072631372 0.8394906173499126
5.427019283462021 176.33333333333334 4.226942844231703 -0.766097326809958 0.8394753783680127
5.4262063395053355 165.66666666666666 4.225628015434227 -0.7669366639951355 0.8393888607174026
5.426237760683968 168.33333333333334 4.225729792651331 -0.767956102328447 0.8393964227849865
5.426250009866429 166.33333333333334 4.225722381083117 -0.7681175490066698 0.8394308006802127
5.426288152310763 168.0 4.225757025767737 -0.7684203983233251 0.8393895675838636
5.278136378948998 168.66666666666666 4.175266110788866 0.7368695813401055 0.849827425362749
5.275246332291308 168.66666666666666 4.172143222705922 0.7560289674078721 0.8497369088265054
5.277681507499607 169.0 4.174756070132325 0.7419145352849359 0.8498116399309467
5.277735388267999 169.0 4.174907296712634 0.741139755702505 0.8498714351568338
5.2779724919844275 166.33333333333334 4.170972373051521 0.7430977922772309 0.8492023540479584
5.27769453015522 170.33333333333334 4.174742252604935 0.7417730436773126 0.8498085666716266
5.277560438862427 168.33333333333334 4.1745881884216836 0.7426026124829908 0.8497976241096176
5.278188526661744 168.66666666666666 4.171092995268123 0.742068540980773 0.8491547634642198
5.277590024204828 171.33333333333334 4.174682857812416 0.742481997251891 0.8498493065795745
5.277589247982321 171.33333333333334 4.174430780128672 0.742309687860698 0.849768644670678
5.277587957697502 166.66666666666666 4.174755780208877 0.7420851072062826 0.8498622431436268
5.275895911295337 167.0 4.172797376535776 0.7508187799033268 0.849752580675365
5.27805838712176 167.0 4.171068248491357 0.7427283358119696 0.8491616486469868
5.275917128562038 167.0 4.172710606512333 0.7512271016183544 0.8497318285442766
5.277677980310108 166.66666666666666 4.1747338236554885 0.7419056661393199 0.8498105992982405
5.277578292851196 168.0 4.174638513332066 0.7423103549249922 0.8498474959915223
5.2775959333587545 169.33333333333334 4.1748181633235575 0.7422127797123801 0.8498325066794895
5.277658793619641 169.66666666666666 4.174725016101357 0.7419091422605135 0.8498060102363785
5.27758668661985 167.0 4.174654982791673 0.7422787454260766 0.8497948972850201
5.277601969976801 166.33333333333334 4.174583971833094 0.7421366402694332 0.8497766077435268
5.2752438100684 168.33333333333334 4.172145028551853 0.7557916889847316 0.8497139021881941
5.275293750468349 167.0 4.172186917040939 0.7554934307900196 0.8497219071162808
5.275176904472842 166.66666666666666 4.171973921289821 0.7564408827221735 0.8497480950980808
5.2752471022998675 168.33333333333334 4.172042339539627 0.7561446696261979 0.849781064397286
5.275315675123491 168.66666666666666 4.172106097834515 0.755762178467675 0.8497220535653799
5.275145198095234 170.33333333333334 4.171891099457934 0.7566865268421218 0.8497078877602382
5.275200053319762 168.66666666666666 4.171942994012084 0.7564698170092258 0.8497101889116272
5.275270266119158 172.0 4.172082048108452 0.7558606319980828 0.8497236474943676
5.275767748906468 169.66666666666666 4.1726920890472945 0.7518743521229359 0.8497878772850912
5.274998521151857 169.66666666666666 4.171901640907877 0.7575928874635114 0.8497371092940769
5.278109995420632 167.0 4.17117183995218 0.7409220472254218 0.8491735569735844
5.277581257823216 169.33333333333334 4.174649146392527 0.7419986158804386 0.8498493639770924
5.275177494452066 173.0 4.171933157024875 0.7566370824961847 0.8497139008889875
5.275695529550896 169.33333333333334 4.1683846666555935 0.756616410279841 0.8491113277721765
5.275283618366407 172.0 4.172111073640408 0.7556729107604732 0.8497665893379671
5.275220023391172 170.33333333333334 4.171965167217976 0.7560560400285016 0.8497081514796883
5.2751647807063256 170.66666666666666 4.172044084571475 0.7563451087538416 0.849772714263429
5.275262510736702 177.0 4.172081151802656 0.7561098127412272 0.8497667531759262
5.275894198449849 173.33333333333334 4.168613142912161 0.7553763759346102 0.8491175578459406
5.277610672165257 170.33333333333334 4.174699160276406 0.7416326679472967 0.8498125369331385
5.277543169818618 169.0 4.17468557293056 0.742155696257398 0.8498188220246148
5.275138031542785 172.0 4.172002560803833 0.7566016002254881 0.8497231533181183
5.275345408686453 174.66666666666666 4.172248289404737 0.7553004852295316 0.8497968484001748
5.275210031875048 171.33333333333334 4.172122042317807 0.756165680518696 0.8497746194457513
5.275276378518193 172.0 4.171974220990733 0.75597490545203 0.8497415254309015
5.275294634961176 172.66666666666666 4.172048127323965 0.7560659133876296 0.8497521008310789
5.27519928367722 169.0 4.172043489767018 0.7560342289010898 0.8497224644564514
5.27509556657898 174.66666666666666 4.171996781846518 0.7536957282044022 0.8497294768691825
5.276067163329596 172.0 4.173098356236153 0.7474450365142034 0.8497875698178549
5.276078411582697 172.0 4.173104242713607 0.7474541788422732 0.8497669724408118
5.275959404209609 173.66666666666666 4.173019203217163 0.7481342289991677 0.8497687292828243
2.4663927646695645 172.66666666666666 2.266491799649856 0.9968280820297831 0.96201562535386
2.464617757732982 177.66666666666666 2.2675044391018817 0.9966905624444489 0.9625815342781218
2.4627932280885787 170.33333333333334 2.2684430458885365 0.9963549233000482 0.9631442710160871
2.461163270186159 172.66666666666666 2.2689121998389754 0.9963474873226721 0.9636073858411086
2.4595331948403727 168.66666666666666 2.2695574154330393 0.9966167533382339 0.9640078435814585
2.45802426362106 172.33333333333334 2.2701300814515077 0.9966711997232273 0.9644719291217934
2.456447350194808 171.0 2.270646289774123 0.9967326583191861 0.9648869686108816
2.4542873864303782 173.66666666666666 2.270669073550527 0.9969183026300982 0.9652696811240463
2.4526130260712646 172.33333333333334 2.2711017650091843 0.9969072655917501 0.9656914917645488
2.450283649824096 171.0 2.272138418057486 0.9966937288502291 0.9664061579149638
2.448408862677681 173.33333333333334 2.272996360392912 0.9965949901883078 0.9669497937269296
2.4473969180138813 174.66666666666666 2.273506903561541 0.9966627830866538 0.9672520197598498
2.4464284177485554 170.0 2.27430960675874 0.9966159142768467 0.967534487748082
2.444623888929718 171.0 2.275468658539145 0.9968548788486492 0.968129887700364
2.442675116998595 172.33333333333334 2.276217399701388 0.9972767890971777 0.9687227526011818
2.4394210051825214 173.66666666666666 2.2764725944006154 0.9974801205399269 0.9694112460357227
2.436116309624589 171.66666666666666 2.276772407509019 0.9979620636865933 0.9701190959227256
2.4322352529586926 172.33333333333334 2.2768309747809674 0.9986857369064716 0.9708474595563221
2.4302643257279066 174.66666666666666 2.2767188961992533 0.9987303370080712 0.97125613497684
2.4275040012028675 175.66666666666666 2.2768527895762474 0.9988822328869927 0.9717930166196662
2.4243246047206637 175.0 2.27719865591277 0.999009637814356 0.9725263340812824
2.422387065110615 170.66666666666666 2.2778246978645496 0.9989705127787369 0.9730293152369106
2.420405441402842 174.66666666666666 2.278269496591729 0.9987486287520244 0.9735122169582154
2.417120698853597 170.66666666666666 2.2788936891027234 0.9986186749610323 0.9742961391863428
2.4157678104580897 176.33333333333334 2.2789929449247928 0.998567841543545 0.9745719483143797
2.412827216515642 174.66666666666666 2.279114618547259 0.9984345780616612 0.975173218132541
2.4107331914324988 171.0 2.2791789634299766 0.9983863190623425 0.9755599310000955
2.408657009903856 173.66666666666666 2.280199393177378 0.9985817605831914 0.9761775521578794
2.406952274334264 173.66666666666666 2.2805816399390575 0.9984428671956239 0.9765875594946943
2.4053889281250216 172.33333333333334 2.2810874259828116 0.9986257110140955 0.9770385861269509
2.4037934574718167 173.66666666666666 2.281521412477195 0.998719291268874 0.9773934862684671
2.4023443975832874 175.66666666666666 2.282542218447947 0.9986910082997931 0.9779217566406019
2.4015375396668435 178.0 2.2835074195745455 0.9987338432362246 0.9782738797257339
2.400781836686183 174.66666666666666 2.2845949520259836 0.998902518551929 0.9786188925041911
2.3994559778040836 178.0 2.2855187958724215 0.9989064521736634 0.9790462858024298
2.398491251901612 173.0 2.286246736263752 0.9989219547935841 0.9793830389369238
2.3969289216139815 176.33333333333334 2.286933054135658 0.9988015207348951 0.9798538029537387
2.3960045852948295 173.66666666666666 2.2871500228278228 0.9987104076695382 0.9800784648409657
2.3940148437145696 172.66666666666666 2.2874896221650345 0.9984800405734249 0.9805056566792931
2.3923686839542944 175.66666666666666 2.2875902120463976 0.9981908786319539 0.9808190457873156
2.3916472846737906 175.0 2.287939957318909 0.9980827290523604 0.981080294518414
2.390053789631897 174.33333333333334 2.2893070255472394 0.9980714431564744 0.981683883182089
2.3897334577902773 175.66666666666666 2.2899826152837957 0.9980190214075966 0.9818424814518124
2.389370782532409 176.33333333333334 2.2910620815363902 0.998142776085621 0.9821273440562541
2.3892211847918037 174.33333333333334 2.2928269709814098 0.9982509068709795 0.9825413555659831
2.3892098693930657 174.66666666666666 2.2945420604924096 0.9984080419302855 0.9828911115389879
2.389288998534946 175.66666666666666 2.295436748517381 0.9984170428194508 0.9830170051853082
2.3894398418044394 178.33333333333334 2.2976571547794515 0.9986544862407927 0.9834589964210635
2.389854142102158 176.0 2.298412083096035 0.9986100160067201 0.9835133699150733
2.3896337080741867 174.33333333333334 2.3002116528741188 0.9986530144388606 0.9839323812109418
2.3898608389939535 174.66666666666666 2.3017391165896877 0.9985611043532825 0.9841972585557489
2.3899042854661743 174.33333333333334 2.3034566455476373 0.9986213792793578 0.9845255592661858
2.390223979361818 174.33333333333334 2.3062391535605453 0.9980976153866318 0.984984152213704
2.390603833174963 173.66666666666666 2.3076736136253233 0.9976613254925206 0.9852252963099166
2.390594067456967 173.33333333333334 2.309167723664084 0.9971283016989189 0.9855238974667785
2.3898555400064105 176.0 2.309722074772195 0.9966175935079875 0.9857479404221916
2.388863107472818 175.0 2.310008450599931 0.9960858612222765 0.9859879447861429
2.387374693784293 176.0 2.3106488866163923 0.9955400593219037 0.9864473439258165
2.386806697556199 173.66666666666666 2.310913501012473 0.9954610170533483 0.9865775451504346
2.3855675412412114 177.33333333333334 2.311260199837472 0.9947841787539725 0.9869227972563095
2.384880081620641 171.66666666666666 2.3117188890695157 0.9944213299402708 0.9871194037915187
2.384603723201796 178.66666666666666 2.31240243316929 0.993941687897731 0.9873024124326748
2.383893388455317 178.0 2.31314039608083 0.9932426359304256 0.9875908071847552
2.3829800311265203 177.66666666666666 2.3134373342987726 0.9933570482899472 0.9878499366805331
2.381913259986645 174.66666666666666 2.3134905086303803 0.9930947319777006 0.9880707130305691
2.381273946558924 175.33333333333334 2.313588047190098 0.9928164860487056 0.9881866057151358
2.37983704660909 177.66666666666666 2.3140344479854886 0.9926010678343349 0.9885765584812761
2.3786015154190885 175.0 2.3140486474747584 0.9925555435000856 0.9887894250131966
2.377198099678751 178.33333333333334 2.3140047633218193 0.9930213959962785 0.9890789826604509
2.3755705246370713 171.66666666666666 2.3142610409706594 0.993436319620947 0.9894438985376228
2.3749003943117954 172.66666666666666 2.3148040684629905 0.9931502524995511 0.9896769613976025
2.3748241689248246 174.66666666666666 2.3163012330117354 0.992605520345482 0.9899880368143668
2.3751930589316803 176.33333333333334 2.31774889730802 0.9917431234509881 0.9901861561382015
2.3757043506600675 174.33333333333334 2.3193649734173194 0.9908933601497014 0.9904361471370338
2.3765825656240565 173.66666666666666 2.321736728303578 0.9899197023882547 0.9907262163340705
2.37741588492919 179.66666666666666 2.323648306974156 0.9888581515063907 0.9909312744826305
2.3782879131118597 176.66666666666666 2.325929917601345 0.9875518675488822 0.9911848926724599
2.378395829176568 173.33333333333334 2.3263300929591626 0.9869354778398968 0.9912612644466792
2.378662152786174 176.33333333333334 2.328500578567948 0.9868190086624636 0.9916239840389568
2.3787409098436925 173.66666666666666 2.3295957909843783 0.9864676273430516 0.9917985551185906
2.3793129061978 177.0 2.3308666937337197 0.9850300664086193 0.991927615427046
2.3787731064708724 179.0 2.3317703992392937 0.984735518857674 0.9922266302354505
2.3785781736029517 177.66666666666666 2.331908575187967 0.9846155164841284 0.9922912236282565
2.3773802920870484 175.0 2.3323875576752764 0.9830608985412603 0.9926036781347362
2.377160047796168 172.66666666666666 2.33301161084405 0.9824148396915802 0.9927634133276941
2.3771385135580245 173.33333333333334 2.3337279820172006 0.9811969241787564 0.9929020898351824
2.3772983198958557 179.33333333333334 2.3345720174953914 0.9794802631072642 0.9930291952047452
2.3780367076852 175.33333333333334 2.3358828213902094 0.9775116709822392 0.9931003511599589
2.3782011993035206 172.66666666666666 2.3372422667729413 0.9757593388046173 0.9933818356633074
2.37879930572369 174.66666666666666 2.3385658153467017 0.9733642010524579 0.993501365326642
2.379017572223066 178.33333333333334 2.339796216637034 0.9702629089727195 0.9936589456080712
2.37913201158747 175.33333333333334 2.3403303661222683 0.9695446263765942 0.9937321980647649
2.378292278944375 175.0 2.340616294891697 0.9688023058200631 0.9939380989267924
2.3771602334544832 177.0 2.3408379831097132 0.9687561565476903 0.9942150568973814
2.3763252844235203 177.0 2.3408544730412126 0.9683146929012855 0.9943721244894764
2.3752141492015015 174.66666666666666 2.340631467279882 0.9683871954541479 0.9945224483196056
2.373037778680062 176.0 2.3399153141495304 0.9690730176933369 0.9947860665257912
2.372336461242551 176.0 2.3397860514652953 0.9690693940775886 0.9948417221970454
2.37098606232869 178.0 2.3395759970629606 0.9687570888802216 0.99505982742079
2.3697961000172367 179.66666666666666 2.3392462148703914 0.9691258666675489 0.9952198822295861
2.368693288575135 178.66666666666666 2.3391235792394256 0.9704505948765652 0.9953951396512329
2.3680948370387735 175.33333333333334 2.33889949613817 0.9707171276282742 0.9954281451535656
2.3669969561538577 176.66666666666666 2.3389178403823587 0.9708558973125626 0.9956213795034086
2.3662743769428616 178.33333333333334 2.339061245879228 0.9713281656101179 0.9957717863764612
2.3652857999106174 177.33333333333334 2.3393964745897198 0.9718899312224867 0.9960341555531766
2.3644251003255823 171.0 2.339526386208096 0.9723638689378237 0.9962052582763323
2.3633520480096952 178.0 2.3393875817039445 0.9736320654279088 0.9963644594325045
2.362158121310263 175.66666666666666 2.3387876845832483 0.9752140837305024 0.9964801070347462
2.3607291376274886 178.0 2.3378315115822743 0.9768651227175794 0.9965535450557494
2.3595334292302663 178.33333333333334 2.3371710809458524 0.978059490237034 0.9966396277002618
2.3591103851878534 174.33333333333334 2.337169361863755 0.978841141680401 0.9967094666609175
2.3590178974643896 170.33333333333334 2.3372101727971026 0.978889768851101 0.9967300573044438
2.363129633856882 173.66666666666666 2.343409192223762 0.9795631233893838 0.9970282006243819
2.363849003420229 175.0 2.3451521952831134 0.9801067978360473 0.9972227824359108
2.3641450234382284 173.66666666666666 2.3455144476005567 0.979696370317304 0.9972325083601382
2.3656778179635993 173.66666666666666 2.3474701576189236 0.9802388523291378 0.9972919852590423
2.3680798935056924 177.33333333333334 2.35029153383143 0.9804395832812038 0.9973489823394861
2.370069745275315 175.0 2.351962042239793 0.9791497175283639 0.9972543834011443
2.370783548169599 175.66666666666666 2.353238519208549 0.9792450093951035 0.9973744130352348
2.371413411835504 175.66666666666666 2.354271112109996 0.9798778799725409 0.9974325475637967
2.3712721795309726 175.66666666666666 2.3540359758765947 0.9824945758642736 0.9973694564246901
2.370222577365944 175.33333333333334 2.3535295819615176 0.9843484087602131 0.9974754263702678
2.3696166899062088 173.66666666666666 2.352545551463278 0.9855959261830899 0.9973684862954248
2.367571711645245 177.0 2.3510693804143203 0.9877747213158853 0.9974768295273625
2.366309887060809 175.66666666666666 2.34997937851138 0.9895979898348923 0.9974843081362034
2.36577946778215 175.66666666666666 2.3496930809283207 0.9905867697821256 0.9975151072714235
2.366046632252171 175.66666666666666 2.350123513718041 0.9901830587686108 0.9975282261836251
2.3665633605027376 177.0 2.3507206230102864 0.989470259553164 0.997527530789146
2.3672529732422403 178.33333333333334 2.3517074142051246 0.9883352766697663 0.9975625894390686
2.366486140774272 174.66666666666666 2.3513460958840735 0.9896478889831384 0.9976108894938112
2.3646250919522642 177.0 2.3497092265985184 0.9912261611065992 0.9976166032949673
2.3632246014717704 177.0 2.348384902963229 0.9919687258456719 0.997636518829636
2.361802016731957 174.0 2.346926521769127 0.9921053147423576 0.9976079638971429
2.358806828128302 174.33333333333334 2.3440835601721504 0.9927903384965733 0.9976121100978106
2.356997767194468 175.66666666666666 2.3424342901964175 0.9935224873185985 0.9976264336319892
2.35578343466706 177.0 2.341239457949414 0.993100963677556 0.997618288446657
2.354325909083301 176.0 2.339831524258194 0.9933915264370642 0.9976150812733908
2.352454827582928 177.0 2.3379766031380598 0.9940085042878192 0.9976065271588543
2.3504095740901434 171.0 2.335478923795052 0.9949041998262355 0.9974900482916371
2.3484233825128804 176.33333333333334 2.333884007508374 0.9952992131943585 0.9975643875584107
2.3473209028540385 174.0 2.3322700470372224 0.995304919501152 0.9974329670604014
2.3449795490109637 176.66666666666666 2.330370161330289 0.9963023933157594 0.997524537414066
2.3438444576606914 173.33333333333334 2.329207658431643 0.9962363729334945 0.9975230381843504
2.3438625725473057 177.0 2.3292937086090277 0.9961621004485839 0.9975218374685273
2.3439706125548785 175.0 2.32950177383196 0.996119586332678 0.9975482156345766
2.3434173853294396 177.0 2.329051024757434 0.9964352057081006 0.997564082703943
2.3426574368939312 173.0 2.3283641330805485 0.9966145131664356 0.9975767395464029
2.342087889532755 173.33333333333334 2.3278809729145458 0.9965954212906795 0.9975885809939482
2.3413595869524966 176.66666666666666 2.32721188000878 0.9962724107805181 0.9975883153998373
2.340139893771975 175.0 2.326063654090068 0.99639292198219 0.9976148416482409
2.338933363092978 177.0 2.3249832235635637 0.9968568243548419 0.997624940506191
2.338777784992104 172.33333333333334 2.324972390262731 0.9969608137167804 0.9976512600588295
2.3387853756382553 177.0 2.3251281599331852 0.9968732531415264 0.9976803590594518
2.338467743066681 178.66666666666666 2.3249371282885534 0.9972945941522142 0.997696560138603
2.3382436146045387 173.33333333333334 2.3248114158057636 0.9977372652934775 0.9977183114063034
2.3382327937502465 174.33333333333334 2.3248736702046098 0.9980304493399667 0.9977124405546175
2.3382545441279703 179.33333333333334 2.3249070143721795 0.998257243708349 0.9977019239900141
2.3381861530397527 177.33333333333334 2.3248186139048315 0.9984807500647246 0.9976929149097481
2.33784485460078 173.33333333333334 2.324465249971838 0.9988501068495701 0.9976709700310747
2.338018704679116 179.33333333333334 2.3246678981048947 0.998946472749502 0.9976629420636114
2.3381472818745888 178.66666666666666 2.3247887095121738 0.9989334944110836 0.9976763827658157
2.3387064673208835 175.0 2.325430841250194 0.9989507873914043 0.9976584990616946
2.3391035596534895 173.33333333333334 2.32588906467368 0.999051999489132 0.9976674638441619
2.3393531484054453 177.0 2.326241129823138 0.9990873548332033 0.9977332083414702
2.3394580430388983 173.0 2.3264350669974134 0.9990571013827186 0.9977293847571828
2.3394011549022924 176.66666666666666 2.326463879965482 0.9990833668112328 0.9977519562700182
2.339100275084658 175.33333333333334 2.3262597130422757 0.9992421519120259 0.9977660951126358
2.338981899215852 180.33333333333334 2.326214171163278 0.9992541554737688 0.9977845083266063
2.3390651901833226 170.33333333333334 2.3263972439287137 0.9992007113052429 0.9978041316346343
2.339504174843712 172.33333333333334 2.3269596221259934 0.9991918435533075 0.9978524365694451
2.3405108411574114 172.33333333333334 2.327781136137531 0.9991385690884893 0.9977784665066617
2.3406202051930767 176.66666666666666 2.3283466433308933 0.9991488865945981 0.9979112637660477
2.3413045380732673 175.0 2.3291418378299507 0.9990760520149832 0.9979121156003934
2.341950945434937 175.0 2.329532416142488 0.9991421124459977 0.997870794140189
2.3423065212705123 173.0 2.330320162099082 0.9990810010351292 0.9979732311658297
2.3426305078282863 178.33333333333334 2.330739183842399 0.9988028182122876 0.9979739922012131
2.3430781605980306 177.0 2.330876139147944 0.998776385393638 0.9978984925836155
2.3428694441016176 174.0 2.330747215152744 0.998668582461442 0.9979159855355831
2.341471283034488 175.33333333333334 2.329797186577902 0.9987292273341014 0.9980442491070555
2.3405063493453167 172.33333333333334 2.328836053044629 0.998726856335351 0.9980498712306287
2.339780487084382 177.33333333333334 2.3281065079245677 0.9989335249088072 0.9980517919516566
2.3391118161999227 178.0 2.3274172187685065 0.9990285830381936 0.9980254703715106
2.338715642804058 176.66666666666666 2.3265288472415926 0.9991669987631235 0.9979413170248989
2.3378565444531842 175.33333333333334 2.325926198726872 0.9993629438941877 0.9979843946464955
2.3376434004774733 172.33333333333334 2.3256626381979983 0.9994396431858935 0.9979754156144132
2.3378588131257967 179.66666666666666 2.3258547612810956 0.9994694213474511 0.9979724656746831
2.33828573278735 177.0 2.3263298681516185 0.9995466264556317 0.9980039568814115
