2.328757991773459 176.0 0.9992305223616627 0.9997459925378902 0.9995999323616306
2.3285684256061896 178.33333333333334 0.9992010170755948 0.9998119832112612 0.9995279640887011
2.328548168007608 178.33333333333334 0.9991933754417776 0.9996692908679946 0.9995515822154045
2.3296057558262837 180.33333333333334 0.9991877346734869 0.9994243414850141 0.9995579457530259
2.3305348814811153 175.66666666666666 0.9992071427647361 0.9991702914667304 0.9995774327192107
2.330494390857074 177.0 0.9991795458092168 0.9991207450592736 0.999590309611533
2.330448126792039 178.33333333333334 0.9991744525733668 0.999082975529719 0.9995903798475917
2.3301655175937275 178.33333333333334 0.9991683843400665 0.9990546793559745 0.9995848849446675
2.3296296440945143 173.66666666666666 0.9991648703612181 0.9992299414169579 0.9995707538151831
2.329562382769112 177.33333333333334 0.9991589785974758 0.9992098501186708 0.9995601863077239
2.3302955576869673 177.66666666666666 0.9991615438954063 0.9991923371481005 0.9995634308101188
2.3313799628631138 178.66666666666666 0.9991542880409657 0.9990577919129298 0.9995628864462046
2.331845080396444 177.0 0.9991507938026634 0.9990396416911212 0.9995615028700093
2.3322113712441928 181.33333333333334 0.9991775380174909 0.9990583066048356 0.9996047009846915
2.3318391324409866 178.0 0.999149107980961 0.9991378365337998 0.9995554322314187
2.331798069098569 181.33333333333334 0.9991487357743912 0.9991970715840635 0.9995685957457926
2.331873542553627 181.0 0.999146142831603 0.9992121054618051 0.9995547960194845
2.3320546789877135 176.0 0.9991497678288024 0.9992656469987281 0.9995704319665535
2.3326867175297794 180.33333333333334 0.9991620416018479 0.9992923367575499 0.9995576650458757
2.33353355887778 176.0 0.9991730629349503 0.9991810070148143 0.9995640882966136
2.334203632916184 179.66666666666666 0.9991696171297206 0.9989610017984435 0.9995636130534209
2.3341331759884985 179.66666666666666 0.9991677235045983 0.9989647410234752 0.9995661522140362
2.333247265958968 174.66666666666666 0.9991644235727701 0.9992270178265317 0.9995761183121654
2.3325883285691567 176.66666666666666 0.9991622124116986 0.9993503777764254 0.9995787518878534
2.332211404741195 176.66666666666666 0.9991547379937625 0.9993459284813498 0.9995771291967326
2.3320836258174897 176.33333333333334 0.999144796936497 0.9992469413207561 0.9995806204254692
2.3321721184945634 178.66666666666666 0.9991361934172964 0.9991951083487713 0.9995699573085345
2.3323295344837387 173.66666666666666 0.999130261734823 0.9991754716717635 0.9995689999033477
2.3326982524183615 177.66666666666666 0.9991163734300648 0.9992376970995618 0.999562843750639
2.3323024917554864 176.33333333333334 0.9990937404016048 0.9990696253419923 0.9995548908905768
2.331727144324039 179.0 0.9990739672609684 0.9993983638213436 0.9995413212505916
2.331669688685617 174.66666666666666 0.9990565292761369 0.9993774993911576 0.9995348724098461
2.3318258926210405 176.0 0.999036921111348 0.9992301816023095 0.999536059041338
2.331867391601193 176.0 0.9990159272186901 0.9992649735314006 0.9995124630179882
2.331817287011439 174.33333333333334 0.9989978206775262 0.9992676290983838 0.9995141107550713
2.331870709316924 174.66666666666666 0.9989683540304305 0.9992129665544522 0.9995041379443608
2.332041451671057 175.66666666666666 0.9989392517805743 0.9993045121027206 0.9995014789178694
2.3322982289613106 176.66666666666666 0.9989174206151906 0.9992528364701952 0.9994969824616076
2.3336350860518342 176.66666666666666 0.9988575415677345 0.9989185601071564 0.999478503013256
2.334553192338482 178.0 0.9988109755730724 0.9986427537653298 0.9994608198517916
2.3354215248495884 178.66666666666666 0.9987631731901412 0.9985100760538996 0.9994387961300983
2.336190173531665 176.66666666666666 0.9986741018952072 0.9987675784423565 0.9993975799756106
2.3363572104006294 179.0 0.9985902733241355 0.9991135015483614 0.9993583618924565
2.3363777470719995 176.66666666666666 0.9985192671401775 0.9993011909364607 0.9993226333875909
2.336524303433823 181.0 0.9983423669470298 0.9994893281329701 0.999258182072835
2.3363045939856053 176.0 0.9981843600262187 0.9995031711298948 0.9992023084923517
2.335435168549337 179.66666666666666 0.9979615576399528 0.9996777254435765 0.9991192414350911
2.334517634062069 178.0 0.9977156304046905 0.9997681338314792 0.9990290794583673
2.334587930449118 179.66666666666666 0.9976381748463298 0.9996469971624091 0.999045017036828
2.335056524975662 178.0 0.9972530588298242 0.9992841344544361 0.9988901796853374
2.3368961418077268 176.33333333333334 0.9969288362990352 0.9993063132153746 0.9987799339440702
2.3385747309074967 179.66666666666666 0.9967195700756185 0.9986620103648329 0.9987674791795316
2.3399032580911214 181.0 0.9963512715767315 0.9987907169561036 0.9986385441035842
2.340490103430626 176.33333333333334 0.9960230949975716 0.9987622953202948 0.9985385798504316
2.3412054035824594 179.66666666666666 0.9956493341666734 0.9982471089930414 0.9984271002614421
2.341436909525273 180.66666666666666 0.9952205148414277 0.997498337494467 0.998297821305207
2.342139893891601 175.66666666666666 0.9947517983600692 0.9966845460785136 0.998151110739957
2.343464324863837 179.33333333333334 0.9942362551095565 0.9955369728747921 0.9980000444615363
2.34686404429878 171.66666666666666 0.993514685344648 0.9939443965591267 0.9977956874776702
2.349321697237577 179.33333333333334 0.9929446513303191 0.9917431028935692 0.9976327972766119
2.3519605765291933 173.33333333333334 0.9924315282128041 0.991351991891097 0.9974821120941106
2.3547787146721992 174.0 0.9917105292945769 0.9901349401696637 0.9972560120329536
2.3564820205705916 175.0 0.9913527232482635 0.9895743034588511 0.9971425337490661
2.360928574509848 179.66666666666666 0.9904401935544207 0.9880744691228697 0.9968783359760612
2.3633307364366845 176.33333333333334 0.989878056162946 0.9874477507619205 0.9967136036760269
2.365723532553523 176.33333333333334 0.9892983644769395 0.987153487547887 0.9965370501345278
2.367772513231911 173.33333333333334 0.9884352214605353 0.9848463356030376 0.9962799036201448
2.3689752865616236 178.33333333333334 0.9877969782302144 0.9830526310496 0.9960829298941946
2.3702524833251775 178.0 0.9871855241291709 0.9825178393378536 0.9958898423220931
2.371276703359007 178.0 0.9864874979543069 0.9803967135301918 0.9956754598739307
2.37344066107791 174.0 0.9855933050541179 0.979044377159761 0.9954088029752837
2.3761732112526244 177.66666666666666 0.9846577590328223 0.9774617539588379 0.9951297431910191
2.377503184397249 179.66666666666666 0.9841975434285523 0.9774506845587874 0.9949891596482425
2.380575107758819 172.33333333333334 0.9832240346620897 0.9770302415524215 0.9947028552402527
2.3825086107982534 175.66666666666666 0.9824366411001337 0.976362151537729 0.9944668900862019
2.385058441999385 172.33333333333334 0.9816387040894141 0.9764597850167921 0.9942319127660584
2.3890496278909454 174.66666666666666 0.9804974098069099 0.9764319921529294 0.9938942578110166
2.3925216865386183 172.33333333333334 0.9793212968157012 0.975293947220497 0.993483745847286
2.3969858232919203 173.33333333333334 0.9780747207858083 0.9743070506102719 0.9931247725919501
2.400194036448432 177.0 0.9771041607861466 0.9735111197902934 0.9928410937159611
2.403042199984734 175.33333333333334 0.976166559532235 0.9737410624735757 0.9925563607399294
2.4059015239299617 177.0 0.9752139202688858 0.9729361187356156 0.9922652184710103
2.4102251632247835 175.33333333333334 0.9739975718161553 0.9727359329011261 0.9918912140448898
2.4138859370081334 173.0 0.9731276581531169 0.9732308459359102 0.9916293303051086
2.4180304610051175 172.66666666666666 0.9725836567277271 0.9742004991001196 0.9915475250918344
2.424461020573854 174.66666666666666 0.9710589249072813 0.9746544646375582 0.991017440733458
2.431687847612773 174.66666666666666 0.9699317569115096 0.9754170693019745 0.9906834741301296
2.4369013757378593 173.33333333333334 0.9691821414867416 0.9778556282385826 0.9904585001538765
2.442494756811904 176.0 0.9684661153328674 0.9789291161023979 0.990249800654483
2.44823521322834 172.0 0.9682253891281041 0.9803069534564479 0.9902576614502643
2.4535705538853017 172.66666666666666 0.967763712772499 0.9809741741376954 0.990127607021004
2.4585648870242593 169.66666666666666 0.9671620477327617 0.984082768845924 0.9898368073804525
2.462311164322152 173.66666666666666 0.9670854094807864 0.985428627189457 0.9898199105103227
2.4659037678483906 169.66666666666666 0.9670327572169101 0.9858895011477213 0.9898019164770352
2.4690086053217666 174.66666666666666 0.9669780286643108 0.986600039928626 0.989803456220142
2.474283665125515 171.33333333333334 0.9669170435137133 0.9877543737528361 0.9898134215422266
2.476535302300603 173.33333333333334 0.9669069452190617 0.9877153800531913 0.98982264563194
2.4803984091927984 170.66666666666666 0.9669471163274191 0.987994838219421 0.9898504586562129
2.482871487210732 172.33333333333334 0.9669802007935254 0.9883863141929825 0.9898675110052931
2.4857157624144897 173.66666666666666 0.9669517256037147 0.9879787368564104 0.989879580968405
2.4870777174951693 174.66666666666666 0.9668797628817476 0.9879125746990669 0.9898622315514455
2.4876446554541203 175.0 0.9668537549155731 0.9880111214447238 0.9898711218823723
2.487834513298472 169.33333333333334 0.966839641011904 0.9883415232403105 0.9898680248065269
2.4881676241869797 174.66666666666666 0.966866632386401 0.9877883207892361 0.9898784482292754
2.488594394849284 172.66666666666666 0.9669874668854022 0.9868374988258619 0.9899246170138817
2.4889654430717933 172.66666666666666 0.9671243761886361 0.9850849119773883 0.9899653935595869
2.487831710001758 172.0 0.9672766794562936 0.9836161550202954 0.9900206381930361
2.4854425110360006 174.66666666666666 0.9673528665689334 0.9832014667510782 0.9900381904645185
2.4845584263370046 170.0 0.9673947458375978 0.9827037257471599 0.9900462376617125
2.483544493721048 172.33333333333334 0.9675487044985686 0.9811048498219457 0.9900884643272063
2.4828847982798115 172.33333333333334 0.9677307968087459 0.9804495872634531 0.9901346723149611
2.4826609086321536 175.66666666666666 0.9677843584980866 0.9799189978541573 0.9901480370140919
2.483090498247986 175.66666666666666 0.967808632118989 0.9779630364258388 0.9901611638518791
2.4831024518108067 174.33333333333334 0.9678226865203994 0.9763681472553525 0.9901459732673917
2.483073892829809 171.33333333333334 0.968170716392323 0.9755491911797673 0.9903378514809492
2.4829145861878272 169.33333333333334 0.9681733650419352 0.973897146217572 0.9903581980405969
2.4823043396814106 173.66666666666666 0.9678175556246558 0.9726000822571461 0.9901339044521515
2.481560288938164 172.33333333333334 0.9677289495511928 0.9719600163751659 0.9901624220719861
2.481635923265814 174.66666666666666 0.9676456374899804 0.9704057154263992 0.9900979838202156
2.4818733958330306 171.0 0.9674990329869599 0.9687189522545688 0.9900572210103438
2.4818815764929414 174.66666666666666 0.967605518007533 0.9680232307839552 0.9902343165688475
2.481989829789176 177.0 0.9670620626709935 0.9673831746463776 0.9899438121140396
2.482629054823146 173.66666666666666 0.9668915225126868 0.9666053978498984 0.9899118619155358
2.483953239051402 172.33333333333334 0.9667134521313826 0.9666310112212608 0.9898392351129897
2.4856165688847693 174.66666666666666 0.9666203686796498 0.9664446231773435 0.9898962402080129
2.487907265565643 174.66666666666666 0.9664820856673209 0.966955183975691 0.9897996537949529
2.489390236365852 170.0 0.9663462836754071 0.9674516998896282 0.9897115112074683
2.4904938567360344 173.66666666666666 0.9662723297156676 0.9694815686161762 0.9897785215952931
2.4919720885289296 171.66666666666666 0.9659565466420255 0.971339985760912 0.9896438045142931
2.493117775873763 172.66666666666666 0.9657901940976856 0.9717766520997381 0.9895710194558286
2.495460517131097 172.33333333333334 0.9652179775292121 0.971969801529178 0.9895028429907843
2.4962088167020293 172.66666666666666 0.9647904558741291 0.9731217942966415 0.9893820966757537
2.4969183388841714 171.33333333333334 0.9643371020918187 0.9742985675591663 0.989256845051545
2.4980726239827638 177.66666666666666 0.9639005924949149 0.9748107116123788 0.9891200710004473
2.4994693381540958 170.66666666666666 0.9634335277270496 0.9750523453173309 0.9889382162380058
2.501077803250143 170.33333333333334 0.962737509974759 0.9754629591654934 0.9887346622583655
2.502595058342055 173.0 0.9621139826665671 0.9755990850369335 0.9886415426131239
2.503947333036166 172.33333333333334 0.961457935013962 0.9761252424922323 0.9884506919171298
2.506011232826341 172.66666666666666 0.9605180715140611 0.9764663052327606 0.9881401770396423
2.508281065133838 169.33333333333334 0.9596794006724912 0.9756354362394969 0.9878879998726088
2.5109674472474834 174.66666666666666 0.9587750269076496 0.974426352240271 0.9876474965255726
2.5148802558728267 170.33333333333334 0.9579211110783177 0.9733570385281498 0.9876210303547905
2.5177369415726814 174.0 0.9564912345619645 0.9724624842742846 0.9871294431648587
2.520938833765464 173.33333333333334 0.9558274949318321 0.9717319533462973 0.9869969022524951
2.5246209510724094 169.66666666666666 0.9539317659431679 0.9719978930895794 0.9863746369119983
2.5272162599036028 174.33333333333334 0.9527123122872488 0.9729936407305461 0.9860273739747099
2.5299368421434343 169.66666666666666 0.9514494711042673 0.973344564439851 0.9856936744878317
2.532535697044135 172.33333333333334 0.9501065862505208 0.973441625251435 0.985385269097383
2.5348878943843176 170.66666666666666 0.9487919224204406 0.9768303518906372 0.9850670326727797
2.5372174409660215 172.33333333333334 0.9468673145369958 0.9775306528880857 0.9844806561199607
2.5412822926694227 171.0 0.9448064061866925 0.9746587662896272 0.9838236137700782
2.5437450659322116 171.33333333333334 0.9437255600140613 0.9727129997869397 0.9836354891065191
2.545443170655654 169.0 0.9416723966933467 0.9726840595953112 0.9830206878032944
2.5480274939885255 165.66666666666666 0.9394786991312282 0.969725552642566 0.9824072401979629
2.550078676255276 165.0 0.9378748353189527 0.9666402947421351 0.9819557568879431
2.551864414696027 165.33333333333334 0.9362210012545664 0.963553871238906 0.9814865461863646
2.5541233526825606 166.33333333333334 0.934011838199607 0.9597851131533522 0.9807668509596602
2.555863620216203 166.66666666666666 0.932524407748422 0.9575325788221384 0.9804492734265259
2.558266432180833 171.66666666666666 0.9310427169674009 0.9526413436814435 0.9800390646127916
2.5611501659529625 170.66666666666666 0.9291755738721951 0.9464807957293001 0.9794739482580851
2.563519654486529 169.0 0.9278829748853773 0.9429946524142667 0.9791346592781256
2.565891266204369 166.66666666666666 0.926692835864153 0.9395736158698349 0.9787581451888956
2.5690374037226067 172.33333333333334 0.9250511066787303 0.9345204520148274 0.9783125486267098
2.5709922469882573 169.33333333333334 0.9239094531831112 0.9334727436615728 0.9778960093460077
2.57491736705767 169.66666666666666 0.9223552409669648 0.9300387697559908 0.9775352798153731
2.578924358259563 168.0 0.9217721450845758 0.9259707899754951 0.9774812479982842
2.5828001270062653 166.0 0.9201102483091451 0.9224529074666326 0.9769041938357144
2.5876891962584243 166.33333333333334 0.9186082256819135 0.9180231558994444 0.9764488817080046
2.591278034772178 165.0 0.917429627868764 0.9146470850510158 0.9761421540399333
2.5947179359767136 161.33333333333334 0.9162378997636607 0.9118911343525862 0.9756861797393014
2.599616230200662 164.33333333333334 0.9146666693545441 0.9084671793045109 0.9753421442474947
2.6031099683665606 164.33333333333334 0.9135210487310118 0.9074957198134803 0.9750218512889
2.606963786749563 166.0 0.9123171330072454 0.9055151198451555 0.974649717879253
2.6125189376298255 162.66666666666666 0.9107871603027912 0.9022160062276895 0.9742301016878552
2.6209089120927045 165.33333333333334 0.9085058117046919 0.9012144915682495 0.9734285143404454
2.6251305799686864 164.0 0.9073269922745427 0.901319647978474 0.9731217479266077
2.631161426017037 161.33333333333334 0.9061883152934502 0.8997462673265477 0.9730508080017038
2.6359921610975743 161.33333333333334 0.9041412727507128 0.8988437201995152 0.9722881655514045
2.6416393064540573 167.0 0.9025483782580945 0.8960797569279341 0.9717595366753734
2.649727841460708 161.66666666666666 0.9004206229706315 0.8943342401246707 0.971149656998764
2.656156195740584 161.66666666666666 0.8987494079708166 0.8914368530811938 0.9708201526839975
2.6645402858148004 161.0 0.8964737063358665 0.8881941689080612 0.9701894349060779
2.670422765918397 160.0 0.8947809342982658 0.886607757171866 0.969686391711312
2.676320905235153 163.33333333333334 0.8930433016035835 0.8844572972545485 0.9692079153746935
2.682260326917861 157.66666666666666 0.89127683024148 0.8818060128999083 0.9687224607925952
2.6902584243930088 160.0 0.8888984897963038 0.876371417830734 0.9680905695681322
2.69571085495599 161.33333333333334 0.8871275697678648 0.872807648110638 0.9674853707139526
2.702401830551041 161.33333333333334 0.8846901400910964 0.8698113919523979 0.9669040558734319
2.707877388734231 162.0 0.8827482019160106 0.865391399636784 0.9664124356435297
2.7178885116138227 160.0 0.8788380110668427 0.8553863187045754 0.9653277779483775
2.723074735978445 160.33333333333334 0.8761751352947762 0.8512822084375716 0.9644613151845339
2.726950446177532 156.0 0.8741379853783666 0.8473933157894433 0.9640676296934942
2.731060878184583 160.66666666666666 0.8716026375205599 0.8469306297696315 0.9633434800588252
2.734261072392374 160.0 0.8699318009258866 0.8497978796084061 0.9629079641228975
2.7375982360032953 156.0 0.8684236658200316 0.8520765390319278 0.9623707769770637
2.7419303851283052 157.66666666666666 0.8665148874640977 0.8555225399415476 0.9619426934583518
2.744500118537448 157.33333333333334 0.8650035019618417 0.8590348372044675 0.9615799862202333
2.7471349016149067 156.0 0.8627342998477885 0.8632636897975922 0.9609397808843985
2.7481995464702416 153.33333333333334 0.8616128697300974 0.865172427975315 0.9606061674853499
2.75076846173718 155.0 0.8594649977205465 0.8689421448833943 0.960061231153486
2.752776961992822 153.66666666666666 0.8578902925696821 0.8710717581581968 0.9595939603760818
2.7549755595741092 153.66666666666666 0.857119677815484 0.872794262082545 0.9596033414260348
2.7583175617184197 155.0 0.854351405090231 0.8766496336384748 0.95867376511838
2.7608360751120515 156.0 0.8528714118965897 0.8802327853982472 0.9582793751020942
2.7642605292028644 159.33333333333334 0.8508362423575324 0.885200871981469 0.9577247938537097
2.766464727037887 155.66666666666666 0.8492978119822633 0.8908657007770718 0.9572924798477578
2.769539094965407 154.33333333333334 0.8472419141250839 0.8999282349872432 0.9567055595253283
2.7721498802954154 159.33333333333334 0.8455715379715427 0.9046598249139148 0.9562715917805009
2.774482853166762 151.66666666666666 0.843901775230161 0.9101945101885163 0.9558130508111691
2.7766197439568985 154.33333333333334 0.8427993379367421 0.9147262673914164 0.9556907596534592
2.7784776467823047 159.33333333333334 0.8410202519056191 0.9208955125423441 0.9552109868471128
2.7810744660063036 154.33333333333334 0.8392236391245143 0.9258554113465316 0.9546831418774603
2.7866792574561976 157.66666666666666 0.8360355009041897 0.9300802242900406 0.9538284447402717
2.789214181498756 154.66666666666666 0.8347271244723353 0.9312619303662806 0.9534732855197344
2.7959660636436365 154.33333333333334 0.8314467882462471 0.9346527120739224 0.9525716742558439
2.8001199115605844 156.33333333333334 0.8294583954868241 0.9369537579329965 0.9520383863816868
2.803068420616824 149.66666666666666 0.8281254569389498 0.9373440172853037 0.9516521793528459
2.808866928874204 152.0 0.82539425736562 0.9364464639874462 0.9509205818376231
2.812895490506848 157.0 0.8234984977125532 0.9383218085771865 0.9503488710463774
2.8175222093551384 154.33333333333334 0.8217025641988661 0.9404982547016393 0.9498497288273899
2.8249533184597673 155.0 0.8193126215394355 0.9401416536635586 0.9492263129086426
2.8301989669655625 152.33333333333334 0.8168390892045642 0.9410156742114776 0.9483481392751247
2.8350981115527154 153.66666666666666 0.815236549848556 0.9415082048176108 0.9478967188470951
2.839174473437277 152.33333333333334 0.8137411977850665 0.9428541902509977 0.9474790117034683
2.841535189204117 156.33333333333334 0.8127841144268917 0.9442652664636155 0.9471964663590698
2.8482869289797903 155.66666666666666 0.8103644649285546 0.9427823450397766 0.9464941066276302
2.8548027119105024 152.33333333333334 0.8086519131485735 0.941278941979764 0.9459941807678655
2.859901919368207 150.33333333333334 0.8076084554014492 0.9408420126608249 0.945773121817061
2.8631247057653715 152.0 0.8077570985152376 0.9406966218409403 0.9460216764236178
2.871427585375418 154.0 0.8059801356330618 0.9395403614504841 0.9454943352188543
2.878054552455759 153.66666666666666 0.803823625386114 0.9395684484320238 0.9447159453087827
2.8811789095183573 151.33333333333334 0.8032023166672279 0.9400912259982779 0.9444983406616845
2.886328068869067 150.66666666666666 0.8021584156074211 0.938046026204777 0.9442136641134282
2.8955246380043684 148.66666666666666 0.800271124582832 0.9330940632479491 0.9437268677201655
2.9013280035437408 155.33333333333334 0.7991687480407805 0.9314546740006354 0.9434048439749401
2.9075645265821106 152.33333333333334 0.7990216309198002 0.9291581815857123 0.9435541405648126
2.9139988057552015 154.66666666666666 0.7971369215879087 0.9273609075595215 0.9428633981431225
2.9219663682243753 144.0 0.7956176833621228 0.9256512353089037 0.9424318803589924
2.928023880073594 153.66666666666666 0.7945673042170758 0.92702272453907 0.9420987131944059
2.9350013130244235 150.0 0.7935237831252229 0.9270097246096605 0.9418594573689243
2.944845962657461 147.33333333333334 0.7921159568502777 0.9257728828474996 0.9414587522119077
2.9493485688528565 151.0 0.7922701805474611 0.9249289119060322 0.9416922886235567
2.95990269925158 151.0 0.7893413876162303 0.9231628625389402 0.9406974379822547
2.9663341048392002 155.0 0.7889704444117905 0.9234341739701214 0.9407622107074879
2.971184224231315 150.33333333333334 0.7873513836014029 0.924192807055282 0.9400851979360823
2.9784961651689876 148.66666666666666 0.7863272476344533 0.9247509118037367 0.9397954227619161
2.9895629967877877 155.0 0.7845460731066302 0.9273723577354355 0.9393467356524892
2.9959354376536145 147.0 0.7833557835979236 0.9284038006742148 0.9389646363832861
3.002282900187158 149.0 0.7819933949749703 0.9283579313147349 0.9386032132950858
3.0098069354735406 150.33333333333334 0.7809932428098433 0.9265156543645343 0.9386003479436936
3.0129609133152306 138.0 0.7791707401886818 0.9270174782962742 0.9378725855995359
3.018561104580823 138.33333333333334 0.7770355950705529 0.9255945649229133 0.9372806099003584
3.023870265195098 149.0 0.7749095291944434 0.9240337393099173 0.9367063461123166
3.0277538206358185 146.33333333333334 0.773439503720325 0.9242185340716685 0.9363066497436078
3.0302305883613627 142.66666666666666 0.7724018563926005 0.9246601060521057 0.9359873101501713
3.036368311833017 146.0 0.7697471149789673 0.9242919833152433 0.9352598192785391
3.0399053233768525 151.0 0.7681512172608393 0.9232426230159861 0.9348132761402675
3.042955843872201 147.0 0.7665810314740176 0.9234832631777625 0.9343779909029871
3.0464185074368966 140.0 0.7645605030396548 0.9253866048149895 0.9338568043524256
3.0490499256190864 143.0 0.763071232810097 0.9266368581054564 0.9334431848370895
3.052550291445621 143.33333333333334 0.7610192836905284 0.9282913996992594 0.9328616188047953
3.054787925042042 140.0 0.7604486907181636 0.930522532128247 0.9329021381235678
3.057366168351331 134.66666666666666 0.7579214032330014 0.9322856408964262 0.9320010627941895
3.0609785518886463 139.33333333333334 0.7557882758151176 0.9357545810334112 0.9313828693911589
3.063976678785676 143.33333333333334 0.7541311129239717 0.9381798681652376 0.9309232954423876
3.0673172750187585 145.0 0.7524803974544132 0.9402878071064115 0.930452276766946
3.0723122597046837 148.0 0.7502225726354877 0.9437068726661083 0.9297857105791595
3.0756267390668213 140.33333333333334 0.7490681067899384 0.943700232915012 0.929500177320252
3.08308621466632 134.0 0.7469485532469758 0.9464248637180717 0.9289084765879457
3.089102889673467 134.0 0.7454199132233845 0.9486742882200556 0.9284778302169439
3.1008555832580114 144.66666666666666 0.7415120093167981 0.9531784324761629 0.927378825169393
3.105292484874872 138.0 0.7398657866587167 0.9548050212004205 0.9269258051053165
3.111646537949545 132.0 0.7377369759338522 0.9563139895708532 0.926326710240891
3.1163414858723715 135.0 0.7361991593351788 0.9573208849493846 0.9258409720760324
3.1208887148175344 145.33333333333334 0.7347021048492098 0.9582372929676173 0.9254416485562315
3.1268111165895696 135.0 0.7339330762273197 0.9614231887032454 0.9254270711980768
3.132833219419953 135.0 0.7315486507531312 0.9618933374167067 0.9245130458542161
3.139249019130695 143.33333333333334 0.731185774973667 0.9612480283313017 0.9247005728489252
3.145524038350694 134.66666666666666 0.7289708674899207 0.9604849252067637 0.9238270203508925
3.1516241024434204 136.66666666666666 0.727570490811682 0.9620995534465758 0.9234409315815717
3.1557357825332875 136.33333333333334 0.7266809040537491 0.9643313932162092 0.9231831315950838
3.1676141657886094 143.33333333333334 0.7243352512354699 0.9644172712112937 0.9224858307836863
3.1910820617142197 134.66666666666666 0.7194326121199619 0.9617353300213343 0.9210825956701434
3.1955598199999447 146.33333333333334 0.7183902187922302 0.9610826016970286 0.9208312094371517
3.200182108533456 141.0 0.7172228554163373 0.9593917676426053 0.9204521685054982
3.2073376782044796 134.66666666666666 0.7159402763077282 0.9582808955756964 0.9200922161940523
3.2131388800155487 134.66666666666666 0.714966919792145 0.9568832454061172 0.9198723236010234
3.218917376059686 142.33333333333334 0.7139395705154316 0.9553823224843838 0.9195581016380276
3.254155620154838 136.0 0.7077363745288473 0.9426454138869722 0.917802368760558
3.2900078890303743 134.66666666666666 0.7018326022760268 0.9301295077867977 0.9161926175518358
3.29769476189459 141.0 0.7005482212157331 0.9296346348064466 0.9158103586483102
3.303767438668474 140.66666666666666 0.6997099479661555 0.9292492775867145 0.9155790821198188
3.325684167851173 141.66666666666666 0.697842621604699 0.9373913399190718 0.9150432795304757
3.3321332191912614 133.66666666666666 0.6973035563940444 0.9392701130454147 0.9148854366170328
3.3451858793617144 134.0 0.6957702009804593 0.9432290255916201 0.9144525695298776
3.349563048032322 134.66666666666666 0.6950797797086345 0.9467400371863443 0.9142377550324535
3.358848834343105 142.33333333333334 0.6932232506741965 0.949587939661798 0.9136954614194028
3.3718094366360845 134.0 0.6895232707538961 0.9522705215825877 0.9126364507822137
3.3861127401211255 138.0 0.6861705617987268 0.9574711808211464 0.911690711229508
3.3927068202982356 144.33333333333334 0.6847752386742723 0.9622234840560394 0.9113344444679854
3.3955305042857824 131.0 0.6841758577566612 0.964919072701423 0.9111555811546483
3.4046169967166424 131.66666666666666 0.6820877413757933 0.9721322704728009 0.9105764615713403
3.4107841165306776 138.66666666666666 0.6803172201004644 0.9765984391500766 0.9100721544509501
3.41343382066073 144.66666666666666 0.6794927728503377 0.9782003397097747 0.9098062576189601
3.4162169472085626 131.66666666666666 0.6785909832006066 0.9798951125073091 0.9095790218661042
3.436378374123871 131.66666666666666 0.6740100055727931 0.9879263524096328 0.9082966834407856
3.455091930859524 132.0 0.6701948782617794 0.9903258705185654 0.9071614589735157
3.459579068289968 132.66666666666666 0.6692004533761557 0.9907202387302558 0.906867792879816
3.4739341327401547 145.33333333333334 0.6664976313926274 0.9930736157213219 0.9061423039457458
3.4769391615155936 140.66666666666666 0.6657365329096416 0.9936654513123493 0.9059037527063856
3.479957851325036 136.0 0.6647845048521716 0.994321781265955 0.9056352804033064
3.4815085686377745 131.0 0.6640109310794216 0.9944737486379092 0.905417286797494
3.4820748568642643 128.33333333333334 0.6610059078879189 0.9939603570053552 0.9045297914449013
3.4849247101459633 139.33333333333334 0.6598108364395078 0.9933254757448351 0.9041544333029518
3.487613039094324 142.0 0.6593766732919555 0.9934240858954145 0.9040701109519734
3.4921250830765977 128.66666666666666 0.6589297717491696 0.9929908078157017 0.903961993314362
3.4980554862978006 135.66666666666666 0.658240905672293 0.9925361014046535 0.903776998472882
3.503404445015132 136.66666666666666 0.6572958881326963 0.9919088065085668 0.9035124507940709
3.5055455791458368 136.0 0.6568751818903856 0.9911582183515908 0.9033610907125005
3.508129798171749 128.33333333333334 0.6563202772169642 0.9901100897515404 0.9032149158957279
3.5114013704982274 142.0 0.655696002635753 0.9892170520927477 0.9030920958649634
3.5241803952330626 129.0 0.654593723254955 0.9861765205077831 0.9027332430945146
3.5263421787264164 136.33333333333334 0.6545703606440929 0.9860158272913419 0.9027324582814807
3.5305967998121477 136.33333333333334 0.6544469398881417 0.985666969671312 0.9027299077288448
3.5330421585248177 129.0 0.6542634235103597 0.9853907558069411 0.9026853758068499
3.5426681369816615 132.33333333333334 0.6534055124299647 0.9855836036861654 0.9024377410232544
3.5480764747324334 137.0 0.6537264347077762 0.9860333134816046 0.9028003915731064
3.552945949869047 129.66666666666666 0.6519214146072612 0.9850575534288142 0.9019567954034842
3.5567946870238467 137.0 0.6513849736606164 0.9848346212076693 0.9018409889219864
3.560275869948471 130.0 0.6509263190332429 0.9850052949282655 0.9017083292154399
3.5657398711673793 126.33333333333333 0.6502504118680336 0.9850799928647734 0.901510339120348
3.5704332567797072 129.33333333333334 0.6498477153223505 0.9850629364939221 0.9013426311709712
3.581699037731098 130.0 0.6486501467639404 0.9843117564465751 0.9010015786079547
3.584896154075244 130.0 0.6482796713819028 0.9840715088115594 0.9008894032519693
3.590655300228259 130.0 0.6477393995580544 0.9851516511314623 0.9007387169170918
3.594898840306372 126.66666666666667 0.6472601222097967 0.9850073145112871 0.900595178301997
3.61579878485402 130.0 0.6446308988478946 0.9872529838159717 0.8998924846141301
3.618906576857977 129.33333333333334 0.6435882080754542 0.9875883158290033 0.899572430367444
3.6231043328167254 128.33333333333334 0.6415870357074462 0.9870573863700971 0.8989977348404476
3.6257967914126716 127.66666666666667 0.640711333215285 0.9868187777011986 0.8987130408990294
3.6312385547227066 138.33333333333334 0.6396921280900758 0.9858235864022108 0.8984808770407721
3.6335362751625215 130.0 0.6394887188947943 0.9838695786438968 0.8984001057637389
3.636623704963902 126.66666666666667 0.6395665140113201 0.9842949115218226 0.8985030700490347
3.6401435192490372 137.33333333333334 0.6396345778927696 0.9819855381765876 0.8984958007122205
3.653199929364204 137.33333333333334 0.6406151574576874 0.9807829851221079 0.8988474922600425
3.653863553727381 128.0 0.6410162480151435 0.9812853438982103 0.8989610194048755
3.6540656541122503 137.33333333333334 0.6412055383405834 0.9817701674571908 0.8990127919412589
3.6496726654533242 135.0 0.6424342952602082 0.9818041101807705 0.8993051650324528
3.6459130540790565 126.66666666666667 0.6429423540902941 0.9800349882444539 0.8994796734971108
3.6427175804464738 128.0 0.6435562045162271 0.9798402556992263 0.8996551708807491
3.639809148864871 131.33333333333334 0.6440630088740641 0.9802910560690911 0.8997709354290171
3.6365294281356038 134.33333333333334 0.6447262028759451 0.9799127329095313 0.8999215939573765
3.632954494517539 135.33333333333334 0.6452607219970986 0.9787007803732176 0.9001140466491587
3.6274983751715695 140.0 0.6472084115370068 0.9775716260975316 0.9008898480983514
3.6188179196887176 135.33333333333334 0.6476467192434161 0.9785950527753916 0.9007548734051415
3.6067827781334563 127.66666666666667 0.6505255651863714 0.9788332846011975 0.9018802287418126
3.5980860427829886 125.66666666666667 0.6506279095241525 0.9766795017228909 0.9016237283940364
3.592147695033777 140.0 0.6516305601026093 0.9768526396305245 0.9018376912443448
3.57281141411 137.0 0.6549279111817179 0.9760144207868224 0.9027851085407069
3.565128878407273 137.0 0.65617728315803 0.9761094277013448 0.9031806323051369
3.541446498137064 139.33333333333334 0.6597125154810716 0.9742259869946205 0.9042185326874714
3.531881459697103 131.66666666666666 0.6611625685471285 0.9732285089271107 0.9046416378440584
3.522498793811496 142.0 0.6624502559250098 0.9709865307626452 0.9050068224207437
3.5097939009752133 141.33333333333334 0.664354298233081 0.9681882851678182 0.9055103705237618
3.4998902031301 141.33333333333334 0.6658862174572526 0.966140913393741 0.905941625724592
3.4888547943975157 139.0 0.667674542010549 0.9670923204678671 0.9065020158505366
3.4811431757822433 138.0 0.6689019009266519 0.967317108571127 0.9068808277428831
3.4640981557430552 130.66666666666666 0.6723782922214122 0.9745079373355069 0.9078169181022833
3.433271029162939 143.33333333333334 0.6801945263079745 0.9785086230446695 0.9100703461529847
3.4271805296339894 137.33333333333334 0.6816490690015399 0.9790748915764188 0.9105209227330956
3.3881896360435277 133.66666666666666 0.6896546585547856 0.9790140846042791 0.9128401885654077
3.365903107580103 140.66666666666666 0.6945694968105516 0.9798700443556001 0.9142093665308972
3.2884296038073915 134.66666666666666 0.719343648727679 0.9809959601484194 0.921202555726311
3.2623759938236976 136.33333333333334 0.7297887545509422 0.9764852831084784 0.9241612601054128
3.253502494530238 141.33333333333334 0.732909013997904 0.976290368766827 0.9250270825564575
3.2128179236598897 132.0 0.7475389831331845 0.9706668827792003 0.9291693706898593
3.196633869733055 141.33333333333334 0.753952067095747 0.9654529325773481 0.9309526108306195
3.188974412866818 135.33333333333334 0.7570701653752876 0.9621451049718752 0.9318331737217816
3.1785986205090353 137.33333333333334 0.7611024624603081 0.9579584020059406 0.9329539330360495
3.1668912475030444 132.66666666666666 0.7651259310290132 0.95662250936867 0.9340774218765213
3.157594883595178 134.66666666666666 0.7683216602474736 0.9584696919020381 0.9349697424249824
3.1457551771782706 140.0 0.7724916495941329 0.958797589046153 0.9361237760921454
3.139940558732758 145.33333333333334 0.7744289608126529 0.9575924932826051 0.9366549117288
3.1280014075793696 145.0 0.7784934581641902 0.957518093947063 0.9377423753576363
3.1188371872710783 142.66666666666666 0.7815443989625096 0.9584104248062366 0.9386386140289062
3.10993163370491 138.33333333333334 0.7853243962682673 0.9570547410616144 0.9399103561356086
3.0979932813151736 145.0 0.7881903636162685 0.9562862357039092 0.9404552649584055
3.088173116383805 140.0 0.7911330928841332 0.9571264624799234 0.9413108548665388
3.07819168871483 151.0 0.7940927324897128 0.9578372162318411 0.9421278795973894
3.0649622187791925 151.66666666666666 0.7979517258196976 0.957419708837745 0.9432043971362338
3.05478764167325 149.66666666666666 0.8010051174335426 0.9563720088875375 0.9440500522574685
3.043971149049079 150.66666666666666 0.8041589081577126 0.9565243273600307 0.9449314396767892
3.03264949957424 152.33333333333334 0.8082829091980452 0.9572914839425662 0.9462365198358417
3.0173694932383945 151.66666666666666 0.8118983458803379 0.95825091479155 0.9470651086500382
3.005695433553444 155.33333333333334 0.8153031926359007 0.9589110999726841 0.9479888063332984
2.9897447081571316 154.0 0.8199371092880449 0.9598851167027513 0.9492364954663527
2.981537402916876 156.33333333333334 0.8222926755295193 0.9611761395692491 0.949886135049756
2.960370843575559 153.0 0.8288765691915411 0.9625245839508253 0.9519310868224051
2.956171230779586 157.66666666666666 0.8291854186806473 0.9625379431538624 0.9518182047000417
2.9341831036439863 149.0 0.8357153710984467 0.9662414326489681 0.9537702558675009
2.9221581653296713 154.0 0.838976700404549 0.96779851366778 0.9547081315019341
2.911589780551324 155.66666666666666 0.84209140605235 0.966251829910775 0.9555716645623274
2.89729396750287 150.0 0.8462948933627292 0.9628681947366633 0.9567387770932655
2.885327622035376 148.66666666666666 0.8497663933343179 0.965256423740713 0.9576842523012561
2.8734138544410937 156.66666666666666 0.8531915692179356 0.9679658881516603 0.9586286298862491
2.859522941182705 159.33333333333334 0.8576274725563318 0.9716286047436083 0.959846895212273
2.8506577994947917 156.0 0.8608020738601919 0.9717202646088939 0.9606996077643685
2.8424232371790947 156.0 0.8638779644773541 0.9710973904203183 0.9615548456576104
2.8314570026690933 156.0 0.8681841614348403 0.9707039689426059 0.9627600021674303
2.823466667344857 158.0 0.8714383752692142 0.970981857299436 0.9636885311829397
2.815591117607988 157.33333333333334 0.8740475612295725 0.9716570826991319 0.964236210243931
2.8050249388300657 164.0 0.8784169010765124 0.9725200454843194 0.9654122924126253
2.7972387396133462 159.66666666666666 0.88164732271028 0.9736312543262323 0.9663136127737987
2.789506812367297 153.33333333333334 0.8849014987152424 0.9755570610061295 0.96722842757568
2.778027438050657 163.33333333333334 0.8904295362920591 0.976774470216355 0.9687714408617094
2.7739600106134876 162.66666666666666 0.8925327434225885 0.9765877012990885 0.9693196033892826
2.768116701390937 162.33333333333334 0.8957575090878622 0.9766433438747288 0.970247347718865
2.761640517560662 164.66666666666666 0.9001676539141745 0.9772805419117364 0.9714689782965713
2.7574136780656473 163.0 0.9034574104830665 0.9767604746147012 0.9723546993773382
2.7536043466374944 165.66666666666666 0.9066868682653312 0.9771802812454977 0.9732748996747511
2.7490447861692577 165.0 0.9107893787504785 0.9754844077590277 0.9744121777651695
2.7456682067513896 160.33333333333334 0.9138286275739917 0.9751977074429572 0.9752521254457158
2.7411496639004658 162.66666666666666 0.9179171576243066 0.9755233007206747 0.9763852207844721
2.737540811278009 164.66666666666666 0.9209824578426762 0.9755769880441538 0.9772334865165238
2.7337878202121932 166.33333333333334 0.9239936866282578 0.9755008111556471 0.9780664769243432
2.729655227541857 164.0 0.9268865781327944 0.9759713239291652 0.978858408564205
2.7239432348939103 168.33333333333334 0.9305351041874904 0.977595843275741 0.9798785418779754
2.7201803430207554 166.0 0.9330199525531339 0.9776507410908267 0.9805706251575448
2.715959151185605 165.66666666666666 0.9366591082749673 0.9767782354186663 0.9816869566513233
2.7125297715643537 165.33333333333334 0.9384021021637299 0.9767402018508825 0.9820559729475262
2.7090796407416944 164.0 0.94054055957576 0.9769458142042832 0.9826829363281415
2.7057774168631137 167.33333333333334 0.9426687687802507 0.9774465031891287 0.9832649331880202
2.701819232813936 167.0 0.9455080331712338 0.9775805944448717 0.9840673950391485
2.6988701887514184 167.0 0.9476124297237375 0.9767976222357 0.9846837079290552
2.6952473928155984 164.33333333333334 0.9496870484907901 0.9762343925981832 0.9852410290546117
2.6891875964041456 165.0 0.9528053650033153 0.9774816068406521 0.986258667123253
2.6844709347646316 166.33333333333334 0.9547948193290089 0.9782294957780767 0.986814074749245
2.6799148221975657 163.33333333333334 0.9563436908583625 0.9785952797439132 0.9871427436547648
2.674009019689554 170.33333333333334 0.9588298473237566 0.97770512444528 0.9878312797325374
2.6688021455239874 168.0 0.9606107445366556 0.9768453332057723 0.9883349326538886
2.6623843218662366 167.33333333333334 0.962449141795728 0.9778786246919238 0.9888860195874175
2.6533861370103837 167.0 0.964775589704626 0.9784646742084975 0.9895268315582484
2.647041500202432 171.33333333333334 0.9664291196671926 0.9786186451611493 0.990000243764023
2.6408734872845363 166.33333333333334 0.9680687752077196 0.978439123299178 0.9904985980393509
2.632802158269841 166.33333333333334 0.9701554436820157 0.9771017111105109 0.991098395224736
2.6260245514000857 170.66666666666666 0.9716889929633247 0.9767675202213398 0.9915246136269544
2.618792789175137 172.33333333333334 0.9731841332306526 0.9768021712892438 0.9919492072427266
2.6088268645350277 170.0 0.9750610712728113 0.9773754476174387 0.9924938417606887
2.6016806707183955 171.66666666666666 0.9763866149354997 0.9775454418380253 0.9928928701854222
2.593141825638712 171.66666666666666 0.9780217122119256 0.9774281239236461 0.9934056436954708
2.5874400350546463 168.33333333333334 0.9792371878397128 0.9780692322992759 0.9937805441510842
2.5824535177591845 173.0 0.9803912012299576 0.9776223199880679 0.9941415911123972
2.5778353722245444 168.33333333333334 0.9815386284070349 0.9780707733106642 0.9944810231239146
2.571973182339164 174.0 0.9830543402903512 0.9798845812629968 0.9948995165699523
2.5690573586806247 172.33333333333334 0.9840737488245783 0.9802043267731247 0.9952139026897261
2.567093591447509 169.66666666666666 0.9849833405621542 0.9813055246852503 0.9955301167188044
2.565061635914686 169.66666666666666 0.986025189464412 0.9841664312031378 0.9958770982770688
2.5639946783067287 174.33333333333334 0.9867297883986588 0.9856343174448292 0.9961212549583087
2.5625093107328585 172.33333333333334 0.9876122200049272 0.9859204400641187 0.9964262302293486
2.5614419758280693 176.66666666666666 0.9882670099720388 0.9857182366974044 0.99665365162489
2.5594440650035137 170.0 0.9892591308212575 0.9856468777205653 0.997027175812381
2.557168866892239 173.66666666666666 0.9897199019250452 0.9860847971310226 0.9971485080877673
2.5554784071239833 171.0 0.9902674217987821 0.9862096140887141 0.9973740155538485
2.553700584142295 169.33333333333334 0.9909418574417694 0.9854960609190342 0.9975936028573363
2.5527798564163366 172.66666666666666 0.9913974392796526 0.9841427995142265 0.9977910312143615
2.5513817113960218 173.33333333333334 0.9918458427497575 0.9831530418541586 0.9979129401792961
2.5487280892308735 173.33333333333334 0.9924490491610121 0.982685087905369 0.9981373698240747
2.547012901728209 170.66666666666666 0.9928801418748251 0.9818248960035779 0.9982695496644354
2.5461103523296837 172.66666666666666 0.9932771755364083 0.9803447957762841 0.9983944086104587
2.545990376394697 172.66666666666666 0.9937729047596575 0.9782789944880906 0.998577128669905
2.545806333948917 176.33333333333334 0.9941308361725079 0.9774482616292991 0.9986911640567544
2.5460594960450744 172.66666666666666 0.9944493288064653 0.9763275168375146 0.9988190455812579
2.547244222231891 174.66666666666666 0.9949090745405766 0.9723280888498019 0.9989998716814433
2.547432240198759 175.0 0.9949924828943973 0.9719315908613708 0.9990327937056157
2.548643994189737 171.33333333333334 0.9953520893283135 0.9690706248743794 0.999184132468262
2.5496460893413757 170.66666666666666 0.9954720281666599 0.9691983644439153 0.9992632719663328
2.5533596708652615 172.33333333333334 0.9955359181164379 0.9674692284348365 0.9993445333006243
2.556494253540294 171.66666666666666 0.9955408749193456 0.9664414647844952 0.9994240276178531
2.558521595811296 174.66666666666666 0.9955436730692873 0.9659083032719743 0.9994347053672954
2.559758619378885 169.66666666666666 0.9955615668513339 0.9667316990592714 0.9994807097909216
2.562077532860315 172.33333333333334 0.9955541052259662 0.9674559342852223 0.9995349461915295
2.5681986641170127 174.33333333333334 0.995160500938476 0.9763113398007087 0.9996368401287219
2.5687971191105308 173.0 0.9949439510311127 0.9791695757642734 0.9996304025713386
2.5692165038497454 167.0 0.9947430967690594 0.9806525123920932 0.9996248258607886
2.568969118914754 174.33333333333334 0.9944374245156841 0.9826450624030483 0.9996127585951358
2.5685732621238038 172.66666666666666 0.994268216353487 0.9834843803019981 0.9995963196260655
2.5676780896875497 173.0 0.9938830241150813 0.9847918874296352 0.999556987973964
2.5671851125799434 171.33333333333334 0.9936468641646546 0.9856036407546638 0.9995350283413067
2.5642645838537828 172.66666666666666 0.9927490204355974 0.9876286469885205 0.9994092073173486
2.5639588504643056 176.66666666666666 0.9926089923468271 0.9877433608465253 0.9993869409603882
2.5621700158732024 171.0 0.9919666859414149 0.9889211396047327 0.9992791939820947
2.5613369366447967 170.66666666666666 0.9915933228330271 0.9894072531358299 0.9992234962935389
2.560068421326191 170.66666666666666 0.9907794548978618 0.9897869710184453 0.9990849927230837
2.5588969708137648 170.66666666666666 0.9901176719142742 0.9896207414515006 0.998969719087005
2.557349675961192 172.33333333333334 0.9894186738344865 0.9899694235181223 0.9988877147263426
2.555649528161038 167.66666666666666 0.9885219987048478 0.9904698476256746 0.9986830562991408
2.5506188116068147 168.0 0.9875388625615887 0.9918545555579277 0.99853466473764
2.549405360179554 172.33333333333334 0.9868412548057617 0.9927876189325274 0.9983537226678757
2.5471582130599306 169.66666666666666 0.9860352439948074 0.9939319918248447 0.9982495790344487
2.5471607044323146 168.66666666666666 0.9848769195123707 0.9930461434819517 0.9980134909170751
2.5469530041848265 166.66666666666666 0.9839929071531829 0.9922838114706639 0.997814582435406
2.5459148875902993 167.33333333333334 0.9828416645052929 0.9929854822294691 0.9976527956432277
2.5454904727041523 166.0 0.9816437318937794 0.9931329879448273 0.9973622618834636
2.545021087461886 166.0 0.9813085780546535 0.9931882222114559 0.9973509655946037
2.5460369038674817 169.33333333333334 0.9794734918677008 0.9915531724523344 0.9969072624644659
2.5463566599828433 170.0 0.9791034241949822 0.9905443119819394 0.9968334551247089
2.5482003075327806 168.33333333333334 0.9778584507486432 0.9902121666467443 0.9965191899654242
2.5491426869292706 161.33333333333334 0.9768029386461355 0.98840491901838 0.9963437723538423
2.5503475810458904 165.33333333333334 0.9754942116996604 0.987974434545162 0.996060821299438
2.553041194037291 164.66666666666666 0.9727672915212499 0.9859134535411437 0.9954611922750307
2.554091179622578 165.33333333333334 0.9720937140760957 0.9858363193540441 0.9953146525174282
2.5562295659689003 166.66666666666666 0.9707233761202595 0.9851209416999691 0.9950159285534361
2.557831410888533 166.66666666666666 0.9696660791253382 0.9847988035985765 0.9947832629771635
2.559860153289896 166.66666666666666 0.9685463131872025 0.9843141468728156 0.9945215210281311
2.56231340295217 163.0 0.9673954446811718 0.9836777124547177 0.9942332654855395
2.5656021165291496 166.33333333333334 0.9658050578952586 0.9823960733666328 0.9938087747759262
2.5699567932987355 166.33333333333334 0.9641744316622402 0.9814430772267145 0.993460654039873
2.5732391424368477 171.33333333333334 0.9633537380577947 0.9816317176985353 0.993372183893886
2.577343195346989 165.0 0.9620988880927781 0.9812833528919386 0.9931980643498267
2.583492651610046 167.66666666666666 0.9604375228444421 0.9809514508623491 0.9928291064312181
2.588051078363704 164.33333333333334 0.9592082331840125 0.9812195434562724 0.992552901695711
2.59264164767425 166.0 0.9580252027458651 0.9818625456472925 0.992285773172356
2.5985282463494435 161.33333333333334 0.9564221541602258 0.9829744653178126 0.9919200213488072
2.601578832918192 164.0 0.955624479855493 0.9839440090094604 0.9917397434623513
2.6080364155519993 164.66666666666666 0.9538266693702578 0.9843255278950235 0.991332539686173
2.615644070061171 163.0 0.9518807571938898 0.9836625027372234 0.9908875365090262
2.6203181454393443 161.66666666666666 0.9503967359043917 0.9826925063763536 0.9904624606257356
2.628241369738696 164.0 0.9488314555570138 0.9815529348466452 0.9901933471194319
2.634396092130067 163.0 0.9473033947482014 0.98055714551903 0.9898494384670967
2.64016686364707 155.33333333333334 0.9457846751019451 0.9795875233353274 0.9895123352746565
2.6466977797053626 162.0 0.9437899407575069 0.9797575035857853 0.9890500724934472
2.6513604448571093 162.0 0.9422279261517085 0.9797727697443444 0.9886894350065697
2.658635693220706 162.66666666666666 0.9400496123602003 0.9787710093108638 0.9881888964248206
2.6674513685626984 160.66666666666666 0.9377739744504088 0.9761082072353771 0.9876594026697026
2.6719253294588587 164.66666666666666 0.9366397994562032 0.9747466784027009 0.9874111743750901
2.678326191178202 158.33333333333334 0.9349476181248438 0.9730469147593602 0.9870104382285808
2.6888154748281616 161.66666666666666 0.9321468889957617 0.9711749794752852 0.9863701454827765
2.695490990465952 159.0 0.9304038458854862 0.9692663249311058 0.9859571722132394
2.700218047046899 156.0 0.9292027265005933 0.9677860653628877 0.9856794936376317
2.710438493634113 160.33333333333334 0.9261417900287798 0.963773597211404 0.9848508034838799
2.719661567973729 152.33333333333334 0.9240855425128761 0.9593642771451739 0.9844823910295941
2.7266126497113548 155.0 0.9220760517045757 0.9560238228689262 0.9840160609291457
2.7332126209000487 158.33333333333334 0.9199628374461775 0.9529815755714355 0.9835356699700631
2.7398005520039534 156.33333333333334 0.917647089047407 0.9483259264964847 0.9829777541389599
2.749851696996006 155.0 0.9139988871910945 0.9440223777280614 0.9820005191106882
2.757246948451686 151.0 0.9122225621128701 0.9388212513693854 0.9817045380720479
2.767519706436818 154.66666666666666 0.9089304325929214 0.9323557479955112 0.9809574889993814
2.774559311412263 149.33333333333334 0.9063700391586329 0.9273672497288704 0.9803418341676422
2.7810527625124055 153.33333333333334 0.9037999813594024 0.9228285592962291 0.9797524072397704
2.7864612238475406 153.33333333333334 0.9013367896680842 0.9212112003949113 0.9791537492378761
2.792401158976908 156.0 0.8981806442705145 0.9215002776555512 0.9784108705350287
2.796864223657594 153.66666666666666 0.8958537180748576 0.9213608473514653 0.9778667864679474
2.802252133959713 151.0 0.8928806888491266 0.9191932570152007 0.9770125064558077
2.808214204525835 154.66666666666666 0.8907028811298758 0.9201409472875335 0.9766376443133946
2.813129642166298 152.66666666666666 0.8885243929826946 0.9169564014841556 0.9761214601904861
2.817942376003955 148.33333333333334 0.8864644731119925 0.9159370445015409 0.9756434927921901
2.824291220121978 152.33333333333334 0.8838105853288636 0.9147307345184329 0.9749863419086056
2.829566779808484 146.0 0.8810848410351617 0.9111481351733512 0.9741964490652242
2.835870426366465 152.66666666666666 0.8793558372577176 0.9106147539025281 0.9739264274749898
2.8412835547096655 150.0 0.8775894044509676 0.9097274076026152 0.9734674076838062
2.849895384159598 147.33333333333334 0.8754127045571054 0.9070851341387483 0.9727485126120449
2.854711196175069 155.33333333333334 0.8743882920786931 0.9058722771489273 0.9725121896919351
2.8646307229799994 147.33333333333334 0.8721462541847127 0.8994957910664206 0.9719932273669312
2.8714100330350245 154.33333333333334 0.8706024313436213 0.9002052837593933 0.9716305336085443
2.88001385961405 150.33333333333334 0.8684220626943043 0.8991990824718195 0.9710554619747065
2.8844442969970063 152.0 0.8673370065881342 0.8990195170562705 0.9708231719836605
2.8945579789845413 151.0 0.8651863161443478 0.8993050087021317 0.9703063565660975
2.903352202543591 143.33333333333334 0.8634667582674669 0.8978736003326743 0.969850713940082
2.9132474760363545 152.33333333333334 0.8616741228183225 0.8948213772813856 0.9694190648887404
2.9277644408937276 143.66666666666666 0.8592246409957032 0.8903570463727475 0.9688368397010814
2.9390093302589633 143.66666666666666 0.8573342392901022 0.8872330682281218 0.9684014238696425
2.9542877722818512 142.66666666666666 0.8547727017619206 0.8836818824150563 0.9677531801359143
2.9670248697726 140.0 0.8520775979957821 0.8811403245790908 0.9669374101409801
2.983583234755655 140.0 0.8502353368280965 0.8762418784963681 0.9666516593617027
2.991747632952194 138.33333333333334 0.8490571350894699 0.8760244600331778 0.9663826845241618
3.0073897566372634 143.66666666666666 0.8466844554619165 0.8767451609685986 0.9658172468692655
3.018363982212336 130.33333333333334 0.8449373138243315 0.8784291131881382 0.9653878881545241
3.0295045607004836 133.33333333333334 0.8431893569388557 0.8790981039030864 0.9649860696228628
3.0447169996460657 136.66666666666666 0.8408225054283509 0.8791158733880702 0.9643789178475939
3.0560091490444132 141.0 0.839103667416602 0.8791500959571108 0.9639984268781352
3.0668568600810775 137.33333333333334 0.8374866692029227 0.8802381077465304 0.963602580290355
3.0806595180362395 138.66666666666666 0.8353901970019549 0.8822256540373701 0.9630804901666064
3.0906781589561256 130.66666666666666 0.8339226960232925 0.8840282651113391 0.9626891997503698
3.104491899535175 137.33333333333334 0.8320450921308515 0.884786838600075 0.9622394907588092
3.1151770769242213 136.33333333333334 0.8306971899158407 0.8854193215414974 0.9618640300816372
3.1303432010854872 131.33333333333334 0.8287795373761727 0.8836877127671108 0.9613950250067702
3.1380870053761574 131.66666666666666 0.8277477619707448 0.8816452168679256 0.96116879645949
3.1529793262616677 136.33333333333334 0.8256491775117233 0.8788919185727301 0.9606024975066084
3.167323575343857 135.66666666666666 0.8234545007849259 0.8739094734108801 0.9600305770527686
3.1741135067465596 132.66666666666666 0.82240124747503 0.8727886232937642 0.9597651968593053
3.186623811412612 130.33333333333334 0.8203664944727299 0.8707121795850397 0.9595321739988837
3.197723168452426 132.66666666666666 0.8183526336239059 0.8702858923936654 0.9590073804714804
3.2666045194637583 138.0 0.8004355078724528 0.8577833159704793 0.9544626795185588
3.273531207419849 139.0 0.798228876177195 0.854923126861707 0.9539016606459538
3.2946559146741365 137.33333333333334 0.7910438529487323 0.8531933919208928 0.9520964065897118
3.3005880475097005 131.33333333333334 0.7889631338149136 0.85431901452843 0.9516014539306291
3.3142556145505724 138.0 0.7841301372263904 0.8563494818892913 0.9503263893376144
3.3479789003807543 131.0 0.7715947666134043 0.8656362021500701 0.9471912191758618
3.3530299571483364 128.66666666666666 0.7700359074828868 0.8677138321407347 0.946793301356759
3.3603903323453332 127.66666666666667 0.7680412872471382 0.8673406628133103 0.9462850877838466
3.3834092978070394 140.33333333333334 0.76247242748226 0.8646693256074819 0.9448712674207718
3.4004614811411913 135.33333333333334 0.7573364076765688 0.8760419649383461 0.943560163532481
3.424669555425339 135.33333333333334 0.7527919598010597 0.8862578819317872 0.9424083744565995
3.4283845841735268 128.66666666666666 0.7520480856189381 0.8941300006634605 0.9422149237698414
3.4290961536303235 129.66666666666666 0.7515201515294652 0.9056897722347966 0.9421184739788935
3.4374621366427065 129.0 0.7496527378724809 0.923981310968842 0.9415856075939559
3.4472766424033994 139.66666666666666 0.7457802678287632 0.9306538977461333 0.9403586540050581
3.443920694039695 128.0 0.7443933008179349 0.9309332372678544 0.9401803196090202
3.444703993741361 125.66666666666667 0.7431552392775875 0.9295587844537508 0.9398935029518918
3.44407281561777 128.0 0.7409473079938866 0.9292035645445094 0.9392587442311501
3.4417684359044785 129.66666666666666 0.7386244751884278 0.9295999878206047 0.938653091569871
3.4430158329185256 129.66666666666666 0.7367560608246021 0.9263128601586441 0.9382151503685218
3.4448423756517705 130.66666666666666 0.7353338388614257 0.9255289159730622 0.9378572847889375
3.4490357483255996 136.66666666666666 0.7321205527650312 0.9203814490024551 0.9370072496227496
3.451437289173966 126.0 0.7309380027200977 0.9197345431650016 0.9366984944096445
3.467369209186745 126.0 0.7216617748666587 0.9209061940835921 0.9343401118144411
3.4701454506993494 133.66666666666666 0.7206169221015715 0.9252193816421035 0.9340814453305837
3.4742079074586667 127.33333333333333 0.7188982848398564 0.9210930337194008 0.933634933911062
3.476470140243164 126.0 0.7178864033046055 0.9308673535768538 0.9334226061187313
3.492403837302438 127.0 0.7142758058832298 0.9410803515661118 0.9324461998085076
3.5196834960548937 137.33333333333334 0.7100500098379022 0.9597257517299523 0.9313649579985857
3.5373678553401686 127.0 0.7072653909882962 0.9667071549869596 0.9306688610215097
3.5470307198115747 123.0 0.7058064251781676 0.9681248920530021 0.9302522630882376
3.571086369032245 136.66666666666666 0.7025282943987472 0.972498694568722 0.9294322030381035
3.590997318802538 133.0 0.6998343974220639 0.975094392950402 0.9287084660414289
3.6554063458751394 130.0 0.6914771583036773 0.9814802575294633 0.9264951034707942
3.6676757685925776 133.66666666666666 0.6897588488459535 0.9807125500659958 0.9260281843719801
3.6944371787834105 125.66666666666667 0.6858951845098 0.9775334522054605 0.9250138452072879
3.7009305302517204 123.33333333333333 0.6850711140898146 0.9769240919342128 0.9248004108036959
3.708395364531606 123.33333333333333 0.6841687784976055 0.9762130022295546 0.924578319322931
3.7161337883153167 137.0 0.6832690659380575 0.977297059678199 0.9243591430203272
3.7201065614976683 123.66666666666667 0.6825400321339328 0.9775361582245656 0.9242179281433327
3.7786029364218163 124.0 0.6752507342922179 0.9796956009450887 0.9222614730118527
3.969350640007603 130.33333333333334 0.6589998957178622 0.9822005962843083 0.9179374164747791
3.9727248152756816 123.0 0.6587029673509688 0.9826370445733087 0.917849295016819
3.9856118341703977 128.0 0.6584541906132274 0.9852056721424629 0.9176094158505271
3.9854342697772847 122.66666666666667 0.6595869056546065 0.9866747174047797 0.9178997073846284
3.9575062825596206 122.33333333333333 0.669466978035934 0.9883141232765751 0.9207524899316339
3.9473003883124784 122.66666666666667 0.671819228736859 0.9892811584118603 0.9213824897248564
3.9352340966643036 122.0 0.6738579375792773 0.9902241954885631 0.921925882334021
3.9280838097181605 122.0 0.6748851310796826 0.990308321794898 0.9221431789364564
3.8479687407578207 120.66666666666667 0.6860006610571445 0.9886056942204824 0.9250734904683561
3.820607536811384 127.0 0.6906645842461292 0.9894257166467134 0.9262985046848173
3.711673790823285 126.0 0.7097245199553049 0.9897016382798607 0.9310911577354073
3.6941203846106943 132.66666666666666 0.7140367646710372 0.9897515596221974 0.9324808709619647
3.6809729549065824 124.66666666666667 0.7165061413019276 0.9896431690466052 0.933110331392957
3.6557317638906817 124.66666666666667 0.7212198924005593 0.9896698300771382 0.9343424543944926
3.6397079946780706 124.0 0.724080597590845 0.9902050332778927 0.935116223848616
3.6168862106732824 134.33333333333334 0.7282396359478027 0.991574113448166 0.9361714874226177
3.5897078685240014 127.66666666666667 0.7329794211910878 0.9930174325691498 0.9374016909483146
3.5635886311694134 126.0 0.7364593762376215 0.9938575346889956 0.9380783898451619
3.55240473259369 133.66666666666666 0.7393302842678905 0.9949410303343518 0.9390707042749452
3.5376556860495003 137.0 0.7418254800220176 0.9946738970710809 0.9396858405852456
3.5299044625484317 136.0 0.7430787117572991 0.9953327230886405 0.9400085853017873
3.51540728090075 131.33333333333334 0.7458381189399593 0.9964320835444852 0.940710989176332
3.5015888245948212 129.33333333333334 0.7483061481204989 0.9965343054679269 0.9413461802809032
3.480513998539201 128.0 0.7520178845036487 0.9971418621638816 0.9423141862280927
3.4658997866616694 136.0 0.7543425453820608 0.9972606222853968 0.9428932722804872
3.44429772528321 128.66666666666666 0.7574176604106995 0.9975069992059749 0.9436523894644032
3.394443016848648 131.0 0.7635942703602351 0.9976946639219137 0.9452310563960737
3.291779221143576 130.66666666666666 0.7842954878584699 0.9999182924139818 0.9504962862941665
3.272623990786976 131.33333333333334 0.7887367527284859 0.9998505667741739 0.9513886335382304
3.2553139915542344 131.66666666666666 0.7935507884809233 0.9997812698449686 0.9526151343317094
3.233817053005214 137.33333333333334 0.8002884251787872 0.99947729801131 0.9544911263042904
3.211806596205208 133.33333333333334 0.8069481005994398 0.9989186812335755 0.9561413948762335
3.2030292200854347 142.66666666666666 0.8098559833346091 0.9986698520239379 0.9568822266933513
3.194649947930931 132.0 0.8126746642239254 0.9984339946960766 0.9575819760414112
3.183582933992291 141.33333333333334 0.8163385620351714 0.9979981585552125 0.9585007810565892
3.1723988765767253 134.33333333333334 0.8197869327345303 0.9978816790526235 0.9593710528143873
3.161724364353917 137.33333333333334 0.8229863359432416 0.9969409895415199 0.9601542400723686
3.154561594880986 130.66666666666666 0.8252748374466212 0.9964710517783372 0.9607193120383962
3.1463804109358744 130.0 0.8273848832366343 0.9951699772934643 0.961095090187257
3.14425306111636 135.33333333333334 0.8281199716455151 0.9950152848475537 0.9612796526697376
3.1320522707155556 126.33333333333333 0.8329685317211356 0.9948098989632884 0.9626774982864877
3.1271936912173333 139.33333333333334 0.8345517813339093 0.9946283155663497 0.9630701647643503
3.1120965318554017 131.0 0.8388531155159072 0.9940244296119727 0.9641546013137887
3.1022026532291656 147.33333333333334 0.8414029887538921 0.9931287869809016 0.9647859343833809
3.0923220879057385 141.33333333333334 0.8438131890531704 0.9926620626863046 0.9653416347164065
3.084489213318458 142.66666666666666 0.8456005227194819 0.9922965752623416 0.9658114419701608
3.0789640527768216 147.33333333333334 0.8468900848025924 0.9921779668357152 0.9661270486834747
3.0644127243792703 135.66666666666666 0.8502269528217876 0.9923523313380866 0.9669267065885099
3.0582653102234776 147.33333333333334 0.8516433446606254 0.9923246188394486 0.9672725196959655
3.045698489561208 137.66666666666666 0.8544847366814035 0.9931682069336526 0.9680740356409856
3.0326819095251016 139.33333333333334 0.8571852051642059 0.9933954801197882 0.9686264091286269
3.0226346694100497 148.0 0.8592453109714859 0.993552869194581 0.9691203458382224
3.0119205086041974 144.0 0.86144880106956 0.9943003667602119 0.9696568280951687
2.9967801218818284 146.66666666666666 0.8642230311779386 0.995129777437747 0.9703075625155968
2.984797550319824 148.66666666666666 0.8663562725671006 0.9954522033880835 0.9708511525415445
2.9767321576914387 145.33333333333334 0.8678135771140837 0.9960240704398471 0.9711891703554023
2.960990465322558 148.0 0.8705751884272213 0.9965454093982711 0.9718698503825736
2.945480262174675 151.66666666666666 0.8733266517664203 0.996904902994061 0.9725297443812841
2.9333824685112067 151.33333333333334 0.8755756401184823 0.9975071758279483 0.9731982657085062
2.917745851209805 146.66666666666666 0.8783169090521068 0.9978960030456017 0.9737808755329196
2.9028787490463595 143.33333333333334 0.8811837696984978 0.9985720315335324 0.9742410935036687
2.892778271106876 155.0 0.8832338830438646 0.9988623812029449 0.974742239591797
2.886283427341437 149.0 0.8846171898306566 0.9989111135436995 0.9750947833103523
2.873552471061744 152.33333333333334 0.8875897419040059 0.9992772692634609 0.9758336667171144
2.863768286325742 148.0 0.889933968698668 0.9996032891173466 0.9763820387267154
2.8544902949511206 151.0 0.8921479272417541 0.9997280332862994 0.9768770228791471
2.843010655563867 159.66666666666666 0.8950634420799078 0.9996568528737597 0.9776404818495983
2.8346030740800354 152.33333333333334 0.897251208513377 0.99961216900547 0.9781728374390191
2.8177651625740046 152.0 0.9017484410211047 0.9991641433004852 0.9791608260563074
2.810646352749278 155.66666666666666 0.90460394876897 0.9988523413386268 0.9799479123965497
2.803688846460781 156.0 0.9069772358577252 0.9987099820083324 0.9804952374557491
2.7948897394610146 155.66666666666666 0.9099389846023056 0.9987988894918696 0.9812011887516568
2.781503944737716 157.66666666666666 0.9151926298152878 0.9984367644683458 0.9824496974768282
2.7760228178481565 157.0 0.9174551273510796 0.9986698367538502 0.9829873817146626
2.7712396347643886 156.0 0.9196589343681002 0.9987724044633919 0.9835217296190263
2.7654369536357812 158.33333333333334 0.9225555596102586 0.998847842317305 0.9841909591388124
2.762771643083173 157.66666666666666 0.9239157035717482 0.9989283290219789 0.984519653180148
2.7575714623630483 163.0 0.9267093951792624 0.998967756355485 0.9851821090125614
2.7539546180173664 161.0 0.9288926034638991 0.9993594871994067 0.9858156098299694
2.749834561081006 157.0 0.93229970104464 0.9994575446359193 0.9866211594876361
2.749205112088225 157.66666666666666 0.9335672443400187 0.9992549161547613 0.9869198670157839
2.7485383982743405 159.0 0.936087930313542 0.9990688340214601 0.9875225928425811
2.748605938730089 158.33333333333334 0.9373769095234926 0.9989564983595286 0.9877050223789311
2.74737971446659 156.33333333333334 0.9402041864950708 0.9986315523968166 0.9884341948358764
2.7466174731545476 161.66666666666666 0.9412435449456896 0.9979765828418874 0.9887012861800074
2.745131890363661 160.33333333333334 0.9431328283873844 0.9977864732676291 0.9890458320532426
2.7422421922472955 160.33333333333334 0.9456194350444683 0.9984821736471805 0.9896840036763123
2.7389850321146616 155.0 0.9481622786988136 0.9990470925951019 0.9902701517087801
2.7375053819830146 156.33333333333334 0.9493392072606468 0.9991158751887744 0.9905321272220027
2.7343974351954583 159.0 0.9515826588504694 0.9994073819944864 0.9910349458609015
2.7318018661248376 163.33333333333334 0.953177230364235 0.9994803230626822 0.9913950135948879
2.7237193727191107 162.33333333333334 0.9568488546241969 0.9998139063356157 0.9922031991092418
2.7187931097608584 162.33333333333334 0.9584734407520079 0.9999328396973595 0.9925613999687285
2.7114519245186712 159.0 0.9604965497108948 0.9999893009401946 0.9930064115359178
2.7055629143119817 164.0 0.9618436634829252 0.9999735785357047 0.9933127320058938
2.6991809828955264 161.33333333333334 0.9631060799952799 0.9999398991035289 0.9936565997857941
2.6902221972864018 163.33333333333334 0.9645885709193783 0.9999179626500349 0.9938128275203069
2.680930048809939 165.33333333333334 0.965969319029472 0.9998031845533214 0.9941244525068753
2.6735786525592804 163.0 0.9669867995580471 0.9996424484347203 0.9943417108012159
2.6660844575655127 160.0 0.9680268435842899 0.9994684429384315 0.9945741941474322
2.658189429832399 164.66666666666666 0.9690663533253122 0.9993035370385681 0.9948040723849749
2.650516557341098 161.33333333333334 0.9697308946550102 0.9993277815945603 0.9948751001624998
2.6425571388209534 164.66666666666666 0.9710065993019914 0.9992333086332685 0.9952249134442291
2.6307239028625355 161.0 0.9725232187413198 0.9991273540176772 0.9955503676211668
2.6236856099344075 162.66666666666666 0.9731768596675311 0.9994046276033937 0.995626995491107
2.6137135168308885 163.0 0.9747035285242339 0.9996233746835148 0.9960131082091529
2.6073911873443256 167.66666666666666 0.9754346444129053 0.9994323084814787 0.9961688996439484
2.6035134664603166 164.66666666666666 0.9759179627834325 0.9992995254339624 0.9962723063137772
2.5975867869064886 165.66666666666666 0.9767891207043673 0.9994713833122602 0.996448532707427
2.590196119320946 165.0 0.9779122990175974 0.999733846307174 0.9967521767705908
2.5841768308514537 162.66666666666666 0.9786075564340195 0.9996784388367589 0.9968631344750243
2.5782104840654076 165.66666666666666 0.9797813701234456 0.9997382510730253 0.9971550805213795
2.575466802390994 166.33333333333334 0.9799279606507743 0.9997155004219664 0.9971508310396148
2.568847476694743 165.66666666666666 0.9810233828455801 0.9996979359204635 0.9974139362682461
2.563912785547549 168.33333333333334 0.9816067171362188 0.9996544916717485 0.9975247592292534
2.5606261527266736 167.66666666666666 0.9819975178821383 0.9995864591315092 0.9976016106815141
2.5507668393487246 168.33333333333334 0.9832776022960728 0.999547363168193 0.997852372636157
2.5473465378873064 168.33333333333334 0.9836638619233364 0.9995976484085914 0.9979234687751729
2.542652815091836 172.66666666666666 0.9842557916160437 0.9995983330817028 0.9980345413144871
2.538425048623735 171.0 0.9848132648982543 0.9995328490221287 0.9981378252347674
2.53318945307823 168.33333333333334 0.9855381929697853 0.9994011562526494 0.9982645025347718
2.529067286227474 172.33333333333334 0.9861026472100871 0.9992774185027462 0.9983746734182513
2.5240170735712684 169.66666666666666 0.9867018875017355 0.9992137030317149 0.9984433321490812
2.5198801188359976 174.33333333333334 0.9872922087451205 0.9991654275696995 0.9985359987105255
2.514725181873393 172.33333333333334 0.9880754849020432 0.9990192565338871 0.998681335066065
2.5120380581711856 171.66666666666666 0.9886175275306417 0.9988830745269691 0.9988101238685104
2.5078819335497737 172.33333333333334 0.9892583082701747 0.9985215858689198 0.9989115395329897
2.5058774715798116 169.66666666666666 0.989477013565395 0.9976501936512087 0.9989396818073483
2.4975853726950303 172.33333333333334 0.9909337954806061 0.994836490876631 0.9991607125663821
2.495905896056843 172.33333333333334 0.9911899739461306 0.9949262026867068 0.9991940555900349
2.4925415694999202 174.0 0.9916869556750433 0.99509295933707 0.9992535098135175
2.490289067370351 174.0 0.9920258238802943 0.9951225681393724 0.9992629524275563
2.4880728047019445 178.0 0.9923196245418137 0.9954889893920635 0.9993157706479714
2.4767973377114707 175.0 0.9932051170915001 0.9941960002425371 0.9993467423018316
2.4734856344107348 171.33333333333334 0.9933606295285579 0.9949441904700144 0.9993216847893713
2.469548626940946 170.66666666666666 0.993499533308646 0.9958147461011682 0.9993234582031101
2.4669685477845067 174.66666666666666 0.9935706384107279 0.9967823825654317 0.9993191982192366
2.4656187669537126 177.0 0.9935583595342606 0.9973839622614892 0.9993137779845709
2.4623061120843035 175.66666666666666 0.993670539954057 0.9979820895004662 0.9992692799683558
2.459023438092381 172.33333333333334 0.9937515005713332 0.9984148977720463 0.9992639157885038
2.4571731750752073 172.66666666666666 0.9937956512158337 0.9988697643653165 0.9992552783603519
2.453543874635059 176.0 0.9938715621140048 0.9996169038187805 0.9992208203635198
2.4514687390097567 172.33333333333334 0.9939019792287732 0.9998252600628771 0.9992158756333065
2.450322173346821 176.0 0.9939261365565514 0.9998196289480387 0.9991982189191093
2.4483142463868943 173.66666666666666 0.9939811377788521 0.9997730935700909 0.9991762407018918
2.4463943476631504 178.33333333333334 0.9940151090223813 0.9997779393792002 0.9991499463190998
2.4451248827933867 172.66666666666666 0.9940179503636731 0.9998525930852201 0.999155181950242
2.4437990107773953 177.0 0.9939535413400863 0.9996560207705708 0.9991158659794268
2.442167699303197 172.66666666666666 0.993916874954397 0.999584860915814 0.9990841624516097
2.441014294456822 172.0 0.9939236727351949 0.9996127452134848 0.9990861792803554
2.43932315711745 177.0 0.9939442950553283 0.9995837674290818 0.9990562857210865
2.4375078667491095 174.33333333333334 0.9939854094297135 0.9996294237749602 0.9990576535011743
2.4361815102315756 175.33333333333334 0.9940360780762015 0.999631667171087 0.9990608396778888
2.433315106479018 178.66666666666666 0.9941108032131436 0.9997916895147783 0.9990056913593363
2.431164965092252 172.0 0.994161144469256 0.9998049765728518 0.9990159148010986
2.429267805712325 176.33333333333334 0.9942100822014872 0.999876766637043 0.9989998469583231
2.4273224160180353 176.33333333333334 0.9942604047840166 0.9999190499275253 0.9989875067082518
2.425247850251337 174.33333333333334 0.9943378801369898 0.9999399787637684 0.9990218808836564
2.423150477197703 178.0 0.9943634538826668 0.9998384478211175 0.998978536765256
2.4205733537374603 173.66666666666666 0.994419151726788 0.9995172720327581 0.9989844428557336
2.4191735161351953 176.66666666666666 0.9944381392888495 0.9992224889531313 0.9989756754127275
2.418128006728753 173.66666666666666 0.9944410708818956 0.9989870629238201 0.9989528268898413
2.416960980010094 174.0 0.994417571418283 0.9987713819089743 0.9989524358140491
2.4151579238751424 174.33333333333334 0.9943659594535397 0.9982914020241747 0.9989229529103497
2.414444529343091 174.0 0.9943813207976078 0.9984342224045775 0.9989543850379092
2.4125326134520777 175.33333333333334 0.994339032116863 0.9985250904600983 0.9988927812815691
2.4112713483644708 176.33333333333334 0.9943367085263924 0.998495021404426 0.9988745336420488
2.410168027976262 171.66666666666666 0.9943405348576024 0.9984004725784811 0.99884589477924
2.4096417767185634 173.33333333333334 0.9944041610360583 0.9981393596750778 0.9988707150138254
2.40979591990905 178.66666666666666 0.9944335289435726 0.998050951257929 0.998873522134627
2.41001140987011 176.66666666666666 0.9944824371227149 0.997734958360255 0.9988630323106128
2.4098471172585856 176.33333333333334 0.9945055740810762 0.9973984935268029 0.9988882655888286
2.409254760783874 175.33333333333334 0.9944407430643796 0.9974247220597052 0.9988108052724921
2.4091343647580135 178.33333333333334 0.994407417873484 0.9977458922829425 0.998803402378567
2.4104327488260875 175.33333333333334 0.9943644845501648 0.9979886758799107 0.99881434353645
2.4124762855361923 177.0 0.9942878237717171 0.9980900356275154 0.9987900742841015
2.413831759314743 176.33333333333334 0.9942322996526018 0.9983506968622783 0.9987708434648741
2.4149855555987765 173.66666666666666 0.9941804957511099 0.9987584444417129 0.9987712419279552
2.415844715938065 173.66666666666666 0.9941594674632452 0.9991199849766004 0.9987686816900339
2.4169959523951414 176.0 0.9941557309054748 0.9993330979630884 0.998769713200264
2.4189402358512546 178.0 0.9941230927998745 0.9992428533963889 0.9987765106289366
2.4195233243405005 171.66666666666666 0.9941370005242816 0.9993443798025111 0.998798528480816
2.4207012516876487 171.66666666666666 0.9941922985741414 0.9993379614703783 0.9988519298324184
2.4212507897133753 176.33333333333334 0.9941482332308789 0.9991515244586711 0.9988110981692261
2.421837381732479 176.33333333333334 0.9941370801743925 0.9991170962977056 0.9988164539472426
2.4220185696522765 178.0 0.9941305748064273 0.9990615402005107 0.9988280366632658
2.421896298075815 176.0 0.9940925475246793 0.998981990610959 0.9988099954503269
2.4215063252214284 178.0 0.9940797921755872 0.9991010690057586 0.9988190340306712
2.4212703923660075 173.33333333333334 0.9940672164462088 0.9991859355421088 0.998814086245961
2.4213680208994988 180.0 0.994079053397949 0.9992884760829767 0.998846879965545
2.421199240601473 176.33333333333334 0.9940302202157921 0.9993420101394603 0.9987782358374968
2.4210616242435745 178.0 0.9940080001927842 0.9994028765670123 0.9987621584778036
2.420082342002872 176.33333333333334 0.9940010988998796 0.9994835645634476 0.9987669358223413
2.419748757318722 176.33333333333334 0.9940180329495122 0.9994758856564666 0.9987561338660973
2.4193341398918626 173.33333333333334 0.9939940445856933 0.999509417631781 0.9987576710531624
2.4192102291132622 175.33333333333334 0.9939828684549152 0.9995448653929875 0.9987540287438008
2.4191003587508875 175.33333333333334 0.9939675828746863 0.9995035626335236 0.9987512104262289
2.419307888695467 176.33333333333334 0.9939984358164182 0.9994306176151133 0.998784041394975
2.4193849730188726 177.0 0.9939079837953111 0.9994040626366006 0.998730187330779
2.420198944928446 173.33333333333334 0.9938733075477185 0.9993210400341228 0.9987538675151251
2.4209442626826534 173.33333333333334 0.9938492001882748 0.9991429950340065 0.9987479250099212
2.4224490738915505 178.33333333333334 0.9938822198578743 0.9986423641099881 0.998807950178854
2.4225912726551044 179.0 0.9938377352616048 0.998442125962024 0.9987943791559806
2.422760058297054 175.33333333333334 0.9938265204521185 0.9983455697223269 0.9987985406504832
2.4235039485020793 174.0 0.9938204645943628 0.9981094275213225 0.9988104852542646
2.424276267246076 177.66666666666666 0.9938011199916899 0.9979199746098045 0.9988111956698134
2.4256000094471526 178.0 0.9938005499635757 0.997466197627658 0.9988091082277403
2.426484388680814 174.33333333333334 0.993796960113795 0.9971323164641839 0.998818641711321
2.4275384878943416 172.33333333333334 0.9938323494792387 0.9965150877871269 0.9988515247761991
2.4279071279253777 171.66666666666666 0.9938511090227823 0.9962152813554808 0.9988483338183654
2.428764114272436 173.66666666666666 0.99390251165398 0.9957559202858235 0.9988854660399099
2.429572567331479 172.33333333333334 0.9939527933919972 0.9954228010785934 0.9989013488139985
2.4298096170775216 178.33333333333334 0.9940206647247698 0.9954200182744808 0.9989162325827322
2.429655952792392 172.33333333333334 0.9940865828641439 0.995737123219319 0.9989350036578601
2.429769783352084 176.33333333333334 0.9941632576141078 0.9960596155242405 0.9989488622201479
2.4299719361996197 174.66666666666666 0.9941873978599165 0.9961974217165769 0.9989418746013986
2.430405681805974 174.66666666666666 0.99423574911246 0.9966341228873621 0.9989546447203516
2.430579646999703 173.0 0.9942602870003039 0.996900416149754 0.998970541521863
2.430577066890408 178.33333333333334 0.9942958449696484 0.9972477778364545 0.9989701943917971
2.4307347741491085 175.33333333333334 0.9943170535004106 0.9968675764422864 0.9989773795931937
2.431612910591645 174.0 0.9943463348155177 0.9965190461435849 0.9990178414624871
2.432719934068246 172.33333333333334 0.9942890775655175 0.9965748184336962 0.9989677650784542
2.4340800120342463 174.66666666666666 0.9942597632626854 0.9965133508015207 0.998981183180626
2.4346099155254195 175.33333333333334 0.994252388868631 0.996473600013446 0.998968817200898
2.4355661823013697 173.66666666666666 0.9942454919009251 0.9964684245637475 0.9989809149060237
2.4362954104765686 174.66666666666666 0.9942469188221763 0.9968557785015736 0.9989771280678741
2.4369510024186263 174.66666666666666 0.9942790591169093 0.9972716026978693 0.9990146059279279
2.4368040779157236 177.0 0.9942750017669229 0.9974502951913962 0.9989738737581932
2.4369989670053385 175.0 0.9943051373588971 0.9971930442896921 0.9989795947565525
2.4377089814592585 174.66666666666666 0.9943190769404824 0.9969346437550242 0.9989816875092935
2.438048846482231 173.66666666666666 0.9943146464068041 0.9971316684194359 0.9989811401231922
2.438660450084207 174.33333333333334 0.9942786541062115 0.997170002911984 0.9989735530632904
2.4393424502716017 172.33333333333334 0.9942198277116505 0.9972907717378001 0.9989472956500911
