2.3244746409454122 85.0 0.9990200166195514
2.3242765156770013 173.66666666666666 0.9990202612181911
2.324166128274933 177.33333333333334 0.9990252765915185
2.3239904406418024 178.66666666666666 0.9990491182116333
2.3223498024007014 178.0 0.9990245775932484
2.319734210916555 176.0 0.9989688176094912
2.3167626868096716 178.0 0.9989130128783451
2.3165346478197284 177.0 0.998909868358711
2.3152948915489184 177.33333333333334 0.9988782029266016
2.3144999779479334 179.66666666666666 0.9988629255617794
2.313913255649402 176.0 0.9988416746096471
2.314076015102454 177.33333333333334 0.9988219685584523
2.3140528309415824 179.33333333333334 0.9988151670262614
2.3150694775235814 176.0 0.9988312810473138
2.315574534090301 177.0 0.9988526784655488
2.3169508433785784 178.66666666666666 0.9988502923778151
2.3190778127820715 177.33333333333334 0.9988396219938223
2.322041294726315 179.66666666666666 0.9988339791715647
2.32679840399256 179.66666666666666 0.9987894691274639
2.3310160849329167 177.33333333333334 0.9987841187871034
2.330986989668991 177.33333333333334 0.998804681433575
2.3300406023565845 176.66666666666666 0.9987346232555725
2.3262228701309415 176.33333333333334 0.9986945950734191
2.3218495185917045 175.66666666666666 0.998621367565433
2.317590388599624 177.33333333333334 0.9984962861880914
2.311434012038691 178.66666666666666 0.9984237765519882
2.300135484195918 178.66666666666666 0.9983147016069752
2.2880234678557767 177.66666666666666 0.9982212427587914
2.2751700285014516 181.0 0.9981470675969862
2.253738272250171 180.0 0.9979361020861447
2.2325886623312177 183.0 0.9977061108097921
2.2165905367983867 183.66666666666666 0.9975065632529012
2.193771936924202 186.66666666666666 0.9971932626465733
2.1771281433868155 183.66666666666666 0.9970594147128319
2.149004785664885 186.33333333333334 0.9969023752165113
2.0908102747874304 185.0 0.9970068503105919
2.0554366540980795 186.0 0.9971792872489705
2.024214131391662 187.0 0.9972554729467694
2.0157719408575656 189.66666666666666 0.997235289579145
1.9800734940289617 187.66666666666666 0.9972363341952029
1.9333556284509306 187.66666666666666 0.9971085454825223
1.8939830493143512 188.0 0.9969497315834105
1.8599599203688215 192.0 0.9968663675206543
1.8238957130939688 192.66666666666666 0.9967441338304099
1.7874566362629325 193.66666666666666 0.9966608475476516
1.763798146260747 193.33333333333334 0.9964817360085725
1.7288645181156332 195.66666666666666 0.9960969811438094
1.704575414312548 195.33333333333334 0.9957950886898727
1.6727653590875813 197.0 0.995284243087785
1.6439510352381068 198.66666666666666 0.9948420283343052
1.6096797654945496 195.33333333333334 0.9943172986449968
1.5757396753245596 197.33333333333334 0.9941011280531499
1.5397513952937807 198.66666666666666 0.9937134897207693
1.499721133487644 198.33333333333334 0.99316121957339
1.4641530404595438 201.66666666666666 0.9924634610850636
1.4233376865644383 202.66666666666666 0.9911593019034054
1.3992543505362671 202.33333333333334 0.9902752036319972
1.3574765068812475 202.33333333333334 0.9887186251909981
1.3293510480669042 204.0 0.9876427398680065
1.2941128933710089 206.33333333333334 0.9864946861889318
1.2548266462331539 201.33333333333334 0.9853893634684804
1.2243705011558845 206.0 0.9847709948127914
1.1899403675642863 205.0 0.9847671260572577
1.1536151263365626 206.66666666666666 0.9835610303908259
1.1219566708142032 210.33333333333334 0.9841913642972033
1.092932089811349 210.66666666666666 0.9838397425226418
1.0640925874322351 210.33333333333334 0.982728371576698
1.0294257783982346 211.0 0.9813844548783855
1.0026706904152238 210.33333333333334 0.9805749342401131
0.967951004671015 213.66666666666666 0.9793605088235589
0.9385825361116938 213.33333333333334 0.9777508780547581
0.9102125718412334 213.66666666666666 0.9763354993165474
0.891524977910867 211.66666666666666 0.9753412296696653
0.8689341663140682 217.0 0.9738396544388491
0.8485886104438713 218.33333333333334 0.9724569171191492
0.8282335385943209 219.0 0.970858503046838
0.8041508879735129 222.0 0.9687761759081501
0.783914022783128 222.0 0.9669839235769312
0.753119821664041 223.66666666666666 0.9634932562694969
0.7299057798588539 225.33333333333334 0.9606339511969118
0.6985274360761774 226.33333333333334 0.9560211477582512
0.6748265756382684 230.33333333333334 0.9508040371037042
0.6523886417786648 234.33333333333334 0.94542246687738
0.628116149002504 234.0 0.9375895943808231
0.612677354572707 237.0 0.9311285336130362
0.5991410734732339 236.0 0.9253377749997834
0.5918674251336534 238.66666666666666 0.922127455893192
0.5872438331885165 239.66666666666666 0.9194095757501063
0.5870863319322996 238.0 0.918159707634759
0.5918565083143105 238.0 0.9188880459934957
0.5989933731168791 237.66666666666666 0.9211652088958419
0.6090759417857308 234.33333333333334 0.9246746060381328
0.6249225386301097 233.0 0.9299084941471566
0.6400887985632846 233.0 0.9345669444291982
0.6592899337235172 230.33333333333334 0.9394361716986367
0.685474769498122 229.0 0.944165290078613
0.7084158091916885 224.0 0.9481513839881845
0.7415792166952695 221.0 0.9533058704274215
0.7725077684611668 222.0 0.95787220132482
0.8073741107784683 220.0 0.9632402390107211
0.843931848724624 217.33333333333334 0.9668150802979567
0.8775260313247945 212.33333333333334 0.9691400237833367
0.9079015805644765 212.66666666666666 0.9708436921754772
0.9462419567053056 211.66666666666666 0.9725826467648655
0.9729192515514111 211.0 0.9733280508075801
1.0093242649814522 210.33333333333334 0.9738999550094928
1.0336663542154814 209.33333333333334 0.9741012558172374
1.0675381842444729 209.66666666666666 0.9752283060000174
1.0907296816017946 210.0 0.9758609612531046
1.1235070550228705 205.33333333333334 0.9773764940939638
1.1552877757074138 207.66666666666666 0.9783392041645652
1.1953430521959443 207.33333333333334 0.9794418904741699
1.2313384775196259 206.0 0.9802994099261475
1.2709935507555812 204.33333333333334 0.9812130624072517
1.3120119930434655 204.33333333333334 0.9828680873918961
1.3433726039964886 204.0 0.9843962721943705
1.3786846223448552 202.33333333333334 0.9858858466031829
1.4201726323237114 203.0 0.9869182369673563
1.4429331130616512 202.0 0.9872101073408651
1.4742756663811067 199.66666666666666 0.987791027578014
1.496340827720283 197.66666666666666 0.9882675165924519
1.515954790303909 197.66666666666666 0.9886332524516043
1.5412299129983094 196.33333333333334 0.9889426569412881
1.559862521388228 196.33333333333334 0.9892550382431147
1.5866368814131069 196.0 0.9893666795457058
1.6239096419422447 195.33333333333334 0.9891833013677631
1.6599227723971015 192.0 0.9890014002765362
1.7060673259454409 191.66666666666666 0.9891763088282873
1.7426808021176257 190.33333333333334 0.9894409513527342
1.7879717604805088 185.66666666666666 0.989745697649318
1.8323057126189652 188.33333333333334 0.9899264648810785
1.8713510211945716 189.33333333333334 0.9903556294175928
1.9128922758120264 187.66666666666666 0.9904624329190944
1.9459079533619565 186.0 0.9907281501967615
1.9814067155188184 188.33333333333334 0.991288660782013
2.0113985317921212 182.33333333333334 0.991849531612479
2.0425945970228927 182.33333333333334 0.9925513773524488
2.0744954841215733 185.0 0.9932731036071637
2.1055102467815 185.0 0.9938183870450777
2.138272339318395 184.33333333333334 0.9942648647008866
2.1719381815116225 179.33333333333334 0.994766009021737
2.195523090596424 181.0 0.9950859631256413
2.225156128759515 180.66666666666666 0.9954708241550898
2.245941382767359 179.66666666666666 0.9957243003537686
2.276249751610639 178.66666666666666 0.9961137226111644
2.297951234403811 175.33333333333334 0.9963774100100123
2.325754862460656 179.0 0.996526315369555
2.3530208663044125 176.33333333333334 0.9966562140801675
2.3863783386877806 175.0 0.9968419060927799
2.4141335280284606 177.0 0.9970634530178354
2.4466919100016122 174.33333333333334 0.997219123554541
2.4794697500114498 173.0 0.9973368750890919
2.5157808819524354 174.66666666666666 0.997355471097808
2.5465087771779165 172.33333333333334 0.9972755453212441
2.576215484950546 171.66666666666666 0.9971121210449746
2.59946799204194 169.33333333333334 0.9969468157432283
2.6242254779857017 173.66666666666666 0.9967794612460202
2.6507640435455744 166.33333333333334 0.9966751083884751
2.6763044657545145 166.0 0.9966138234097554
2.696938100884904 168.0 0.9965033554912087
2.714653636497228 166.0 0.9965230714014892
2.7419725828616954 169.66666666666666 0.9965522713615435
2.7695708433464925 170.0 0.9964176535426674
2.7978116686220442 162.66666666666666 0.9963142742631156
2.8205738534744227 164.66666666666666 0.9961943230309325
2.8489244387814114 162.66666666666666 0.9960730726608271
2.875766675266705 162.33333333333334 0.9960263733573936
2.9102170111237715 162.66666666666666 0.9960803501031771
2.944152506065727 159.33333333333334 0.9961613076288559
2.9851147457321505 160.0 0.9962596502964439
3.0205352984684093 160.0 0.9962779867116014
3.0516787916436825 162.33333333333334 0.9963500983500989
3.091989497446633 157.66666666666666 0.9964237447173411
3.125524332133431 156.66666666666666 0.9964883951331861
3.17207124295504 154.33333333333334 0.9965231023303055
3.2084491425508403 154.66666666666666 0.9965294717140997
3.2426874518664173 152.33333333333334 0.9965240064062746
3.267982359547423 155.66666666666666 0.9964804721663483
3.2868987803962795 149.0 0.9964467771664562
3.3046462133838554 150.0 0.9963663269188768
3.3275355513014317 145.66666666666666 0.9963046414426282
3.3436898543739395 149.33333333333334 0.9962970312961626
3.3687267439025255 154.33333333333334 0.9963347595612622
3.387996841731065 144.33333333333334 0.9964566235392013
3.4093061326784784 151.66666666666666 0.9965618876347568
3.43060873798114 143.66666666666666 0.9966455373947479
3.448878883856154 135.33333333333334 0.9967190488686761
3.4757911186233534 149.33333333333334 0.9967672183285704
3.497856637904063 146.33333333333334 0.9967392696579257
3.521286939047033 136.66666666666666 0.9966963077694643
3.550906698200279 146.66666666666666 0.996597067878956
3.5719601601324023 139.33333333333334 0.9965180040800882
3.6033689862204157 140.0 0.9964699735709912
3.62230032548496 138.66666666666666 0.9964872116673964
3.65847075604252 138.66666666666666 0.996510680970654
3.6831166669007267 138.66666666666666 0.9965176523081948
3.714412512642724 143.33333333333334 0.9965272299348733
3.742581011732098 147.0 0.9965054271604766
3.7685360064199043 133.33333333333334 0.9964970409873233
3.7983350086591336 143.66666666666666 0.9964737317175326
3.8194243509273007 115.0 0.9964363426814151
3.841666128521172 131.0 0.9963989258536793
3.860879523384454 132.66666666666666 0.9963868920834793
3.8799393671302167 115.66666666666667 0.9963988512723873
3.9006351215447745 138.66666666666666 0.9964584565445523
3.9155855726552455 115.66666666666667 0.996539490588177
3.942251289309273 134.66666666666666 0.9967026800243249
3.9649696360205136 117.0 0.9967709375953531
3.9860145171929786 132.33333333333334 0.9968162648982355
4.016066143706783 115.66666666666667 0.9968268763081976
4.03424429000614 133.33333333333334 0.996886462193072
4.065682621440694 113.66666666666667 0.9968681672979832
4.091669678221246 112.66666666666667 0.9968122942725912
4.117315211485606 114.33333333333333 0.9968190672559577
4.146466343468472 115.66666666666667 0.996769644834534
4.17146731652831 114.66666666666667 0.9966147168997462
4.193989832515699 116.33333333333333 0.9965222026236346
4.221899889623531 139.33333333333334 0.996476953100515
4.245853537353122 114.33333333333333 0.9964634179974777
4.26667901354553 113.0 0.9964092291746245
4.289430894543114 116.33333333333333 0.9964718969923929
4.31241881407145 113.0 0.9965283520447992
4.326551628954542 132.66666666666666 0.9965577736015301
4.346705425653225 140.0 0.9966803024908415
4.358484565213023 142.66666666666666 0.99674061929463
4.3705782785258 111.66666666666667 0.9967601108740928
4.381207505124717 114.33333333333333 0.9967884970398682
4.402012490714803 137.0 0.9968374695318566
4.416818477002238 112.66666666666667 0.9968864981527892
4.442850829480451 129.66666666666666 0.9969481107641737
4.463738954518807 110.0 0.9969797923430411
4.489205473587228 112.33333333333333 0.9970221839756345
4.512059850660654 141.33333333333334 0.9970950393226471
4.538007358246466 106.0 0.9971381201552589
4.563375014411613 134.0 0.9970966886254534
4.589853874184364 108.33333333333333 0.9970372602371146
4.617498829722539 108.66666666666667 0.9970518163124933
4.653585741605332 107.66666666666667 0.9970501352101042
4.7127341939271465 132.0 0.9969315164147559
4.740919248034434 142.33333333333334 0.9968259047814497
4.766734782650455 133.0 0.9967111624753118
4.770539452310468 110.0 0.9967027247223538
4.8024746455136915 128.0 0.9966102276087394
4.826967134051709 107.66666666666667 0.9965610420565632
4.851421555884729 126.0 0.9965384022395083
4.892244995957008 103.33333333333333 0.9964877488980189
4.9195646783503415 106.33333333333333 0.9964367338185778
4.949964890354401 106.0 0.9964293224523519
4.979647812558311 127.0 0.9964114387048838
5.005852050881477 103.33333333333333 0.996428864486024
5.025874421852075 132.33333333333334 0.9964291961294216
5.059642153621453 105.33333333333333 0.9964540157421993
5.081618845684307 124.0 0.9964669049232324
5.085022682919161 105.33333333333333 0.9965060032318327
5.136923015794161 99.66666666666667 0.9964906453006518
5.13988554185518 107.0 0.9964995367716605
5.185348566037645 102.0 0.9964524939374867
5.199455152879362 101.66666666666667 0.99646814149117
5.226086545825653 120.66666666666667 0.9964400153497348
5.245373195185609 121.0 0.9964542940305473
5.269111590139781 122.0 0.9964539696574739
5.293140527965718 98.33333333333333 0.9964938151494684
5.314866702351105 102.66666666666667 0.996528126086235
5.33992461964909 132.0 0.9965354113395437
5.359398432438401 102.66666666666667 0.9965306994654637
5.379963301096964 100.66666666666667 0.9964661774534022
5.403040175900242 101.33333333333333 0.9964040749004893
5.423386354633969 124.33333333333333 0.9963164980799343
5.443136910353967 103.33333333333333 0.9962429768154243
5.469094069181401 102.0 0.9962196767173924
5.487945389555597 119.66666666666667 0.9961742994511494
4.933122333355748 105.33333333333333 0.9936212760028628
4.840199093091169 125.66666666666667 0.9933147226523885
4.829445674390976 124.66666666666667 0.9932482826061619
4.825890131335593 106.33333333333333 0.9932255488074426
4.798258501434116 124.66666666666667 0.9930751098571861
4.770730299733462 107.33333333333333 0.992997770068101
4.764555899119472 135.33333333333334 0.992970879904664
4.737937717591548 128.33333333333334 0.9929769465479804
4.734210698433784 109.33333333333333 0.9929792169638545
4.716054238524834 124.66666666666667 0.9930128793498469
4.683761755992106 109.0 0.9931693137423412
4.65532157272191 131.66666666666666 0.9933077246592817
4.620001368875046 108.33333333333333 0.9934243664150746
4.580895546490761 126.66666666666667 0.9935300083198781
4.546940044527889 141.33333333333334 0.9935784257048701
4.513395882123179 139.66666666666666 0.9936542434662116
4.480091379007361 136.66666666666666 0.9937293044170594
4.447537811228901 129.66666666666666 0.9937462018397144
4.422135083257621 104.0 0.9936804181320595
4.4005183622943225 111.66666666666667 0.9937239082217291
4.366917970585968 111.66666666666667 0.9937994361676249
4.3381728248116245 135.33333333333334 0.9938077739593156
4.310308876158547 110.66666666666667 0.9937991528365213
4.280319318407807 132.33333333333334 0.9937470921890453
4.2440301201348865 131.33333333333334 0.9936290190449703
4.21159758722365 131.66666666666666 0.993487671480586
4.181489629224054 111.66666666666667 0.9933038139207815
4.136142940141878 115.0 0.9930433017968558
4.1043228091578925 117.0 0.9927283997838192
4.066385439343211 113.66666666666667 0.9923690821629715
4.0348971363212325 114.66666666666667 0.9921017323666049
4.0041601164848 115.0 0.9918587973644728
3.9758176008429746 132.66666666666666 0.9915072345805851
3.950655102185894 134.0 0.9912601238592004
3.9112739098605456 132.0 0.9910214278938083
3.879138288757374 141.66666666666666 0.9908700386840076
3.8489758968029246 138.33333333333334 0.9908043959440365
3.8060438585694287 138.0 0.9908050485822629
3.761010292031602 138.66666666666666 0.9908110161215529
3.7287575597041975 132.66666666666666 0.9909798465870401
3.6945126793072096 146.33333333333334 0.9910334582331576
3.655546866558669 139.66666666666666 0.9911844092956188
3.6261303019274176 137.66666666666666 0.9912729900731504
3.5909476268274534 145.0 0.9914051338454731
3.567907563984643 137.0 0.9915134820840941
3.532386241242629 146.66666666666666 0.9917867926235586
3.4952970650175503 146.0 0.9920309724130457
3.4664672546712025 143.66666666666666 0.9921028116896475
3.433416989810751 146.66666666666666 0.9921705706936541
3.398441516081777 152.33333333333334 0.9922176182635046
3.357872228116853 147.33333333333334 0.9921980393366042
3.3251880925215254 150.66666666666666 0.9922122256546135
3.2924705663504024 153.0 0.9922320318395124
3.262077034705034 153.33333333333334 0.9922709098725483
3.2376440194533767 157.33333333333334 0.9922050673333498
3.2040422488950577 157.0 0.9921376790901715
3.1757766114957224 155.33333333333334 0.9921484222175593
3.138783785569717 158.33333333333334 0.9922166840647958
3.1105372756288787 156.66666666666666 0.9924197481867969
3.0653228979473037 160.0 0.9928459178117276
3.037244612111969 162.33333333333334 0.9930075909296207
2.9816615154709414 164.33333333333334 0.9934863467542276
2.9428899415850047 164.33333333333334 0.9937888522889594
2.9105124774214763 163.33333333333334 0.9941952315117231
2.8751851302503812 166.66666666666666 0.9945103844704015
2.8399835437136804 166.66666666666666 0.9947829928717628
2.809091413435049 163.33333333333334 0.995042352910853
2.7819429616073266 168.0 0.9952295730129654
2.7535795026891496 167.0 0.9954224586200046
2.720604580186608 169.66666666666666 0.995529024567597
2.6918433137239384 169.33333333333334 0.9956863174927683
2.6610068447887274 168.66666666666666 0.9959318461567492
2.634565828371676 164.66666666666666 0.9960296510284483
2.6107616574802037 167.33333333333334 0.9960998570603571
2.5880663803087933 166.33333333333334 0.9961294855238313
2.5672580490191126 174.66666666666666 0.9961016049685479
2.542854572906561 170.0 0.9961184317827252
2.520304957272628 168.0 0.9960297768925273
2.4999396249478165 171.66666666666666 0.9960272798536588
2.481960755742729 173.0 0.9960480637329829
2.4706868935045585 175.0 0.9960355627936116
2.4541068887839743 174.66666666666666 0.9959737585985713
2.4432028201235223 171.0 0.9958678724589438
2.435189841058036 174.66666666666666 0.9958979984524522
2.4271822175866102 176.33333333333334 0.9960044206392776
2.420324868879231 176.33333333333334 0.9961368998571146
2.410282181720497 177.66666666666666 0.9963596129464266
2.408202644759949 174.66666666666666 0.9963173043275626
2.4010466775211237 178.33333333333334 0.9963937533604834
2.3915762641653533 174.66666666666666 0.9964966426330987
2.38183255761536 175.33333333333334 0.9967514885927928
2.3698429229717806 175.66666666666666 0.9970247955212025
2.3582413473792605 176.33333333333334 0.9972398969300605
2.3462064884865375 176.33333333333334 0.997417874168561
2.341495170009802 177.33333333333334 0.9974564700974505
2.331490279678281 172.0 0.997410810479558
2.3247334673673588 181.33333333333334 0.9972733728075385
2.3164943394737345 174.0 0.9971106949153912
2.3056384258301468 176.66666666666666 0.9969990255634922
2.29915757768376 176.66666666666666 0.9969169805611352
2.2933546484787013 178.66666666666666 0.9969273945053303
2.2886964042786806 177.66666666666666 0.9969333552647462
2.2848686043272726 174.33333333333334 0.9967216687805096
2.2804014205598278 178.0 0.9965488272704769
2.265252638951823 178.66666666666666 0.9963798922695993
2.2468587706910736 180.0 0.9960669140765664
2.231259238321886 180.33333333333334 0.9959869389814762
2.2107367207077258 178.33333333333334 0.9960555468076104
2.192083726044533 185.33333333333334 0.996342396743739
2.166318301033767 178.66666666666666 0.9963785332737412
2.1083031333091684 187.0 0.9967185461212889
2.0774601842093845 186.33333333333334 0.9969147109331781
2.049015418111321 186.0 0.997100310643707
2.0391167650168796 185.33333333333334 0.9971532113049559
2.016785905425242 187.0 0.9971689856702243
1.9911364684118575 189.0 0.997153604287324
1.9581074069530733 189.0 0.9970343829810823
1.914275461827229 188.33333333333334 0.9968135674474913
1.878169659415753 191.66666666666666 0.9965226905695912
1.842373856479612 192.0 0.9962612889225454
1.8062270305019452 195.66666666666666 0.9958948696041448
1.7709155357894106 193.66666666666666 0.9953696880214897
1.7251014411804397 195.0 0.9945431672105204
1.673506608259771 193.66666666666666 0.993377848868712
1.6263319810156742 195.0 0.9920348366822741
1.5853451037155861 196.33333333333334 0.9913859766153402
1.530470480290581 198.66666666666666 0.9906441924816672
1.4874084301600639 198.66666666666666 0.98986832320273
1.4337419476424529 203.0 0.9891506478022872
1.3919018519746509 204.33333333333334 0.9889440905148039
1.3411147431516361 202.0 0.98881645042245
1.292831315094744 206.0 0.988818380234463
1.250923974699929 207.66666666666666 0.9886259948907824
1.2153335332927524 208.66666666666666 0.9885531733541131
1.1709640252862468 209.0 0.9882973699021187
1.1352800615802825 209.0 0.9871754819719697
1.1038469884056161 208.66666666666666 0.9856098484269413
1.0607776235096367 210.66666666666666 0.9840206879561563
1.0271224682769842 211.0 0.9827548822992508
0.9937068711097768 213.66666666666666 0.9804983159590536
0.962387657518177 212.0 0.9781774353040438
0.9325055917352756 213.33333333333334 0.9763212349096319
0.9029507695974862 214.33333333333334 0.9739044340719645
0.8727128383362214 213.66666666666666 0.9713426101935145
0.8520301811321632 218.0 0.9687460789264949
0.817270891310919 220.33333333333334 0.962986230921525
0.7958377050797383 220.33333333333334 0.9576155566231659
0.792768986246141 222.66666666666666 0.956828311946534
0.7431202891435856 223.0 0.9419558768223412
0.7400328901015423 223.0 0.9406129399158653
0.7159165841075912 224.66666666666666 0.929788237939256
0.6732181396258796 228.33333333333334 0.9067201797580824
0.6477415758779577 229.33333333333334 0.8905327888419706
0.627775975997529 234.66666666666666 0.8778895412683895
0.6019778859945574 235.0 0.86193781573018
0.5775188244253588 239.33333333333334 0.8472240079621306
0.5488423591597082 238.66666666666666 0.8341434120400424
0.5284427030811243 247.33333333333334 0.8248658694572484
0.5103118579170547 248.33333333333334 0.8143626740062305
0.4948529933272428 248.66666666666666 0.7973168225806986
0.480972469814826 249.33333333333334 0.7711384054079421
0.46987672378058243 248.33333333333334 0.748110117659887
0.4580881367969732 249.33333333333334 0.7244253445117019
0.4482611389739453 250.0 0.7017494399301696
0.4395577829135837 249.66666666666666 0.6841358117442943
0.4283551064688543 250.66666666666666 0.6676614763480846
0.4193837660021043 252.0 0.6600066987923233
0.41377192776058364 251.66666666666666 0.654363265896513
0.4081179889259112 252.33333333333334 0.6495059157027762
0.4073771972481499 252.66666666666666 0.6518007957293013
0.40929028091300995 253.0 0.6585214445035379
0.41238850425929663 253.0 0.6691218133853872
0.41813809503320254 253.0 0.6882847831284796
0.4303563742552901 251.66666666666666 0.7111379138292816
0.4450684187110448 251.66666666666666 0.7310133401705787
0.4684026063889057 249.66666666666666 0.7588104191123816
0.4917557125801275 248.33333333333334 0.7860070531835511
0.520737603736285 246.0 0.8170069825956752
0.5498691155751838 240.66666666666666 0.8443214389764849
0.5814999010943516 237.0 0.8701183741546726
0.6179751754979902 236.33333333333334 0.8951919827197884
0.6533784977884072 230.33333333333334 0.9139922899385768
0.687822609457789 227.0 0.9258684152289809
0.7345052194991231 223.66666666666666 0.9361571250982736
0.7721254159222634 219.66666666666666 0.941974051050662
0.8092443554020734 218.33333333333334 0.9474006701008257
0.8627655521283285 212.33333333333334 0.9534348375776668
0.9082132067622297 210.66666666666666 0.9573250486274276
0.9575400366745267 208.66666666666666 0.9597928922939293
1.008209775922618 210.0 0.9623492054351367
1.0651697094480561 207.66666666666666 0.966000192175935
1.1142737996071093 207.66666666666666 0.9696574105198328
1.157130608550191 207.0 0.9725629593631845
1.2118686297226424 207.0 0.9753377357704351
1.2540345496517706 204.33333333333334 0.9769790621150565
1.3070351925550283 201.66666666666666 0.9794114163960356
1.3477953739814754 201.0 0.9808771161192272
1.4545847369731209 199.33333333333334 0.9840961465678233
1.460895705615021 200.0 0.9842965215758337
1.5018830785118913 197.0 0.9854508862189533
1.5490862068067153 195.33333333333334 0.986527849787495
1.6071995508971915 197.0 0.9873367513612528
1.6540752433080372 197.33333333333334 0.9879770464813571
1.7109856875450473 193.0 0.9891377065169663
1.7522636154929239 193.33333333333334 0.989935554122048
1.8054632237583905 188.66666666666666 0.9909197509526679
1.8478134902039995 190.0 0.991444911266146
1.8865099739018654 186.66666666666666 0.9919053076178431
1.9291421838338074 190.0 0.9923473403072555
1.9642505192565858 186.66666666666666 0.9924943229410385
2.0115477028904154 183.0 0.9926054313517512
2.049481885793393 185.66666666666666 0.9926031319238645
2.0939525599853486 186.33333333333334 0.9929221557100295
2.125002159351291 181.0 0.9929896917514599
2.1680427317779167 182.66666666666666 0.9931771212589697
2.196748430779004 180.0 0.993210310407528
2.235613667790497 176.66666666666666 0.9931079166933447
2.2700652832834014 178.66666666666666 0.9930912271401008
2.293531218526888 178.66666666666666 0.9933752100360989
2.327708809680075 182.33333333333334 0.9937400739706865
2.346826778671174 174.33333333333334 0.9939362642462878
2.3686953617033093 175.0 0.9941832988467325
2.3921217979847365 178.33333333333334 0.9945507550050701
2.4103219066457324 176.0 0.9949275168371585
2.423791385052319 176.0 0.9952060990024428
2.4325151841742008 177.0 0.9953938036991001
2.4353124933239796 177.66666666666666 0.995582597594537
2.431902970960147 174.0 0.9957086190839546
2.4254675468263542 177.0 0.9957160477998267
2.4194264023379564 175.33333333333334 0.9958103993039837
2.4127990482820167 178.33333333333334 0.9959229933860061
2.4008989686754183 176.66666666666666 0.9962020467925256
2.3929080486068086 175.66666666666666 0.9964111326406271
2.38087892435018 175.66666666666666 0.9968271870737375
2.3706126685207938 176.0 0.9971828284521671
2.356050825618844 177.33333333333334 0.9974866130398862
2.3551912958299543 172.0 0.9975020289282392
2.3502737143333827 172.0 0.9976482920279383
2.3450936697586977 178.0 0.9977825623648575
2.3406895723001386 177.66666666666666 0.9979253953910605
2.337852071164973 180.66666666666666 0.9981223637257048
2.3356872954315997 176.0 0.9983408107570757
2.3322786241277633 176.33333333333334 0.9984468997566099
2.3289011705561067 177.0 0.9985211402509162
2.3281433155424023 176.66666666666666 0.9985737634527342
2.327587416832781 177.0 0.9986394526624471
2.3284740346580186 180.33333333333334 0.9986928463615228
2.3286494253473147 178.66666666666666 0.9987392204419285
2.327654347842845 176.66666666666666 0.9987591870217607
2.32684038220469 176.0 0.9987674776328153
2.3273301482969284 174.66666666666666 0.9987759040630733
2.327110646741867 179.66666666666666 0.9987765848420029
2.327510550527597 176.66666666666666 0.9987898721009464
2.327164102337815 176.66666666666666 0.9987872186569215
2.327089410892725 176.66666666666666 0.998803511471687
2.327761171983493 180.0 0.9988076236762159
2.328338073047001 175.66666666666666 0.9988044417417092
2.3300333154331536 177.66666666666666 0.9988206442179058
2.330493485792784 182.33333333333334 0.998836801948933
2.330192742057084 177.33333333333334 0.9988577460448704
2.3301458910523514 176.66666666666666 0.9988774740315578
2.330891172364988 179.0 0.9988899103349964
2.331347176291073 179.0 0.9989241762990684
2.3314599743789794 178.66666666666666 0.9989390026509714
2.333349727038552 178.66666666666666 0.9989293834010398
2.3353277105413994 178.66666666666666 0.9989182020354729
2.3359246498023234 178.66666666666666 0.998990638756638
2.3331226092025323 174.33333333333334 0.9990600591243275
2.332685211301116 179.33333333333334 0.9991674926661399
2.3334421359725828 178.66666666666666 0.9992808372908579
2.3332558420276435 177.66666666666666 0.9993306051996041
2.3299156521283955 178.66666666666666 0.9992587404312425
2.327821633485496 176.0 0.999194311827629
2.325580711707298 179.33333333333334 0.9992397690421558
2.325420749319163 177.33333333333334 0.9992404434879446
2.324646572222535 179.33333333333334 0.9992829913676827
2.3233185730154253 177.33333333333334 0.9993215247606831
2.321791496963405 175.66666666666666 0.9993511827426822
2.321576618266368 180.33333333333334 0.9993640113902209
2.320028492393017 179.0 0.9993955559861474
2.3188398404752792 176.66666666666666 0.9994149669129333
2.318558847519928 178.0 0.9994019876987943
2.3186878184418185 178.0 0.9993761432095014
2.3184500910399937 172.33333333333334 0.9993561551337318
2.318308127564837 178.33333333333334 0.9993576040757431
2.318638800532774 178.33333333333334 0.9993568413978902
2.3183537757684896 176.66666666666666 0.9993579852589153
2.3183368457621927 170.66666666666666 0.9993566098213502
2.3186049536584354 179.0 0.9993612574093302
2.3190689507647924 176.66666666666666 0.9993362417741127
2.3189699041414533 179.33333333333334 0.9993331340074121
2.318937018614166 175.0 0.9993367234595054
2.3190162735593303 176.66666666666666 0.9993366392295727
2.318892183915776 176.66666666666666 0.999335669727732
2.3189631833375626 177.66666666666666 0.9993295638086207
2.318666303010169 176.66666666666666 0.9992804018418839
2.318678601269068 180.33333333333334 0.9992817073926347
2.318694651580112 179.66666666666666 0.9992803547109173
