1738589833.2012491 177
1738589833.2345898 184
1738589833.2679315 187
1738589833.301272 177
1738589833.3346138 182
1738589833.3679543 187
1738589833.401296 177
1738589833.4346366 185
1738589833.467978 187
1738589833.5013187 178
1738589833.5346599 184
1738589833.5680006 187
1738589833.601342 175
1738589833.6346824 184
1738589833.6680238 185
1738589833.7013643 177
1738589833.7347054 186
1738589833.768046 185
1738589833.8013875 176
1738589833.8347278 183
1738589833.8680692 186
1738589833.9014091 177
1738589833.9347506 185
1738589833.9680908 186
1738589834.001432 177
1738589834.0347722 185
1738589834.0681133 184
1738589834.1014514 177
1738589834.1347983 185
1738589834.168144 185
1738589834.2014909 176
1738589834.2348368 185
1738589834.2681842 184
1738589834.3015301 177
1738589834.3348773 187
1738589834.3682232 184
1738589834.4349165 187
1738589834.4682636 185
1738589834.50161 176
1738589834.5349572 187
1738589834.5683038 185
1738589834.6349976 187
1738589834.668345 184
1738589834.7016914 177
1738589834.7350388 187
1738589834.7683854 183
1738589834.8017333 176
1738589834.8350797 187
1738589834.8684273 184
1738589834.9017742 175
1738589834.9351218 186
1738589834.9684684 183
1738589835.0018165 177
1738589835.0351634 187
1738589835.0685112 183
1738589835.168543 181
1738589835.201885 176
1738589835.235226 187
1738589835.2685676 182
1738589835.3019085 178
1738589835.3352501 186
1738589835.3685908 182
1738589835.4019327 176
1738589835.4352734 188
1738589835.468615 181
1738589835.5019557 177
1738589835.5352974 188
1738589835.5686378 179
1738589835.6019797 179
1738589835.6353204 187
1738589835.6686618 182
1738589835.7020025 176
1738589835.735344 187
1738589835.7686846 182
1738589835.8020258 178
1738589835.868708 181
1738589835.9020483 177
1738589835.93539 186
1738589835.9687302 180
1738589836.0020716 179
1738589836.035412 189
1738589836.0687535 181
1738589836.1020925 179
1738589836.135438 189
1738589836.1687825 179
1738589836.202128 178
1738589836.2354727 189
1738589836.2688181 179
1738589836.3021626 178
1738589836.3355083 187
1738589836.3688529 179
1738589836.4021986 177
1738589836.435543 188
1738589836.4688888 183
1738589836.5022335 179
1738589836.535579 188
1738589836.5689235 177
1738589836.6022692 180
1738589836.635614 188
1738589836.6689596 176
1738589836.7023044 179
1738589836.73565 189
1738589836.7689948 179
1738589836.8023405 179
1738589836.8356855 189
1738589836.8690312 179
1738589836.902376 179
1738589836.9357219 189
1738589836.9690666 176
1738589837.0024126 181
1738589837.0357573 187
1738589837.0691032 180
1738589837.1024501 179
1738589837.1357913 188
1738589837.1691313 178
1738589837.2358124 188
1738589837.2691534 180
1738589837.3024933 178
1738589837.3358343 189
1738589837.3691742 178
1738589837.4025152 179
1738589837.435855 188
1738589837.4691958 178
1738589837.5025356 181
1738589837.5358765 188
1738589837.5692163 177
1738589837.602557 183
1738589837.6358967 186
1738589837.6692376 178
1738589837.702577 182
1738589837.7359178 187
1738589837.7692573 178
1738589837.8025982 182
1738589837.8359377 186
1738589837.8692784 176
1738589837.9026177 182
1738589837.9359581 186
1738589837.969298 177
1738589838.0026383 183
1738589838.0359778 186
1738589838.069318 175
1738589838.1026564 183
1738589838.1359992 187
1738589838.1693413 177
1738589838.2026844 184
1738589838.2360263 187
1738589838.2693694 175
1738589838.3027115 184
1738589838.3360543 185
1738589838.3693964 177
1738589838.4027395 183
1738589838.4360816 188
1738589838.4694245 177
1738589838.5027666 185
1738589838.5361097 185
1738589838.5694516 176
1738589838.6027946 182
1738589838.6361368 187
1738589838.6694798 174
1738589838.7028215 184
1738589838.7361646 185
1738589838.7695067 178
1738589838.8028495 185
