2.3284604389500463 175.413 0.9992054131752965
2.328757991773459 178.20159999999998 0.9992305223616631
2.328581348174299 177.9826 0.999202699639082
2.3303914889291057 179.7712 0.9991738778121836
2.329570197758011 176.1294 0.9991644904198236
2.329562382769112 177.9878 0.9991589785974759
2.3300236773632674 178.2004 0.9991634479741809
2.3313799628631138 179.9838 0.9991542880409657
2.3321481437761538 181.9878 0.9991772577056458
2.331846454081454 181.27259999999998 0.9991465374220126
2.3326946663089996 181.7712 0.999163104689058
2.333951083999348 180.2004 0.9991651379785494
2.332207994104079 177.9838 0.9991548113327294
2.3321721184945634 180.989 0.9991361934172968
2.332666019856879 178.2004 0.9991109163666314
2.331681596912743 176.6268 0.9990580533922154
2.331867391601193 178.20159999999998 0.9990159272186904
2.332156496179723 176.6268 0.9989570205751962
2.3336433677915953 179.26979999999998 0.9988589256419008
2.336039978406017 181.2698 0.9986971450912401
2.3364311743818864 179.1294 0.9984822534068877
2.3361617482925836 177.41819999999998 0.9981300289054578
2.334587930449118 179.4182 0.9976381748463301
2.3368961418077268 177.6308 0.9969288362990352
2.34031958691475 182.69899999999998 0.9961442616640256
2.341436909525273 182.346 0.9952205148414276
2.3434643347875137 180.63079999999997 0.9942362638667569
2.352494471092821 174.77120000000002 0.992247207038507
2.357358006834769 177.342 0.991170547926579
2.3640949782532545 176.6256 0.989687644375271
2.3693130481988205 178.6256 0.9875857708734119
2.373028824832521 180.34199999999998 0.9858452361610982
2.377502636318259 180.84339999999997 0.9841977455945387
2.38341085595882 177.4864 0.9822006765195005
2.3925216865386183 175.4812 0.979321296815701
2.401112602350229 179.48239999999998 0.9767851147211746
2.4091868101378355 178.699 0.9742787270216502
2.4195642500807946 175.55059999999997 0.9719441403592666
2.433464970494926 178.55579999999998 0.9696717465789315
2.44823521322834 173.8394 0.9682253891281041
2.4623161550151433 177.69619999999998 0.9671001966746409
2.4700058418164073 178.6962 0.9669360975198663
2.4785930487732966 174.9116 0.9669242791160116
2.4850806947175417 176.7644 0.9669551285523665
2.487727171441549 178.90879999999999 0.9668393588326585
2.4884252261328057 178.6962 0.9669316815329686
2.4841997759787016 173.90879999999999 0.9674266064449115
2.4839541257363233 176.624 0.967450468293989
2.4827629893334757 176.624 0.9677583945956849
2.4831024518108067 176.9168 0.9678226865203992
2.4826739450294086 172.05719999999997 0.9678116897379163
2.481635923265814 178.6962 0.9676456374899807
2.481794456197782 178.6962 0.9671852495903186
2.4834811522770455 177.69619999999998 0.9667667074081595
2.487907265565643 178.6962 0.9664820856673211
2.4909171913706882 175.1242 0.9661403577484255
2.495594945888954 176.624 0.9655805759917366
2.498064154305098 179.98899999999998 0.9639055309163878
2.501077803250143 173.8406 0.9627375099747593
2.5048869747962237 175.05720000000002 0.9610117125802607
2.5109674472474834 178.6962 0.9587750269076495
2.5177369415726814 177.90879999999999 0.9564912345619644
2.527216801578334 178.624 0.9527132487842018
2.533220011770848 176.48359999999997 0.949668303247168
2.5372174409660215 176.48359999999997 0.9468673145369957
2.545443170655654 173.5518 0.9416723966933469
2.5507032229538065 169.69219999999999 0.9373275576953524
2.555863620216203 170.7644 0.932524407748422
2.5619402459245553 174.83659999999998 0.9292759960395067
2.569040113140473 176.624 0.9250395856994247
2.5850034440135925 171.0452 0.9194047180273529
2.5947179359767136 168.1146 0.9162378997636607
2.5959235229423774 169.96899999999997 0.9158657424333001
2.6031091215121447 170.4716 0.9135111191597409
2.606963786749563 172.11860000000001 0.9123171330072457
2.6251268290186247 170.259 0.9073285063860194
2.6416393064540573 173.1186 0.9025483782580946
2.6583881471399398 169.11059999999998 0.8981854321595677
2.676329954786034 166.03719999999998 0.8930361250035472
2.6902584243930088 167.32319999999999 0.8888984897963041
2.6921387334560962 168.6172 0.8883165815443833
2.704079413763742 169.32319999999999 0.8840784120203725
2.7281106623384437 164.6092 0.8734739166279014
2.735379396279572 168.3284 0.869432314913005
2.744500118537448 165.4596 0.8650035019618418
2.749450357067125 162.184 0.8605305020872446
2.7549755595741092 163.68259999999998 0.8571196778154838
2.7608360751120515 164.6092 0.8528714118965897
2.7680539580452868 164.39659999999998 0.8482419996817342
2.774482853166762 163.67059999999998 0.843901775230161
2.7794700653896607 167.4006 0.8403816662923315
2.7892165239706714 166.67739999999998 0.8347387201708578
2.7988017493357558 166.6104 0.8301014895561372
2.812895490506848 165.60920000000002 0.8234984977125531
2.8249533184597673 167.8884 0.8193126215394357
2.8377754781994122 163.4608 0.8142392099233183
2.845618841579701 165.6052 0.8113201154335594
2.8613752158905457 165.3108 0.8072740851897486
2.872887331189557 164.176 0.8048502200962141
2.886328068869067 163.31359999999998 0.8021584156074211
2.903380727571352 165.529 0.7988198465470301
2.9179420528847073 166.67059999999998 0.7963746284008513
2.937344698166374 161.3806 0.7940437448132115
2.951621378102913 162.521 0.7909842059343725
2.971184224231315 165.59720000000002 0.7873513836014031
2.991645530584259 166.60240000000002 0.7841594769333929
3.006153500678232 163.3818 0.7819456959204294
3.0171965355009718 156.5716 0.7776222542148286
3.028953385084455 160.0838 0.7729329815904623
3.038723292961466 162.8644 0.7686603447482737
3.0464124530579193 160.3602 0.764563317708097
3.0541326890939815 159.1532 0.7600325913059734
3.0598170654055665 157.7786 0.756344319923364
3.0673172750187585 163.2318 0.7524803974544132
3.0830830265633296 157.856 0.7469593729419491
3.09624031297766 151.6752 0.7432219207830568
3.1069214184220812 157.5768 0.7392857474616283
3.1208887148175344 158.9964 0.73470210484921
3.1223627247840766 158.9964 0.73424583286978
3.1502334928549045 156.7734 0.7278924726000444
3.1603681109713104 160.852 0.7257191420899841
3.175079117452683 150.67 0.7228772301310007
3.188050751330764 155.38639999999998 0.7200621205726049
3.200182108533456 160.4954 0.717222855416337
3.2131388800155487 157.7786 0.7149669197921452
3.2267805954390143 152.5256 0.7125770308928948
3.245468615395095 154.6712 0.7092667190615284
3.2475242907652797 159.63420000000002 0.7089082264318138
3.281654523939643 153.6082 0.7033514946567654
3.29769476189459 159.79340000000002 0.700548221215733
3.312489321752119 148.8144 0.6997816513318246
3.3321332191912614 160.7212 0.6973035563940444
3.3451858793617144 156.8508 0.6957702009804594
3.3560714042982753 146.4562 0.6948302007087389
3.3659257722506326 151.5978 0.691289163195025
3.3718094366360845 156.8508 0.6895232707538962
3.3808046792242816 147.7514 0.6883062762850659
3.3890953590459936 153.6082 0.6855570798412489
3.3964183465658224 153.93220000000002 0.6839816990668631
3.4046169967166424 154.86 0.6820877413757934
3.4107841165306776 157.80259999999998 0.6803172201004644
3.417185377718791 154.86 0.6782293613285293
3.4263622978059964 147.384 0.6769001772587216
3.439082022070788 154.86 0.6734024269059609
3.447441318234461 145.6058 0.671672651027468
3.459565372704472 156.0004 0.6692154378263017
3.4700075524068748 142.6676 0.6672682591140315
3.479237039275258 155.383 0.6650596202603343
3.4817360431361073 142.6098 0.6626922414403587
3.483489152204067 148.7132 0.6602477002079494
3.4898338038407086 156.23340000000002 0.6591764699880536
3.4980554862978006 152.8736 0.6582409056722932
3.5033955888950077 152.5062 0.6572874230653433
3.5086900055264127 149.7184 0.6561696467822155
3.5161853912510326 142.3972 0.6551189428530562
3.525207175687727 149.64100000000002 0.6545808799688827
3.531789821294121 153.8014 0.6543996830186781
3.5458474862591522 150.2816 0.6531141477193628
3.5544418730296856 150.5688 0.6516934633399697
3.564231841573317 153.29440000000002 0.6503846400205436
3.5764117382619123 144.6006 0.6493497987326041
3.5876532578510663 150.78140000000002 0.6480400347956119
3.6006961252886396 146.26319999999998 0.6467938139044822
3.6107861363493017 145.6058 0.6455510987366857
3.616550859390526 151.78660000000002 0.6443809553859092
3.6231088077902043 149.7184 0.6415675455297024
3.6296349955484306 146.53359999999998 0.6398019583067074
3.634009908511225 151.78660000000002 0.6394857906445148
3.6414373326962024 154.9418 0.6396807489594427
3.649303507883134 142.6098 0.6398850826090599
3.6524678856041586 144.678 0.6403425108789155
3.653863553727381 149.00320000000002 0.6410162480151436
3.6539516386342226 154.9418 0.6411121359632009
3.651505567541038 143.8276 0.6422295344341379
3.6478064671037997 150.438 0.6427023709716075
3.6407651544507 149.00320000000002 0.6438787097639193
3.6317815650778265 152.661 0.6454612465984411
3.618818555541473 143.5376 0.6476952348222798
3.609844994425574 138.53119999999998 0.6490302801097803
3.5995818597713964 144.38799999999998 0.6504517097685403
3.5855111150568293 137.6034 0.6528446803877472
3.565128878407273 154.7292 0.6561772831580299
3.5384997885468885 153.5274 0.6601056070150384
3.5165127918735197 156.23340000000002 0.6632808911912735
3.4888547943975157 158.0152 0.6676745420105491
3.4580144279276626 153.217 0.6748586047794185
3.438944346822907 147.7514 0.6788321096135008
3.4152479952343504 147.5388 0.6842282668420417
3.3882035105328248 148.8918 0.6896229046226174
3.3658906293149444 149.3748 0.6946404658836552
3.344058667817783 155.38639999999998 0.7011631960580536
3.32103402525639 152.603 0.707265128557951
3.296367167233723 152.5256 0.7162200464329522
3.2784651869578005 156.6042 0.7234736233903085
3.259451091025206 160.852 0.7308465283402862
3.2327009086244964 153.5308 0.740101444509377
3.207279035933794 154.06740000000002 0.7495985963030843
3.1889777676404027 158.7064 0.7570924965475804
3.1668912475030444 153.99 0.7651259310290132
3.139940558732758 162.9418 0.7744289608126527
3.1158466492580046 157.2202 0.78251347396812
3.0914064829470638 158.22820000000002 0.7910337434580339
3.0649622187791925 160.4556 0.7979517258196975
3.036532164012649 163.31359999999998 0.8063163611726608
3.0017518158177667 166.5342 0.8164471392726986
2.9730619614191895 165.6052 0.8254835501448202
2.9473867299808374 166.537 0.8314722423392522
2.911589780551324 163.3926 0.8420914060523498
2.885327622035376 158.32039999999998 0.8497663933343179
2.8506665737952255 164.6092 0.8607858985672083
2.8314570026690933 164.6092 0.8681841614348403
2.815591117607988 165.541 0.874047561229573
2.789506812367297 163.529 0.8849014987152424
2.7718169926598715 169.4676 0.8935790052164282
2.7574136780656473 172.7536 0.9034574104830666
2.747911124494134 171.259 0.9117998687618448
2.738749316066664 169.32719999999998 0.9199696655387375
2.7281985893766647 169.75639999999999 0.9278509718264263
2.7180363315116747 172.11860000000001 0.9346095599163752
2.7090796407416944 170.259 0.94054055957576
2.701819232813936 171.973 0.9455080331712341
2.689084773492761 169.973 0.9523761068828696
2.678461544088628 169.1908 0.9569790358359315
2.66677573808614 172.69219999999999 0.9612227739146236
2.647041500202432 171.69219999999999 0.9664291196671926
2.6307677692165226 170.7644 0.9709862915631202
2.6088290117764577 173.90879999999999 0.9750669766477148
2.5951905452543556 173.90759999999997 0.9776143449599959
2.58101343761217 176.76839999999999 0.9807535677775223
2.5690573586806247 177.90879999999999 0.9840737488245785
2.565061635914686 173.69619999999998 0.9860251894644123
2.56166091601066 176.48359999999997 0.9880609666252858
2.557168866892239 177.5558 0.9897199019250454
2.553397049131943 173.48360000000002 0.9910951232600503
2.5501041598072347 177.62399999999997 0.9921454348738444
2.5461103523296837 176.69619999999998 0.9932771755364085
2.5458527656433523 179.8406 0.9938976366935263
2.5474672325326706 178.90879999999999 0.9950750615535152
2.549642140569462 174.5558 0.9954744774479287
2.5562250253056464 175.83659999999998 0.9955484321246189
2.5597656770180683 173.977 0.9955617243865724
2.5687063651106428 177.0572 0.9950022772873192
2.5690340341213336 171.973 0.994520761477611
2.568788784243468 178.9048 0.9943489810978872
2.5642645838537828 177.98219999999998 0.9927490204355975
2.5639588504643056 179.1294 0.9926089923468274
2.5610964508371272 174.6962 0.9914123232600631
2.55798853231273 174.6962 0.9896571070485954
2.5506188116068147 173.0544 0.9875388625615887
2.547072528866144 174.98219999999998 0.9854734582477439
2.5469530041848265 171.98219999999998 0.9839929071531832
2.5472946208072487 171.9798 0.9784673930288192
2.548212886988143 172.624 0.9778296452387862
2.55357703233087 170.12259999999998 0.9724573710015476
2.554091179622578 169.624 0.9720937140760956
2.5545939575368926 170.05319999999998 0.9717650442486262
2.5631854045316556 168.11339999999998 0.966988906532155
2.566227725250965 172.0504 0.965786869244003
2.58348966864842 170.41019999999997 0.9604409605725598
2.594168122369421 171.9782 0.9576323080297257
2.6080364155519993 169.61999999999998 0.9538266693702576
2.624108881596872 168.18679999999998 0.94985012204316
2.636381163300619 168.9782 0.9467848554967009
2.6529882540989553 168.11860000000001 0.941688004294509
2.667460843853694 167.1868 0.9377787371011729
2.687141330551453 165.5558 0.9321816056058901
2.705010494678899 164.188 0.9279038535788807
2.7243084468890255 160.3192 0.9227097301760349
2.744409225085978 166.6104 0.9161575869383829
2.759898039310208 160.2522 0.9114082367329239
2.7789780055099893 162.4648 0.9046292450433785
2.792401158976908 165.6144 0.8981806442705146
2.8033679855951457 161.5382 0.8928003891079112
2.8163649212561284 161.53699999999998 0.8871495250977526
2.8324474713389707 157.60240000000002 0.8804842211063761
2.8454262570111237 159.3926 0.8764599980767789
2.862167321910673 159.458 0.8727876760090642
2.88001385961405 162.31759999999997 0.8684220626943047
2.900296319965168 163.748 0.8640577449116036
2.9277644408937276 155.4488 0.8592246409957032
2.9582359815059935 157.1612 0.8541119224428271
2.991762826582581 153.8724 0.8490491506192255
3.018363982212336 151.99920000000003 0.8449373138243313
3.0485028711537714 155.72119999999998 0.8402490558113086
3.077285671275348 156.64899999999997 0.8359278830730397
3.1009722613206314 153.217 0.8325022358099153
3.134251679254626 154.14480000000003 0.8282418330337927
3.1638117427557924 154.50339999999997 0.8239975971168945
3.189483954041467 151.99920000000003 0.8198931354395766
3.205423637122162 147.4614 0.8168339943288835
3.2289877915787555 148.38920000000002 0.8113356796265855
3.2447123764813623 149.607 0.8070845855394525
3.262058247168073 148.8918 0.8018313180514128
3.280181927084982 150.53480000000002 0.7960758003267173
3.296613536110552 154.9418 0.790363039395848
3.3121922892054525 146.53359999999998 0.7848345646332372
3.3254365605297878 142.6872 0.7801603409918775
3.3415598599360408 145.6832 0.7738652964611806
3.3530299571483364 148.9258 0.7700359074828868
3.368247000046591 142.5324 0.7662633909407383
3.3791619212436816 146.611 0.7637672445524797
3.3906218581708347 144.5428 0.7600017671263564
3.4004614811411913 153.1636 0.757336407676569
3.4289131622624716 150.9362 0.751892656293426
3.429713848343532 152.0766 0.7508859724072459
3.4305893133714083 143.4602 0.7508361759577262
3.441921692732611 144.7554 0.7489178970092294
3.4460881507208354 144.38799999999998 0.7480061698088414
3.4479870194568156 156.31199999999998 0.7469451026245296
3.4437617893798316 150.0084 0.7448323797916278
3.44407281561777 150.0084 0.7409473079938866
3.4426380839657673 152.0766 0.7371662603074256
3.451437289173966 145.71720000000002 0.7309380027200976
3.4554437344590534 138.82119999999998 0.7271808696410801
3.460283679422325 138.8986 0.7239734618724735
3.467369209186745 145.71720000000002 0.7216617748666588
3.4742211240442944 146.56760000000003 0.718862070889034
3.483256906741372 137.68079999999998 0.7159258387274471
3.500677000461845 138.82119999999998 0.7127381667421239
3.5157582514310284 151.8082 0.7101897258166701
3.5373678553401686 146.85760000000002 0.7072653909882961
3.561137969867909 138.82119999999998 0.7038362581010997
3.5851299902361777 139.9616 0.6997636191631097
3.614286853593877 144.8328 0.6967987372576994
3.641801276376789 135.74779999999998 0.6924502269109674
3.6676796317366946 150.5928 0.6897528379745295
3.68722801507288 134.3948 0.6868946597716348
3.704901363703299 141.00080000000003 0.6845779075357541
3.7161337883153167 149.02360000000002 0.6832690659380577
3.724748815690558 135.53519999999997 0.6816108458464164
3.7349580654971777 137.9708 0.6798453026977868
3.7448115576209977 134.3948 0.6782909738347722
3.760122377219193 138.8986 0.6762813647036628
3.7786029364218163 141.92860000000002 0.675250734292218
3.780963178057743 135.53519999999997 0.6750969967802901
3.8242196410173905 136.6756 0.6726914162718619
3.8490964061107364 135.53519999999997 0.6708541887306714
3.8767424709308007 127.53279999999998 0.6678529870741465
3.8982395315859533 127.74539999999999 0.6655240468893349
3.919585270196023 127.958 0.6636774916424889
3.9209605598819786 130.8962 0.6636109662006918
3.938442228697241 131.82399999999998 0.6620742121938104
3.9607193882390304 130.761 0.6599451682458243
3.9616274261919515 128.6732 0.6598459733693137
3.973772087019275 134.3948 0.6586715332395748
3.977950978154128 132.7518 0.6585006851073688
3.982055872222481 131.82399999999998 0.6587947767868488
3.985808882042969 132.96439999999998 0.6589321920079972
3.9848847481329512 137.73239999999998 0.6597072324598903
3.98476825955069 132.887 0.6608673167347732
3.983178011277146 134.60739999999998 0.6620221710291512
3.980419592412152 132.96439999999998 0.6634536314486851
3.9742821387495697 132.7518 0.6651913978568662
3.965638705836983 132.6744 0.6669290872076173
3.9575062825596206 138.85520000000002 0.669466978035934
3.948993540075987 128.8858 0.6714422448016334
3.9280838097181605 138.64260000000002 0.6748851310796826
3.908401126812956 130.6836 0.6769585421542907
3.8812933698637164 131.82399999999998 0.6807140797229737
3.8479687407578207 136.787 0.6860006610571446
3.820607536811384 143.3618 0.6906645842461293
3.7846769709835475 132.7518 0.6962702466738586
3.7540797739659983 135.74779999999998 0.7027186631824873
3.7196749933221818 135.53519999999997 0.7090295540313052
3.6809729549065824 144.8668 0.7165061413019276
3.6516336431509693 144.8668 0.7220069366571624
3.628112606859295 141.68200000000002 0.72617229862469
3.5897078685240014 146.7802 0.7329794211910877
3.5665584016688086 145.71720000000002 0.7367368235677665
3.5261984710312455 154.0914 0.7437798007710474
3.5015888245948212 149.85360000000003 0.748306148120499
3.4695465047258844 150.0084 0.7537968623365415
3.44429772528321 150.9362 0.7574176604106995
3.4149275329774116 145.6832 0.7609769147389744
3.384480550101245 145.451 0.7650980446430499
3.361781951067122 148.9692 0.769381402917683
3.337229586868228 148.0414 0.7742049461976325
3.316925586262241 150.53480000000002 0.7784231734159811
3.291779221143576 154.22220000000002 0.7842954878584701
3.272623990786976 153.1396 0.7887367527284862
3.2486880784806877 153.8548 0.7960019374446812
3.22435730442418 155.64379999999997 0.8030404783135161
3.203016927334716 155.2322 0.8098500050350445
3.1806869549744246 157.7962 0.8172292759015204
3.161724364353917 157.65419999999997 0.8229863359432416
3.145802362394193 152.2892 0.8281952966134607
3.1046324176962834 152.92700000000002 0.8408218271052917
3.084489213318458 157.1612 0.8456005227194822
3.0582653102234776 162.3108 0.8516433446606254
3.052082408689802 152.94459999999998 0.853070377571025
3.029400155935778 156.018 0.8578611546254119
3.0119074622354316 156.164 0.8614559069481355
2.9688142734179093 159.5274 0.8692124474358162
2.9334113799135215 161.4608 0.875548860979863
2.9064726428921497 158.5302 0.8804536354021104
2.886283427341437 160.462 0.8846171898306566
2.8831387469606153 161.32439999999997 0.8853213886756507
2.857473892281692 160.2522 0.8914255663147602
2.831873920023192 161.32439999999997 0.8979956398175495
2.8128594099397213 164.2562 0.903853861175889
2.7969503754989447 164.2562 0.9092359528170068
2.7687705085581826 163.96620000000001 0.9205573206581337
2.756382152437217 169.6212 0.9274694564557419
2.7498277917902674 164.0424 0.9323115895802657
2.748605938730089 166.4046 0.9373769095234928
2.746269522285029 168.18679999999998 0.9418076202984235
2.745996441099438 167.25499999999997 0.9424401958108247
2.7405200073493767 162.32319999999999 0.9469420024669297
2.7251347906503747 169.11459999999997 0.9563141034692841
2.7114519245186712 166.1828 0.9604965497108949
2.696969698355739 167.1908 0.9634983944689846
2.67890797624971 171.0504 0.9659388542817163
2.6554951786835903 170.12259999999998 0.969416495646748
2.6236856099344075 168.90599999999998 0.9731768596675311
2.599594266234419 170.26299999999998 0.9764916549336566
2.5837809094715904 170.33239999999998 0.9788932507749566
2.5813366363820496 169.83659999999998 0.9793512499202189
2.571994100266473 169.83659999999998 0.9806118074897383
2.5622373053187424 173.1226 0.9817929650914269
2.5426518327422434 172.624 0.9842549910768057
2.53318945307823 172.624 0.9855381929697852
2.5213322172612758 173.977 0.9870953452776406
2.5098717935274766 175.97699999999998 0.9889509386706449
2.5042017877993006 173.69619999999998 0.9898862093855316
2.498365702435922 176.48359999999997 0.9908129470765773
2.4925415694999202 177.90879999999999 0.9916869556750436
2.469548626940946 174.5558 0.9934995333086462
2.4644956654457824 180.7684 0.993620695508394
2.4623061120843035 179.69619999999998 0.9936705399540571
2.461012936327622 176.624 0.993667310870838
2.45532386668743 174.989 0.9938409743687278
2.450623720180267 177.69899999999998 0.9939192785656131
2.4455073187085974 181.7002 0.9940284077203575
2.4430852654350237 175.55059999999997 0.993931559320436
2.438392147480931 179.48239999999998 0.993963670608968
2.433954288684595 178.47840000000002 0.9940881573709959
2.430850973231578 177.7712 0.9941971934585625
2.4238395054487074 175.7712 0.9943441203205684
2.4191735161351953 179.4102 0.9944381392888495
2.4161984634164417 177.26579999999998 0.9943996248043484
2.41166334935339 178.7002 0.994336271681348
2.409849348541444 174.55059999999997 0.9943739590290676
2.4100046217118614 179.8434 0.9944612369571851
2.4093120358787234 179.1976 0.9944401451623116
2.4104327488260875 178.7002 0.9943644845501651
2.4142544879531838 179.7002 0.9942150969343341
2.4175201763309158 178.4824 0.9941413268007632
2.419853545218324 174.55059999999997 0.9941455501400601
2.4217288528110514 179.1976 0.9941358151166791
2.4216298847183366 176.6938 0.9940863389556543
2.4213680208994988 183.4876 0.9940790533979492
2.4208547052889893 180.48239999999998 0.9940015748046346
2.41944972697083 176.338 0.9940140261502685
2.419098228969948 178.7002 0.9939589743291601
2.420198944928446 176.338 0.9938733075477189
2.4221649208250975 181.7002 0.9938344247367835
2.4232713805519634 175.83939999999998 0.993821517062429
2.4256000094471526 180.48239999999998 0.9938005499635759
2.4281435929288966 173.6268 0.9938685775844947
2.429574490215683 176.48359999999997 0.9939503945562772
2.4297427071840505 177.7712 0.994150665770282
2.430405681805974 177.55059999999997 0.9942357491124599
2.4306828010777806 181.7002 0.9943147326440072
2.432740451586022 176.48359999999997 0.9942952785892822
2.4355661823013697 177.69619999999998 0.9942454919009254
2.4367258117227553 178.55579999999998 0.9942561114468208
2.4375148446793276 178.2658 0.9943238620639426
2.4381976168341044 177.19359999999998 0.9943090316435571
2.438660450084207 177.61879999999996 0.9942786541062116
2.4393424502716017 176.48359999999997 0.9942198277116505
