3.3901208992399483 61 0.9949158774888267
3.39225696532104 58 0.9949760867860364
3.4002459149554505 61 0.995164912344451
3.462772069236547 57 0.9952586727974436
3.47021878916756 60 0.995189493179029
3.498445840621669 59 0.9953163521118373
3.528171284495248 55 0.9955691075904166
3.568844460714381 56 0.9950944337627178
3.5760092127840393 57 0.9949455908392972
3.5960478823923983 56 0.9948878634687119
3.6071160954581334 51 0.9948862331207208
3.6250578651678103 56 0.9948553500033885
3.6549530460300934 52 0.994710143681986
3.6776203095845257 52 0.9942312042103534
3.7052215633793044 53 0.9936255872038037
3.720844711385643 53 0.9934471549249804
3.7352136551071102 50 0.9935169348578898
3.7452505583501683 54 0.9935437515052211
3.815751243133898 48 0.9938100829785472
3.8477047552437122 52 0.9937957024030485
3.8800977645489176 54 0.9942448050855436
3.897633982947372 52 0.9944765508113708
3.927240167771535 53 0.9949332628883395
3.938705959712573 52 0.9949839505293263
3.9582967812642 50 0.9950569974962925
3.969129983082204 56 0.9949295401738795
3.9886226660402806 51 0.9949859189491147
3.9976190205121127 49 0.9950174850154683
4.013953524550983 52 0.9950625513762112
4.050568689612901 53 0.9951272143819743
4.0811844117454505 52 0.9952463182343506
4.100440331775465 50 0.9952361093981088
4.1266661413218815 51 0.9950456682973022
4.140771815561854 46 0.9949600372343534
4.151788749104637 46 0.9949096112110315
4.179111507504081 52 0.9948245606569754
4.210583541049867 52 0.9945565280609182
4.217530424678288 45 0.9944198876217409
4.2325704153883805 46 0.9941698534916653
4.251800399840261 49 0.9941199974857621
4.282091232033769 45 0.9941782710706459
4.313052802158969 46 0.9943681066934222
4.327162498541484 45 0.9944293564322912
4.337718774683319 48 0.9946092179142509
4.367843610871711 43 0.994997408147592
4.433368496272703 48 0.9950487910455701
4.457406238368215 41 0.9942916171982035
4.474345393415244 44 0.9942184246595537
4.501703882604788 46 0.9942169838263172
4.512365036661003 45 0.9945100476386339
4.521114461036331 40 0.9945673247933333
4.584345289267899 46 0.9950291432807828
4.604448626315464 43 0.9945800766271327
4.6216684757171125 43 0.9949098885369738
4.682898950684791 46 0.9947996806554046
4.700117726656472 44 0.995448823647543
4.719252082814675 42 0.993454987615572
4.728804912453436 45 0.9935744707180589
4.750729576447112 41 0.9936378689516531
4.770027252571802 43 0.9933809387086177
4.7812358835027515 45 0.9930615233571465
4.793824441103584 44 0.9946550534144109
4.793869163177061 44 0.9947467347151064
4.801610020689712 41 0.9949950203116883
4.809642325712692 43 0.9955822864319348
4.815596408909468 41 0.9954152085916097
4.817335981915647 44 0.9953050546042671
4.824716414730355 41 0.9948342990528259
4.827810097598342 44 0.9946975816568928
4.843979394857227 42 0.9943147983068137
4.858161867068657 41 0.9938687170826849
4.868625600892391 41 0.9936205050513962
4.911463726510316 38 0.9921895450165246
4.921050134910767 40 0.9920026071893466
4.930511567059666 38 0.9918440639549134
4.939655369734358 38 0.9918333069332299
4.951700348287787 41 0.991935837950778
4.968728733780332 38 0.9919243040258703
4.98774732507647 39 0.9919623096100316
5.009801567184535 40 0.9914050992103659
5.030137889475338 38 0.9915675176974152
5.035686098227252 40 0.9916047356693806
5.053568544152174 37 0.9918622942930657
5.095098117479714 33 0.9917540707308086
5.136434000273276 38 0.9922468531988505
5.142284947181253 33 0.9927658320171501
5.159115742189672 35 0.9925668624211906
5.175936560078005 33 0.9922770031948498
5.1955267363748705 35 0.9917312309166157
5.214782708691012 35 0.9913221023775434
5.2233451343818205 36 0.991141881319305
5.237753679001882 34 0.9907621514989451
5.255763012192727 36 0.9907610819378293
5.271271616699105 33 0.9909814388065206
5.278955752864949 38 0.9911746215364607
5.288011139406748 36 0.9913457793547464
5.309350761309316 37 0.9912809865305099
5.323334142908872 37 0.9916436564528716
5.349545514968072 36 0.9925478137229254
5.367652453433687 38 0.9934809658690584
5.403050715987457 38 0.995274778828559
5.406373289358942 35 0.9954308970458635
5.418238052822054 35 0.9957782580089646
5.426312846978481 37 0.996101522776506
5.427281877576096 37 0.9961747209632799
5.4295634744330314 35 0.9963327293419662
5.429824868770029 38 0.996379222173725
5.429596152019653 37 0.996527188428982
5.426713712852313 38 0.9967634485332615
5.424147601262027 39 0.9969093916182313
5.421406288418605 33 0.9970050548526133
5.401257384632143 37 0.9975534308726156
5.397185172582044 35 0.997605368973199
5.3810756383815574 35 0.9976798631244248
5.37321330364643 38 0.9976431022340301
5.366657578545664 36 0.9976205115982418
5.345261453235486 38 0.9974383172566812
5.336676528897647 37 0.9973398164117273
5.301565895600402 33 0.9964205682539111
5.29396221296639 41 0.9962519621566981
5.2750695478607454 41 0.9959124172126455
5.251709691199813 41 0.9954740483154284
5.223660535802832 39 0.9948800541845043
5.215993100725936 42 0.9953408385702769
5.180977715675477 37 0.9947623297299524
5.1711681745011715 42 0.9944586441345179
5.1494403741537855 43 0.9939763419098108
5.129109803756092 42 0.9939570444689778
5.097855936990587 39 0.993983865491573
5.077196482422966 41 0.9939437599468702
5.062949390532334 43 0.994000354375803
5.038145213832057 43 0.9940902777406803
4.90558312771713 41 0.992833978840743
4.884128773578356 47 0.9925970560709126
4.8213513143617215 43 0.9931229309274989
4.788140776340082 44 0.9930259060982888
4.7740670497329445 43 0.9928780252870897
4.748798508944377 42 0.9927297306964967
4.705833208358977 46 0.9929959486256114
4.689493453453384 42 0.9929940553506681
4.659014570054558 47 0.9932493576061454
4.6306112502364245 44 0.995489092868541
4.622592786417169 46 0.9955769798929135
4.602441899506576 45 0.9958074076546874
4.587882558604226 42 0.9958517590946862
4.560326430249333 46 0.9956986927374453
4.525129633763948 48 0.9955597893778733
4.4844282564286555 47 0.9953129221837723
4.444720826163965 49 0.9947887610363001
4.392067673621695 51 0.9938885192311298
4.380622103988567 49 0.9937104245392775
4.311733558523006 49 0.9948958319089868
4.302067559657377 47 0.9949245587009584
4.276954636127919 53 0.994947362537304
4.201963743799077 51 0.995524319968746
4.148893673856745 52 0.9945165182590947
4.129559064952068 54 0.9944776271568554
4.077385940642116 53 0.9944006777425706
4.07049466675922 56 0.9942355533051858
4.046934179482988 53 0.99396846517034
4.037441593677632 53 0.9939078845276862
4.010399567848452 57 0.9937545681607636
4.005025219393942 55 0.9937128837879315
3.9789176036522464 56 0.9933497310444475
3.9277986058193606 59 0.9932229037312069
3.9063710470887076 56 0.9929170460452795
3.8933558528352306 56 0.9925699940756968
3.8453976254115467 57 0.9917208047719951
3.82109795263451 56 0.9915039600384907
3.8124527186631285 56 0.9915970765179317
3.7779540061159427 57 0.9916649713883731
3.751641907042354 62 0.9913265627110299
3.7472671772989345 56 0.9912888584902548
3.6922892565537024 59 0.9900953986599901
3.66202885788189 59 0.9902168390627635
3.6374775044254797 63 0.990494113823907
3.6126003829959177 61 0.9909948449278458
3.5870689830353806 60 0.9916807276337648
3.554105558416527 67 0.9925884506040545
3.5416277069723985 64 0.9927719924307193
3.525914418884099 62 0.993100182012003
3.5020187412117583 63 0.9934037679045649
3.491279723609388 65 0.9934226719964504
3.4638751738279967 66 0.994032526236803
3.4445644993577105 72 0.994059283347188
3.400773822312175 68 0.9943324404132194
3.3902139290463444 73 0.9940914725579304
3.3658902314432573 70 0.9935702619550996
3.333377967603694 75 0.9930570385941271
3.3227849353559265 74 0.9930121519858749
3.3109910885714613 73 0.9928773807270053
3.294799472081551 78 0.9927456169091536
3.263346722338244 73 0.9920862292126011
3.2545609826701494 79 0.9918238955780945
3.2299407097859443 74 0.991251111384172
3.1939395113605262 81 0.991116574155485
3.1653557675631907 75 0.9912107475359361
3.1236196879432 79 0.9912447377896576
3.0939633779334796 80 0.9908957896002949
3.0761948943300137 85 0.9905195500703151
3.0605453216136462 79 0.990329935960868
3.018306891801282 88 0.990332535342909
2.9558525759910728 87 0.9913756054670313
2.9056768005006846 90 0.9906455467239628
2.8662054725155484 90 0.9904087926591959
2.8189841140602194 88 0.9910736142738329
2.7760875327093566 98 0.9914249209369568
2.7465287722093015 96 0.9914150842706237
2.708687075050789 98 0.9910440554845295
2.7059702204893696 94 0.9911452207419583
2.652093272265986 106 0.9907440172689435
2.521787102390953 110 0.9900490343452174
2.498835689967197 107 0.9897294111872026
2.4585196969646455 117 0.9893090581725134
2.4199411953962193 115 0.9879332974181189
2.389172763922073 123 0.9874367024243811
2.3617167065586577 120 0.9870658357342574
2.2780985939127345 123 0.9858422656588617
2.2443436857911867 125 0.985545828914704
2.2292226167613687 125 0.9855329007977633
2.185429631549559 125 0.9850023246797435
2.170232837826681 128 0.9850424390616985
2.1344072265830514 119 0.9846516807430546
2.0839273301254524 124 0.9842947483281963
2.047900559291958 133 0.9845153629592756
2.033209917268899 134 0.9846936327226776
1.9995595096253769 127 0.9846241791441329
1.959137296695333 140 0.983494118975107
1.9485805550211124 130 0.9831907546392044
1.9171716402621657 142 0.9827759906712809
1.9076362034210546 143 0.9827937651821453
1.8735465693162854 136 0.9825908601189678
1.86871991163533 148 0.9824529770431097
1.828118510629907 144 0.9808222225788203
1.8233787993426107 139 0.9805548948080312
1.7905592567281616 149 0.9787488626179046
1.7850408615399904 150 0.9784551735504106
1.7490575642236748 144 0.9782491643371212
1.7422929909754281 155 0.978271391126983
1.6991814112177552 148 0.9780558872344725
1.6653304077366688 163 0.9772847689160974
1.6366862846790313 172 0.9767168722759656
1.6084051029170454 169 0.9749702887781506
1.6059788639377899 167 0.9754346773981422
1.5708485091752526 177 0.9742854335995992
1.5430276816003325 181 0.9725599426323966
1.5185729332995421 170 0.9709245251350056
1.4942191120754567 179 0.9710954038870551
1.467604934843392 179 0.9699908566724955
1.4479492725805867 178 0.9697607050045363
1.4405009894066136 171 0.9696071308439198
1.428182485620554 181 0.9690065198788286
1.4078716538342635 175 0.9679675752316896
1.3952685274375405 183 0.967406987420425
1.3861314300527714 183 0.9670295043213534
1.3699528298379624 175 0.9660704710761305
1.361466626303338 186 0.9651839875899888
1.344663328789067 182 0.9642215636833991
1.3148804687157307 187 0.9630810232767548
1.2764812863127528 190 0.9602472141618713
1.2657813840409597 185 0.9601973583679998
1.251916458535526 179 0.9597019777678466
1.23977681514407 191 0.9589243736669643
1.2264824897056747 188 0.9576483981031552
1.1779989714193628 205 0.9573040416899233
1.1621759704755659 197 0.9576544785058831
1.1570960314173142 211 0.9577922170856864
1.152796734037413 208 0.9576067936167652
1.1434228908951936 219 0.9574389871492952
1.139234501001584 213 0.957386132212897
1.1312163844588596 222 0.956663965160248
1.1298804881796531 217 0.9566998178031869
1.123842237468759 220 0.9579545392532227
1.1230686352116437 213 0.9586872893434276
1.12055473417608 232 0.9587169146497361
1.1196736699726908 222 0.9594619641176516
1.1179409570726564 216 0.9595877599727228
1.1142234874166161 232 0.9588666732758349
1.1148003924387417 220 0.9588506688924472
1.1121755593958467 211 0.9585004006112077
1.1104293372281222 226 0.9587408320762211
1.1063098946524388 211 0.958522978191384
1.102831818264799 216 0.9572456792271641
1.099354859638758 230 0.9549740924968562
1.0986381095017757 218 0.9567654871966857
1.0970616556081783 215 0.9548966586678627
1.0929852597597607 232 0.9540189829473598
1.0899684581642988 219 0.9532703505318103
1.0886420627863795 215 0.9540673958962399
1.086252704783054 228 0.9536781982822155
1.070990042956063 233 0.9492618974281153
1.067869535035539 219 0.9484310376137964
1.063442104616616 216 0.9472042036517483
1.0537654117276143 218 0.943667919987393
1.0501264762766342 218 0.942404475214066
1.048098387204212 234 0.9417505875299006
1.0399698806050552 217 0.9401559444953526
1.0355927137348777 233 0.9390890650677909
1.0304255535136788 219 0.9381428204470325
1.0210136696572925 229 0.9360903519586031
1.0135595537038269 213 0.9342626099839448
0.9930527902447477 224 0.9291708712171501
0.9754809828892609 225 0.9256550446048328
0.9692282263016233 209 0.9244024164590664
0.9661825579997796 209 0.9235191079066448
0.9547853971611145 224 0.9204799620183709
0.9526358781376203 207 0.9199489811123227
0.9422525340521712 208 0.9178411818649652
0.9279029933485307 209 0.915336679982224
0.9190977271214867 225 0.9143053286252099
0.9150702357767749 208 0.91361533149224
0.9087419898017894 212 0.9130665780834755
0.9057711442381339 228 0.9126859309337224
0.8965374403034886 236 0.9129491267141167
0.8948800912932169 217 0.9133607730175697
0.8921730113003413 222 0.9143721030476458
0.8928425237086808 240 0.9154512402700253
0.8928439407881893 223 0.9160817099760972
0.8945144700160499 245 0.9186105554222722
0.895977754596413 222 0.9193663647613781
0.8985888081009339 228 0.9197935308305017
0.901181010773254 240 0.919931789900065
0.9068187800257176 224 0.9207808389804167
0.9079029161728022 240 0.9210928844483667
0.9135528146773985 218 0.9219584416689222
0.9166762780223827 223 0.922024959834349
0.9208206386828124 237 0.9221677260479981
0.9252877001224329 219 0.9224609618125851
0.930673169804575 219 0.9223003149524714
0.9341317065728413 232 0.9221474026284809
0.9402269180598016 213 0.9217237743971126
0.9531529104086911 225 0.922369291938732
0.9571920206815984 206 0.9227976289008808
0.9663073091730291 207 0.9235469225227866
0.9704726682557079 221 0.9237737536910481
0.9804454133881471 202 0.9247755236091065
0.9955780859310477 215 0.9271277799809772
1.0009737385278856 197 0.9260600010874456
1.0123221488070808 197 0.9303176342761913
1.0200766882727472 212 0.9291356454366483
1.032438247282658 196 0.9312259100891409
1.0491508218910583 211 0.9357872522462033
1.0574796906153074 195 0.9375442595695199
1.064766611239863 200 0.9392525534741338
1.0829954390858765 198 0.9432299908887508
1.0934174296570651 206 0.9436849626747402
1.1039837945240587 212 0.946320161442477
1.111552647689959 199 0.9468357336077925
1.1311508085875734 213 0.9483968724910922
1.1501810266830739 200 0.9503920159303337
1.1589706825273332 207 0.9512556274304503
1.1715198330736727 192 0.9517194763574317
1.1798740780888999 195 0.9511821560654602
1.1987819527420096 202 0.9502018710511475
1.2048855717553018 184 0.9497591235806706
1.214851988239559 188 0.9493790579744876
1.231432838005243 195 0.94947537106746
1.2378236176573412 182 0.9495650412665492
1.2567535853885876 183 0.9492983874236003
1.268767092752851 188 0.9481288968134943
1.2806294055332763 175 0.9471958983216008
1.2899563413751576 178 0.9470384732338806
1.3559973499579352 178 0.9514405606083323
1.3662963204623622 167 0.9521350557010243
1.380516719580315 169 0.9532367416176882
1.4099334927345868 162 0.9549453840108733
1.4413798939903348 174 0.957819091107693
1.4722569597480244 165 0.9603883434155696
1.4856528452672886 166 0.9606960082225621
1.4937298398477827 156 0.9604736801530932
1.5253155735341803 168 0.9611754938519428
1.5506722672148927 159 0.9629174260145789
1.6089500510690609 159 0.9639633219135448
1.6333763439232947 150 0.9642483263750098
1.6471495526331505 155 0.9641195279013717
1.6873267899741313 148 0.9644241246489431
1.7252644130212413 158 0.9642420889363117
1.7506591998696779 153 0.965453116871123
1.7807315003706699 143 0.968201406372944
1.818192998129184 152 0.9696789345020936
1.8735497056767048 148 0.9710490721914337
1.887963603923634 136 0.9722084537337653
1.9040629653307175 142 0.9731741492754006
1.914668544951527 147 0.9737320190585925
1.9368123924612255 134 0.9744908872286947
1.950796536008266 141 0.9747481432217503
1.9686063024440075 144 0.9751119857538654
2.0031915629999015 140 0.9761323030402252
2.038505485585007 131 0.9765382995104731
2.069262639949234 136 0.9761876457650334
2.0927684281658565 130 0.9765456510794057
2.1104977033353225 139 0.9768107783617067
2.1381473825639365 131 0.9776888539086668
2.171866461558026 136 0.9783873135084655
2.2022696430540742 134 0.9793766562846931
2.238688557464227 130 0.9809636645098009
2.2594079278175943 133 0.9821683009802052
2.2742805347180077 133 0.983286827046983
2.3171963009958314 136 0.9852423219769175
2.34194742775611 125 0.9862250122522108
2.40767587684236 130 0.9889771874246954
2.4208760517001604 134 0.9893602276731099
2.4419461489026455 122 0.9899124746483509
2.4491293425080647 130 0.9901679788348016
2.4716202227569335 130 0.9909987210884976
2.482349749194414 122 0.9915177820876125
2.5070024157536737 129 0.9924931212087139
2.5248763591615044 130 0.9927724621258148
2.5377609927491895 119 0.9929144531240053
2.5530309858395994 131 0.9931351019697778
2.571607374210716 128 0.9932957743389331
2.5980197755635634 117 0.9936248834641305
2.613352890259356 126 0.9939651913284452
2.6231674113426613 124 0.9940316717096529
2.6577747261672235 122 0.9941515917618805
2.7449671971255207 110 0.9932186845273175
2.7979668775397206 106 0.9927819292489457
2.8010398132599588 110 0.9926236921453032
2.828705008239887 107 0.9923908523985432
2.8356852081472534 104 0.9923431425408591
2.855868075003002 110 0.9919341808363188
2.864270401749101 108 0.991888305097958
2.8821006585109727 100 0.9920162778168025
2.9111943138468095 105 0.9921934017610211
2.937312164552225 102 0.9922891820815092
2.9525352910844385 102 0.992432645769839
2.978449344142936 100 0.9930072780480393
2.9958533969813113 100 0.9933755918537559
3.0453766311365174 94 0.9932108841670378
3.0591355426149756 100 0.9933781717673437
3.0646339048876534 98 0.9935191397356467
3.0820933608483303 89 0.9935589345912023
3.093828851653588 95 0.9934464279125049
3.1093275312592614 88 0.9930754909310084
3.119547699373462 92 0.9929969791830258
3.1308585937874445 89 0.9927716925487002
3.136436661163514 88 0.9926542327442534
3.142013664672572 90 0.992698443594016
3.1447796153143983 87 0.9926739962727591
3.14726851670705 83 0.9926398713518267
3.1504617038306413 87 0.9925444767338348
3.1518910042469184 81 0.9926327200695222
3.1530695952037995 86 0.9925792346470514
3.1535938578253173 82 0.9924413319284714
3.1543874167060317 86 0.9926209507635251
3.1545938734104295 84 0.9930692796821667
3.152085231337216 86 0.9923443987969902
3.150300038419445 82 0.9921083987625519
3.1494651561226985 87 0.99210770148327
3.148613385407265 82 0.9924894600443748
3.148150937384731 86 0.9925564020728949
3.1477154485707164 85 0.9928525852310237
3.1459855285118405 82 0.9929788809790143
3.1470272528344374 88 0.9931932909868341
3.1470138629548363 82 0.9933183547465871
3.146668409991712 81 0.9934515268886327
3.1462353829051555 84 0.9935282824684933
3.1443658772696055 87 0.9936115067828378
3.1456187214107767 82 0.9935534235120363
3.1439440454129417 82 0.9936307323451142
3.1451961848774523 86 0.9935611006843077
3.1446034905882443 85 0.9935117077289772
3.144449065258234 82 0.993355535905106
3.1446779700137113 79 0.9933444353781509
3.14478467784454 85 0.9933898768216873
3.1448211613906554 84 0.9933419782483422
3.145152131981366 80 0.9933624536184464
3.143335895415176 87 0.9933481747300357
3.144914078679337 78 0.9934676217193041
3.1449623639721134 84 0.9935700035523505
3.1428740318926254 80 0.9935612532291975
3.1431611285533085 77 0.9940537625399443
3.1424963489043276 85 0.994256753195727
3.1408564940407624 76 0.9943994019605891
3.140706994532095 81 0.9945138350253595
3.139744742190712 81 0.9947399406041131
3.135590580160603 82 0.9953491038770458
3.1336800454288554 76 0.9955166093677089
3.1285705244768787 80 0.9956017758711678
3.125045280565027 76 0.9956506440827217
3.119444718795809 76 0.9958098912950815
3.1191410190482998 77 0.9961804701056987
3.117455321108748 81 0.9964835581928324
3.1155524467843265 77 0.9967052300163312
3.1133666311782915 74 0.9964537020367469
3.1121516442465533 79 0.9963048338058828
3.1077608599844604 78 0.99636334061237
3.1055903140861347 77 0.9965814363022774
3.104080890604347 73 0.996251395438396
3.102738017943704 74 0.9958947558524808
3.102370600916819 74 0.9957802836022528
3.1020277632982514 70 0.9956641375755361
3.102188400370934 75 0.995670460338351
3.1052707556325 70 0.9951183334011614
3.1063713977261207 64 0.9951475064232626
3.1089154557555516 63 0.9952119112938068
3.1156927991080274 62 0.9952906517332999
3.1222287445069092 63 0.9956107404122636
3.129267133080062 60 0.9956969096847769
3.1364940705003335 59 0.9954617488133477
3.143135208446291 57 0.995423261018495
3.1458029294581205 53 0.9954133562696686
3.153745225951241 55 0.9951841114407546
3.1580742616677817 51 0.9950146976550102
3.1656036543291433 51 0.9947459694945208
3.1672156636425712 51 0.994574898405793
3.1729658707428756 48 0.9942654674173539
3.180466011822037 48 0.9937250305939813
3.182270991294907 46 0.9935891605507525
3.19252443007219 43 0.9912755167038734
3.1938487302263976 40 0.9907583817298279
3.1961152474441326 45 0.9893960410363868
3.197252829965507 42 0.9887778558606588
3.1988204775813913 39 0.9876469939327885
3.2000297445764088 44 0.986576442179
3.201051715471941 39 0.9853701047722778
3.2018630615026593 39 0.9844780880842394
3.2018972524183655 39 0.9836142216795406
3.1999177274657864 39 0.9808835892029006
3.198659562745384 39 0.9800482339250121
3.1959392797193242 34 0.9787344125292935
3.1942879443298615 37 0.9782010670390461
3.1868228433905252 34 0.9768657941893953
3.1839950677465807 31 0.9759058129464532
3.1798397333268094 31 0.9746522174855144
3.177429247967839 29 0.9727686500271511
3.171720735398576 27 0.9711317520640248
3.1694452046248336 27 0.9699149507627909
3.16946308296868 32 0.9692919287985159
3.1685072830079912 27 0.9690622527101027
3.167319927871595 30 0.9678776256796472
3.164807320142368 26 0.9661634008082663
3.164088935722378 28 0.9652965550505672
3.1653783817147274 25 0.9650697466664178
3.1650225085022496 24 0.964679170282223
3.1653535184932755 21 0.9640673134362145
3.1655547715200103 22 0.9639358291132335
3.168103793842936 23 0.9634445780895247
3.1763972138205068 23 0.9618197497045833
3.181519610180532 21 0.9609199021611605
3.185905601196847 18 0.9604444017102433
3.191442013480661 21 0.9594856599532421
3.2020503596067207 21 0.9578773432702127
3.2076625662081364 25 0.9577162277576609
3.2201517801125417 19 0.9564688710534497
3.2259559557888573 18 0.9550592789905641
3.233060290190045 19 0.9531616272224036
3.2437923608516024 19 0.9493050295324924
3.2480456946506497 14 0.9474287150004091
3.2517616785943497 13 0.9462803006140412
3.2600772261893365 10 0.9416506682302322
3.2633885452323015 17 0.9383537056665572
3.2635789793873973 12 0.9379011381086838
3.264545897552353 19 0.9366246768452163
3.2633578185966226 17 0.935931675629601
3.2649855640118024 16 0.9347303266428887
3.264893322992748 14 0.9314846263234021
3.2631853994030298 12 0.9302627873376333
3.2637842822221526 11 0.9261533103087156
3.2628945606457576 14 0.9247716117708624
3.262447942741003 14 0.9233263576308348
3.2622579161200225 16 0.9223979360786142
3.2606700463106906 14 0.9204533380914484
3.2598421064222047 13 0.9201320217152675
3.2558475496593 12 0.9204260986984787
3.2562885343100243 10 0.9203605859813416
3.2543414269607953 13 0.9197825090586296
3.252926355649263 10 0.9190512309955752
3.250870591754131 11 0.9186149244320533
3.2507298919988092 8 0.91857612131554
3.2527042539376563 12 0.9171106505327886
3.254017968073681 9 0.9162916540988648
3.2555149567337662 8 0.9147282252250883
3.2575178008773737 15 0.9150738854653901
3.2661567675836367 10 0.9143352164253502
3.270378893215318 8 0.9141334735987602
3.2751757815446725 7 0.9144789491094282
3.278196804874898 8 0.9156050998814879
3.284204432503592 8 0.9159654619432437
3.2887688575962533 10 0.9153995968831955
3.297763545188858 9 0.9164904905634627
3.3021560037535913 8 0.9168015279898911
3.3129070659955455 9 0.9153722591713807
3.3279370688391356 11 0.9095514622915626
3.3441718936638085 8 0.9026193368918815
3.359601346044702 9 0.8980647728753636
3.366147664317974 8 0.895571454631207
3.3859130141285934 8 0.8903899356058905
3.3979957579783675 9 0.8859992648433249
3.40370121490373 10 0.884758294919342
3.4066279916976097 7 0.8843314024135356
3.4169875180408753 7 0.88116222157251
3.4231507667124803 10 0.8781928041396837
3.4291559484112635 8 0.8752069155354723
3.4316269514129143 8 0.8744366982507625
3.436051797396566 7 0.8727269655835584
3.4451988962453695 7 0.8681983914331906
3.4486894383025266 7 0.8668447543002569
3.452635910717796 8 0.8648958536169117
3.463564225073632 7 0.8595164505743038
3.4706392387710685 7 0.8548975746999696
3.4779544759014613 7 0.8505870138020974
3.479843325484377 6 0.8492625236605628
3.4808784722562014 6 0.8486727299735893
3.4823469763976296 7 0.847405026520326
3.4815924919553733 7 0.8473094558836157
3.4820236910139237 7 0.8493500919537623
3.4807391759981017 7 0.8513265043282329
3.4798769158419094 7 0.8525669317036763
3.4760493473568945 7 0.8570843617598894
3.473043566821249 6 0.8585528176105849
3.470936788628533 7 0.8629208834749399
3.4674671818208074 7 0.8650349077966288
3.465823952648775 8 0.868496440780256
3.4557352468974045 12 0.8761820141358866
3.4547927430558394 8 0.878345514500675
3.4420683831797376 7 0.8872193876657075
3.437823302635928 8 0.8894738111256046
3.4272113221402876 9 0.8934858793831278
3.4162084849795558 8 0.8964578459977555
3.411673341568147 10 0.8988495716327569
3.4079710379926103 9 0.9006271064792625
3.401614848049987 9 0.9028620649983489
3.3954750424619102 8 0.9071148442352299
3.388567741667327 9 0.911623383768242
3.3809095054963048 8 0.9151888590188599
3.3756794926700495 8 0.918417676758647
3.3696042875427756 8 0.9218358861705457
3.3619647040182468 13 0.9249173564343045
3.3583410345121822 12 0.9275716184909814
3.3425218549965843 12 0.9341601361239229
3.330543745029415 12 0.9382738037293996
3.3280057562220127 14 0.9397959921154615
3.3009829936527852 13 0.948925885648312
3.296971685084855 14 0.9503087146229969
3.2753546916309273 16 0.9554841648105734
3.2672489706567425 15 0.9577123681437124
3.237089552260281 13 0.9643090020878106
3.226336547592734 11 0.9665233234272956
3.2041125500491576 17 0.971676584198785
3.1998757419522996 20 0.9725175087624907
3.1918964977511055 17 0.9730253733440666
3.1809563130365315 19 0.9747528145975098
3.1777548817133794 16 0.9751526548868585
3.166082987838268 18 0.978341213133109
3.1552921980301596 21 0.9815009814073589
3.1531697156052965 20 0.9826021466569336
3.150792371489737 21 0.9837046239207509
3.1479754565347715 22 0.9850602451533472
3.1467843666100106 20 0.9857624314717152
3.1436647268547704 20 0.9870442738015461
3.1453584477418497 22 0.9873764436924908
3.146473692616372 21 0.9885612934505945
3.146538946670402 25 0.9887329432563817
3.1537100518360646 26 0.9895783756648971
3.161373523598003 27 0.9904976050289055
3.164807708584624 26 0.9904669214843973
3.164900509690523 28 0.9903367050645476
3.1695405947835225 26 0.9907648907710768
3.169412435147652 28 0.9923875826037752
3.168918063429364 28 0.9928903422798042
3.1683994980704036 31 0.9931380176688673
3.1676150324263146 33 0.993352016812661
3.166352357422322 35 0.9934676590359973
3.164460292234825 33 0.9937909168482403
3.1624135670018 34 0.9941441463461327
3.157530249322306 36 0.9949600845546418
3.1525503680133875 39 0.995632291251228
3.1466001341522993 45 0.9958946930614647
3.1405851388997914 50 0.9963652169307802
3.136314223161444 49 0.9963989022209371
3.133592582269256 49 0.9963025842599678
3.12675845901627 55 0.9962801671135766
3.1213919237041647 54 0.9960274681527123
3.117593623934552 61 0.9956874038063775
3.117643767515614 54 0.9954490010329192
3.1165756971453287 59 0.9953039221126595
3.1155689908595656 64 0.9950850877387413
3.1136715603209586 63 0.9946481335498549
3.1132059505657574 64 0.9943749412083026
3.1128636709275757 67 0.9938613913068985
3.11360988937293 68 0.9932728032371253
3.1165454306406764 73 0.9928285033751999
3.1234245329488943 79 0.9906373960362558
3.1283107835829704 77 0.9901374375010125
3.1328910152483176 81 0.9895742678745509
3.1365276411823784 81 0.9888460114560529
3.14247086678324 86 0.9879119660590221
3.148307906911682 83 0.9873144934861836
3.1500408862726603 83 0.9851746880511344
3.1523700349127477 93 0.9835714270216852
3.1566869989656943 89 0.9827801878607271
3.156943842229195 92 0.9826395200125576
3.157644838268933 84 0.9812320745395727
3.1578181725175067 87 0.9810064996789257
3.1593322585962587 92 0.9793313339548656
3.1588732818851426 87 0.978881987730122
3.158950464167925 86 0.9777395755297777
3.156887177991344 89 0.9773022582260412
3.1568504480619137 83 0.976556849940333
3.155503603825339 83 0.9760679880553076
3.1543322697623526 90 0.9756873782729396
3.149205964854225 81 0.9737345083548283
3.1418737384350552 79 0.9709716920003705
3.14013881748699 82 0.970751280188602
3.1393063323134593 75 0.9704387953539054
3.1394258805346364 77 0.9678014552543409
3.1423399493536146 75 0.9622414153675974
3.1527195473057854 65 0.955058734418959
3.154013674510563 64 0.9538445207085574
3.1604646072255718 66 0.9525147522133357
3.1714871090115095 59 0.9499346875510529
3.175405189954393 60 0.9500611127653331
3.1852557265890353 56 0.9480989164856334
3.1925559384156967 57 0.946967160329357
3.204234533754111 58 0.9461492522193922
3.2096202651497627 53 0.9460187166430472
3.22637987825831 52 0.9443236284205783
3.2289806489858597 52 0.9443532478975113
3.2434550543961347 49 0.9432644447493306
3.250807554354584 49 0.9423849668524314
3.2654184398621937 50 0.9405822315737461
3.267861600654091 43 0.9394934924968034
3.2870995264426464 46 0.937542389810675
3.3032416042333574 41 0.9356083148679617
3.3183730834172156 37 0.9331408351710554
3.3211064858217276 38 0.9326532187773894
3.3297646982423483 39 0.9323686031570516
3.3376071707267156 36 0.9321251311188675
3.3418102561401506 38 0.929446946961375
3.3370747460753294 36 0.9257743347573405
3.334295075214389 30 0.9248683340646613
3.329734491535738 31 0.9226584659864837
3.311399686931338 29 0.9190426751460957
3.3063695487293736 33 0.9176808352865725
3.2980224569991217 26 0.9168433550129849
3.292055802786874 30 0.9159162235777872
3.253345792184814 28 0.9104533866483541
3.2409593694144747 28 0.9098085885930408
3.227028610058721 28 0.9077481485498005
3.2205766752065137 31 0.9079705823893834
3.1994655271747257 27 0.9057409861240963
3.178992583615381 27 0.9029908377061272
3.1571545021099943 29 0.899827409841081
3.145871612632274 25 0.8990458726980904
3.1378607556487568 27 0.8989849347050218
3.1019395917542862 26 0.8992527029248852
3.0893865042202067 28 0.8987190941627077
3.0686585343372466 24 0.9008520604638788
3.0408454698884224 24 0.9028670639177899
3.036529446253753 27 0.9033359983385577
3.011635735015737 29 0.902907769204034
2.9826196933773637 27 0.9014646059084696
2.9619015781871227 27 0.9009469393773956
2.9381161186027516 31 0.8997191803084866
2.9096205275732343 24 0.8977455792238279
2.878532912204793 25 0.8959392333390455
2.8725662947811395 29 0.8958921922543381
2.857978023875134 28 0.8961942218602156
2.8319802704309387 28 0.8975070226071236
2.8228308679808616 31 0.8981948084842399
2.8073803564379403 26 0.8989529602223628
2.7976312451108796 27 0.8993781174453903
2.780421876253632 29 0.899668609323874
2.7804588037462663 28 0.8999467506702683
2.7245072605249545 28 0.9000136375746228
2.6755810627262604 33 0.8967523481927414
2.6588897803830824 29 0.8956252942978254
2.6484606922002496 31 0.8949435853229354
2.633105792175134 34 0.8939882543589899
2.624499306801893 31 0.8937155678914712
2.606495360457814 33 0.8930288410616056
2.5900990766480967 32 0.8929203114402974
2.5771288829366727 33 0.8931616337720735
2.5499762363823444 35 0.8944273589512758
2.5206167175743346 35 0.8953737597768765
2.5097813559395097 36 0.8965898002523789
2.506155254691171 40 0.8970550404427657
2.4889178830822334 40 0.8986827839998293
2.478278744146897 43 0.9000321342447
2.458959240346666 44 0.9017894621420339
2.453655655007478 46 0.9025141234232777
2.444353392494394 43 0.903842896098357
2.426975517850009 46 0.9061219447409528
2.4107858851623205 45 0.908032694336908
2.3954631859596525 45 0.9100066878082684
2.3803718953853354 49 0.9147929707185569
2.3666577812733403 52 0.9184195443310985
2.350662637455152 50 0.9203133482200727
2.339444638245304 54 0.9202434351036419
2.33119941978868 53 0.9204932492355983
2.326482162100734 53 0.9205212236462734
2.3209035320693716 53 0.9209644045166705
2.313514097732837 58 0.922503813629233
2.3111534547416515 54 0.9231098922755194
2.309826572953413 58 0.9241226689128221
2.3105256292225094 60 0.9280612233137657
2.312285954058987 61 0.9294289951196988
2.31432830232593 60 0.9303531435003929
2.319586849763277 65 0.9317407236822404
2.332287651599377 66 0.9342119416586325
2.341163843975596 64 0.9365316408035667
2.352266551914008 68 0.9378209475461851
2.3579091803305654 61 0.9375348001733786
2.3800972599901598 62 0.938484147613113
2.383620738343823 63 0.9386118166954892
2.3994730062959357 61 0.9383453349863531
2.403832781627953 67 0.9381463383046265
2.412252027091909 70 0.9375357863826191
2.4243887849189103 66 0.9380189843378441
2.4354628891031656 65 0.9391767220134551
2.4462066377617844 72 0.9391719550097943
2.453020194499802 65 0.9393068558822771
2.461204745015957 70 0.9400449669794771
2.4728232518698103 66 0.941940044867972
2.487519855233947 67 0.9444497980595975
2.500131577347206 72 0.9463945720952546
2.5032497964080616 73 0.947220180534489
2.5098989452048075 71 0.9483839960739989
2.5173810862582666 73 0.9493354269100798
2.5175741285295774 71 0.9494703013080299
2.5286325269846337 71 0.951221987171462
2.5325623328315343 76 0.9519447187968321
2.5399958722744187 73 0.9527638194870403
2.544542931102505 72 0.9536490493918182
2.567430296641774 75 0.9591817982814798
2.579129527786584 71 0.9613029206431334
2.5802574306590915 74 0.9620226268640037
2.5928332793946303 70 0.9637466849243512
2.605413431057102 67 0.9660477640455265
2.6199908147849476 68 0.9682873245583086
2.6227489279685545 69 0.968073385190106
2.632286910199849 67 0.9686348724939726
2.6344035900714746 70 0.9688795335943159
2.6376142150368853 64 0.969945100221756
2.6450759811837323 63 0.9703934921816015
2.653010603985862 67 0.9707893266053551
2.674036073393995 63 0.9709866648436325
2.6800219435173447 63 0.9712767158981319
2.6972099771857017 60 0.9713201336456501
2.7175698545395024 58 0.9714522798131299
2.7267920378421704 57 0.9725723057071846
2.758905299785039 51 0.9734284443925776
2.787878900033555 46 0.972742227970939
2.8000094898283945 45 0.9724507457448184
2.8043272946655304 44 0.9718677935010919
2.8082076995501923 45 0.9710363250160581
2.813961258684077 42 0.9705053172287095
2.8167655137403362 40 0.9700640869401699
2.821768889846477 38 0.9696623788290417
2.8206164680161327 37 0.969732181368918
2.819909060087143 37 0.9704346448575992
2.8166226997945665 38 0.9702869276602007
2.815519340221097 33 0.970210710237462
2.8142841322439107 36 0.9702333822242452
2.7940939025308644 34 0.972540846709461
2.78084777915147 28 0.9717832434951095
2.7718937174181706 31 0.9712155053474354
2.7617070984317578 31 0.969114034476819
2.7601634093439564 34 0.9679274781780234
2.756767406259201 29 0.9669995622143746
2.752740614213616 29 0.9665542813724771
2.744775379571475 29 0.9653243298455334
2.7409429823151754 26 0.9647031974186467
2.7377783222070455 27 0.9644013511149514
2.7360312335318073 27 0.964423491987271
2.7319756174035805 24 0.9638767455298619
2.730631878656415 26 0.9626442419057583
2.728918039658503 21 0.9590555258465802
2.7281633102270075 25 0.9561122960298515
2.7269379765917217 23 0.9535592572022941
2.7257261259508128 23 0.9518657023087043
2.724626600232288 25 0.9495502192499724
2.722082712889014 23 0.9458271846601807
2.7079841681731165 19 0.9354383073639952
2.6980006525911286 25 0.9343122607537686
2.69715868699227 21 0.9337724382734935
2.6907118434239465 19 0.9322155568132382
2.6693957455180484 21 0.9249312869086378
2.660221933514018 20 0.9235573359956267
2.649446038438993 21 0.9221867506002188
2.640389358634914 17 0.921113080133819
2.625701705180903 20 0.9195012335329634
2.6053390064257353 18 0.9164258918970078
2.601317122663679 16 0.9154067438401373
2.5900737760431216 18 0.9131095511823224
2.5680572662699857 16 0.9089559169465031
2.559516545598046 19 0.9043155595132298
2.556900042028833 14 0.9017282193517964
2.5521538048391936 15 0.8984781873736181
2.5417363202058207 18 0.8922862371914528
2.536424871226452 18 0.8845892449484218
2.534878192396534 12 0.879888680896363
2.5331656123335087 12 0.8785412433320385
2.537037881116475 15 0.8751389249473083
2.539583624835074 12 0.8726253995226322
2.5415017379883262 16 0.8706126002127023
2.547236608945386 10 0.8683314500672664
2.5548603380227983 12 0.8683679759411408
2.560124998954111 12 0.8690835943547969
2.5619238471319843 16 0.869500748389003
2.572787524642347 13 0.8693159634200324
2.584050528741682 12 0.8661986454927415
2.596454600071724 16 0.8633867403057207
2.5978987367302286 12 0.862984164333091
2.609449901275076 12 0.8602760945615564
2.608589280404923 12 0.8600094519636903
2.6244640632097815 12 0.856288064410888
2.638530571227789 9 0.8560028268365475
2.6402952245960085 9 0.8558396515095835
2.6506171050616425 9 0.8544893993878886
2.6666657677704344 11 0.8513139540054108
2.6938812655197086 9 0.8401917599747284
2.704344173177494 10 0.834948707699478
2.715586449602486 9 0.8285301226072621
2.723491421193497 8 0.8245685099567734
2.730136475431545 8 0.8213630270777986
2.7477371390062517 8 0.815054426116705
2.7524347574468164 8 0.8151636010314388
2.7567835662329165 8 0.8167725668286927
2.767761952274456 12 0.81943010376574
2.776071966073088 8 0.8232288204675001
2.785118155386561 8 0.8246034876836459
2.794876847830582 9 0.8292225839142431
2.80854823607667 8 0.8398988087653166
2.8155921687803924 11 0.841901781873042
2.8226867801492794 8 0.8443354362109347
2.8308014800390935 11 0.8490076231690947
2.8367462257728167 11 0.8517842241409181
2.844974343924473 8 0.8512722341863407
2.8468940650604706 8 0.8511054285474979
2.8508348866668354 8 0.8511801668054658
2.8517962777321904 8 0.8514904374561396
2.8524957609734254 11 0.8523618864995756
2.8507333548312683 9 0.8534806024769286
2.8484089782168347 10 0.8536658377966996
2.8256675775407203 8 0.8617825201297585
2.8132412233662514 8 0.8626952182373465
2.8110347612013538 8 0.8635710782496161
2.8037752970779013 8 0.8647018132580284
2.790691579344903 10 0.8684401276205315
2.7724431525220328 9 0.8741983496437344
2.752538420459769 9 0.8792745057277821
2.746167895947083 9 0.8813184872174601
2.7380547858692728 13 0.8842968374376623
2.7310879481518064 11 0.8869275148164696
2.714426246302821 14 0.894468196156426
2.701219388056173 10 0.8997594687962062
2.695155895519225 13 0.901611359807002
2.686857471831855 10 0.9053122375205624
2.680528174586291 13 0.9102077577829771
2.669873061958774 13 0.9163330545610957
2.6641453109909943 13 0.9217803771803946
2.6582243633724714 16 0.9259379355768664
2.653160369482281 12 0.9301522886380982
2.648535856574094 11 0.9343559780012233
2.645169371642746 14 0.9377081066351085
2.6446222146905014 16 0.9381089337545767
2.64211338852554 12 0.9400225902291807
2.6437026134187884 14 0.9395903549063975
2.641151062388614 15 0.9401788381587209
2.641220654975342 13 0.9416603558373224
2.639912914745761 13 0.9428325785237021
2.6365112242230118 18 0.9445067812500259
2.6352235887747346 17 0.9459407834092795
2.6310780524723008 16 0.9480109862887243
2.63030973703297 16 0.9491093508970214
2.6298685449245958 14 0.9498649042373891
2.6263684014911948 11 0.951986186679894
2.6269483470887742 17 0.952473846084888
2.626498845654317 20 0.95179659326183
2.621689106611328 16 0.9497842028757354
2.620614374552272 17 0.9496294932392657
2.6194610243422414 17 0.9489774362814516
2.6173011460034297 13 0.9470640301591793
2.617488141897332 16 0.946687149631937
2.617479102940303 22 0.9462451807770618
2.6179661793870745 15 0.9446762028148856
2.6183568526423726 20 0.9433920200287685
2.618075495092885 19 0.9411803006658824
2.6184131336247676 15 0.9408217478208053
2.62190658398653 18 0.9385275777621993
2.637880802156627 17 0.926872499572764
2.64410204143097 19 0.922888420312032
2.6494957403785846 16 0.91888872195598
2.6581290694102395 17 0.912867619645082
2.6612783377956593 14 0.910753818253502
2.6676685996031817 18 0.9055440818845962
2.67025992156764 19 0.90383056503875
2.673214796897175 17 0.9021200530679884
2.6764972259533413 17 0.8993755466278801
2.6793974956670117 15 0.8980542899893144
2.6798631780240383 15 0.8975558309453321
2.680232038802935 15 0.897713041462927
2.6806005014272953 13 0.897595314627696
2.6823728874820625 17 0.8978113979774403
2.682020013842828 16 0.8979345152334144
2.6790505919051366 16 0.8979767051609132
2.672983325811496 13 0.8995196487471934
2.6616253750384935 19 0.9068877306849891
2.659623131721061 16 0.9072307356210495
2.648635023062148 17 0.9139960014195146
2.645677638181026 17 0.9152604110471738
2.6377631638579766 25 0.9205953718454549
2.6342179247766313 16 0.9225587271595573
2.6244891426332018 16 0.9278690454173832
2.6232443992092596 20 0.9293944108588132
2.61722544377765 16 0.9328876711435048
2.611579972075058 18 0.9375671017921593
2.6047491939050786 18 0.9422663367906936
2.6011692411399303 15 0.9466247327527217
2.601013811323794 17 0.9489808663522391
2.5998926708855588 17 0.9484608618349544
2.6047561669150867 17 0.9482716149331115
2.6175400987498723 12 0.9476489158999598
2.6305367690139594 15 0.9456371023945207
2.6467147134684548 18 0.9459670427230201
2.6599173983148217 17 0.94674656434544
2.6626029416709818 19 0.9470244110338448
2.671842014857378 13 0.9486849603826163
2.6782446807217406 15 0.9499744789377943
2.686502586817146 19 0.9510038257818055
2.6945508525088258 12 0.9516491725791445
2.699668032431915 16 0.9520020462998023
2.7161316675057154 11 0.9537434840841863
2.7390307623553958 18 0.9533820022495678
2.7512980989562363 16 0.9530044362944576
2.7655027515796315 15 0.9529472364029341
2.7698148591991623 13 0.9527346333094628
2.7807491390832384 19 0.9527919995300348
2.7877889173674624 16 0.952409367192064
2.7943439938348864 14 0.9521291119454011
2.8021222940822437 14 0.951136104770095
2.82091966410929 16 0.950032629423296
2.829691686577648 15 0.949932306081224
2.843307618652544 11 0.9491083843674463
2.8500541896206095 12 0.9489130222406024
2.8727434365379367 13 0.9486175167630438
2.8816426356016813 9 0.9484220793911003
2.915615290885059 13 0.9484481480284279
2.9333831783896707 14 0.9486856770824817
2.9546570649451898 16 0.9497413587221716
2.9664077130714723 12 0.9497302467314099
2.9735548941510346 14 0.9496817378413694
2.993137954069229 14 0.9500435167948574
3.0007576965340084 13 0.9500454115550617
3.018356076021024 12 0.9499866110015067
3.0297482597339487 15 0.9498049080741423
3.0467791993161546 12 0.9508936192774893
3.064873625863217 13 0.9519491737228852
3.0716956274971836 12 0.9520006085786258
3.0735391149808033 16 0.9522009408543072
3.0827191778653984 14 0.9530649568514841
3.090363397931439 15 0.9534813997903735
3.1064007826006543 14 0.954437614044404
3.1228109559210253 17 0.9548016708483509
3.1304841181634457 16 0.9548198080149664
3.1352306775459233 14 0.9547815274278428
3.1459016998151816 19 0.9560905114015968
3.150980794198302 16 0.9569433000715177
3.154878463220031 17 0.9578330342142141
3.164261212119866 15 0.959503990178577
3.1679013317719757 18 0.9597837574710341
3.173217306858516 21 0.9607442018913903
3.1782821747242918 18 0.9615645274192267
3.1876658932959616 19 0.9628137730104159
3.19231017140197 17 0.9630429778910997
3.1984544379296365 19 0.9631292416176995
3.204241776224621 19 0.9628232825445103
3.2088671636383204 12 0.962401846610787
3.214155928776866 20 0.9616450368196316
3.2243916747180412 18 0.9607659815913983
3.236523618390843 19 0.9598368950085379
3.2430904105556992 18 0.9594759847325997
3.2487823602468766 20 0.9591446285110716
3.256033386409987 17 0.9589377118422235
3.2666169231623687 16 0.9584096124563369
3.2709782676965657 21 0.9573224642230772
3.2873125282977895 18 0.9588223878137414
3.292958332173201 17 0.9593746559340898
3.3045114355714484 22 0.9610308484088419
3.3140752719473494 17 0.9620549818445249
3.3172206187798206 20 0.9624801567397773
3.323565131269159 21 0.9638112762114843
3.328017875105129 22 0.9647161960205144
3.3347069747567555 20 0.9652731724440157
3.3426540488367174 22 0.9655214864676711
3.3446972821690477 17 0.9666241297017233
3.3517167294657426 23 0.966164060808468
3.3558708598082405 21 0.9661449195180374
3.358078234381094 25 0.9652925350413806
3.3590465758447716 23 0.9618163633997727
3.3617356727316734 21 0.9583122929195719
3.363023411885352 25 0.957072058974974
3.361755537596726 22 0.9543663889472319
3.3606062551839795 26 0.9545950568159041
3.353117100970071 26 0.9562844898021426
3.3500879665325076 25 0.9576173513609366
3.3435423296718034 26 0.9609584653622781
3.338016235458596 31 0.9645490810693285
3.3305232867804824 27 0.9694801059947938
3.315322955684264 28 0.9785128136121495
3.3102399664010576 31 0.9825738646924996
3.3037499689859637 30 0.987002714837235
3.298197165053271 32 0.9921894314997013
3.2982634952375887 41 0.993322607834318
3.299228434850405 38 0.9932856857709856
3.3015903836582843 43 0.9931121401096267
3.3073120787486054 40 0.9917841700246498
3.3132672560255916 39 0.9900472969252342
3.3214624882927986 44 0.9880283874376325
3.323876624102176 40 0.9875294144085948
3.331953811587405 39 0.9862529415289224
3.343265473361314 39 0.9852295958795773
3.35515492708019 41 0.9852235836536677
3.371360355137117 45 0.9860093993910982
3.3958095176735217 40 0.9884130055131692
3.412540918772254 45 0.9903932191394115
3.4145367215170883 40 0.9906849754955422
3.4225604426751794 41 0.991673060131817
3.430374253287033 44 0.9923000797822014
3.4346363404008007 41 0.9924978866116301
3.446863487106 43 0.9928607782826661
3.451050030177903 40 0.9928809137715148
3.461922639067918 44 0.9921391811384402
3.466392785575221 42 0.9918671636569193
3.471707336018213 40 0.9907099902107122
3.473462453761382 43 0.990166813990758
3.4770914154319303 39 0.9882678973943615
3.4851270024120873 39 0.9815899264447353
3.4839412718252696 38 0.9754389025691306
3.4809111588206987 41 0.9733432119350707
3.4727806184798498 38 0.9718904113369944
3.4409337955556913 43 0.9735106278663361
3.4284296875252447 40 0.9748515060034297
3.4245488509632556 46 0.9753059781449298
3.4168698643213262 50 0.9764266416613373
3.407350552561691 47 0.9778102187003959
3.4020795355453712 49 0.9786157371516677
3.3836865735787724 52 0.9813942775040135
3.3768910805083925 55 0.9824861593727251
3.3721574965735153 52 0.983064978595887
3.368916213897647 52 0.9838260222942997
3.362980671198153 54 0.9848881077389661
3.358104658182869 50 0.9857632941039381
3.3540981839041297 54 0.9863520107853596
3.347869429894918 58 0.9869217322800281
3.344435412514101 52 0.9874241472540857
3.340210035783423 56 0.9876162432244171
3.339084650210095 58 0.9877672837474368
3.3333649636963343 58 0.9876173629847635
3.331552919699689 59 0.9873385058912261
3.3265357756387792 54 0.9864662261087436
3.3262744957055483 59 0.9858409776547481
3.324634350915884 60 0.9860868430679723
3.323994766166656 54 0.9858224110719718
3.322293293068076 60 0.9863385178856245
3.3198931356836128 54 0.9861422962522706
3.3163281363647465 55 0.9870590014175231
3.315948125122346 53 0.9874618970865998
3.314400344965681 59 0.9875617151880189
3.3155458069579313 55 0.9878201888209759
3.319873743959428 57 0.9876252976345693
3.31959428524557 51 0.987381122432592
3.325477095485788 55 0.9855327422372178
3.328336207253811 52 0.9850521114294154
3.336663232399617 54 0.9836115691871081
3.340441122558025 50 0.9826187259593402
3.3469546532193557 52 0.9807546218522097
3.3513127372704643 48 0.9796832756729439
3.357320010151382 50 0.9785001600117446
3.361244556561372 50 0.9784632729343107
3.363737097144026 50 0.9786524415115941
3.3650046162785645 46 0.9791081120616351
3.365495499966109 50 0.9794413329829327
3.365385075692061 52 0.9798625423977546
3.36756056184881 49 0.9808640006824811
3.364638144156782 49 0.982375951182453
3.362871296247478 55 0.986925155698745
3.3621699400509564 48 0.988125436351886
3.3618477662519 51 0.9883777748630713
3.360063226580223 50 0.9897770750996671
3.3576537438538927 51 0.9901715559009201
3.3584069225740496 52 0.9909524716671697
3.3553636380218173 53 0.993173510870713
3.3541829416277555 55 0.995028816403284
3.3537552943024846 53 0.9958097691574469
3.3520772694427405 58 0.9973300880339581
3.3507221766593194 55 0.9978077533866337
3.3497472093401695 57 0.9980163640246149
3.348298541220709 59 0.9982999016226557
3.3450081201997937 56 0.998470273556311
3.3444919786014653 58 0.9985711975096772
3.3435122246353894 59 0.9987870389747554
3.3431302569633794 54 0.9988761119382197
3.337976160894994 60 0.9992143307836724
3.338352482600987 57 0.9993270161211266
3.336192738379267 55 0.9995217960681752
3.32513125364994 54 0.9991261247695937
3.323774522122324 56 0.9983478304349686
3.317541162187431 56 0.9939703567217555
3.3172369044585475 55 0.9927185203637207
3.3176897680894935 56 0.990853596018558
3.320550484479328 51 0.9863250072500248
3.3228150228102216 55 0.9843803704676678
3.3253601508676103 48 0.9818602042465299
3.3300890599881168 50 0.9780811456097362
3.3371561351955523 48 0.9729216695057209
3.341842469534451 46 0.9691496916391041
3.351299402604524 50 0.9648442784638609
3.354118461435306 44 0.9634536782462689
3.3638424783928467 45 0.9628418835312315
3.366887185171127 46 0.963714320425313
3.3693159937827906 49 0.9651081946836283
3.3726792041620763 42 0.9660563311427424
3.3771778467470757 47 0.96926960205525
3.378599595034337 43 0.9711854855483636
3.3793496459976136 48 0.9732375815135862
3.3796509242518917 48 0.9743771538413561
3.3793860516592833 44 0.9759222855064448
3.3787891633228737 51 0.9775570736866694
3.375565249527321 47 0.9798071918738563
3.373192247360885 50 0.9810322104337128
3.370104520092973 50 0.9812487819405188
3.366556897838653 49 0.9817202206527603
3.3597699053461096 48 0.9819649327588376
3.349470889451248 53 0.9822277545429933
3.336206982081217 54 0.982392097070132
3.3329082272242565 50 0.9825064642959853
3.326500562772181 52 0.983214069901932
3.321633762850992 55 0.9837071754900946
3.3147988047712436 52 0.984277503351181
3.3029276528098483 53 0.9852739734414634
3.2963192784420623 51 0.9856777871502415
3.2828082654386312 59 0.9861114438601273
3.2642436243735653 55 0.9862058692703316
3.2577089212311146 58 0.9863829415246654
3.249922301081274 55 0.9866011922416428
3.2263162899079254 60 0.9872176178284899
3.2161023337514125 57 0.987586219799788
3.1933289215526637 56 0.9885296829837518
3.1887041451218345 62 0.9884127742929186
3.1707862106766154 58 0.9891654432190292
3.149474779353268 59 0.9900271904166914
3.1283382913055036 62 0.9911141678809722
3.1122427392337526 59 0.9915169102722476
3.07008328528824 63 0.9918839586142028
3.0439150197482068 63 0.9918146412690653
3.008288161692883 65 0.9910825247816023
2.9975626095032584 62 0.9907742239528516
2.9733424060127325 65 0.9901675202074923
2.9615686622686495 74 0.989901766523118
2.9329106372002163 68 0.9891390340452486
2.91723558787393 69 0.9888024931936741
2.9047621504501198 73 0.9887043335176182
2.863536575383199 73 0.9887768916154185
2.79532222210439 76 0.9938069689747435
2.781418689283532 85 0.9942640322369272
2.768422674487446 82 0.9944812434120692
2.758808329673194 86 0.994178460292168
2.7531895978739844 78 0.9941043270173219
2.7353221846232203 80 0.9946933013487941
2.730681112711489 86 0.9950020006482848
2.725942879733447 89 0.9953412894618208
2.7242798713526764 82 0.9954728213979018
2.712652522433228 83 0.9961479113576653
2.7106248974648515 85 0.9963725660698358
2.708147378469499 86 0.9964604973404564
2.7064372770362644 79 0.9965304874251885
2.697313497047637 86 0.997368810516232
2.69596251812335 84 0.9976183632420387
2.695156801543798 78 0.9974608160999554
2.693712335331536 82 0.997560241772063
2.693036818670114 85 0.9975633845223135
2.6926882137231463 79 0.9975773370416673
2.6916494292299484 82 0.9974722693656664
2.690854738659113 88 0.9975508640989635
2.689635783707061 79 0.9977033236322502
2.6884615641462375 86 0.9977598786751701
2.6878258184152592 84 0.9978216807644128
2.686807048471716 79 0.9976951943528017
2.686575752680675 84 0.9976751497076738
2.686583960461846 86 0.9975619247454135
2.686719252580883 80 0.9973931936809952
2.68714287349066 80 0.9973490959643431
2.687323027537547 84 0.997357997053984
2.6871957565448232 87 0.9970600105035827
2.6861070892778365 86 0.9966120547852304
2.687738505260765 86 0.9962714618431966
2.688507786351098 82 0.9953981084275423
2.6892834951943207 83 0.9950665357310512
2.6905642277102677 88 0.9936642233950527
2.6906303937302147 80 0.9934054814174967
2.6920527448707534 83 0.991289901615421
2.6926429757781642 88 0.9912006819418671
2.69476142080867 84 0.989229587964131
2.6976020381131156 83 0.9895734958612719
2.6978809064059495 77 0.9898182794893303
2.6969431361106886 81 0.9891184706935329
2.698547673648887 86 0.9892162019384134
2.695977335271466 77 0.9894837840656451
2.701381963842861 80 0.9912825810778267
2.699511594534496 83 0.9915647331749524
2.6996263427061984 83 0.9918609665958488
2.699534782469927 85 0.9919673308379344
2.7004283948851273 81 0.9917529812310198
2.699387122232532 79 0.9915520081797252
2.700496220173835 84 0.9915973947781891
2.7006567859368 76 0.9915149362261636
2.700840608223897 80 0.9914870302371455
2.7010076100573137 82 0.9915657686918491
2.6989792779001114 79 0.9914886127854916
2.7011681681212076 75 0.9918186626352472
2.701090155138326 79 0.9917874429007907
2.701126195470082 81 0.9918083346257595
2.701202557606358 76 0.9918183626786814
2.7007832354224495 79 0.9918021676624741
2.6991340272162194 84 0.9916289740528998
2.7010674659296923 78 0.9917092659154315
2.7010017112409646 85 0.9918059449508742
2.701020751079992 78 0.9918116734259139
2.6996661077791932 80 0.9918035693387754
2.7010268793347567 82 0.991863772817481
2.6993594127081395 77 0.9918296799346342
2.699663941438762 79 0.9918054792737098
2.6994158666463033 84 0.9918058552394252
2.701108962383782 77 0.9917810395491135
2.7010613691257963 79 0.9917927015581925
2.699304784501334 81 0.9918167855925831
2.70339406388477 81 0.9918193281774094
2.703483298839848 77 0.9918153718626711
2.7032069017978295 80 0.9918195121551324
2.700997111974191 82 0.9918228188330266
2.701126698165803 78 0.991795888884071
2.699317461151561 78 0.9918149476985462
2.7014128774183126 81 0.9918142281394525
2.7010839423496 78 0.9918096815160873
2.7032648450960997 80 0.9917999356596503
2.701135364312295 75 0.991790262257219
2.7010780067225664 81 0.9917973394412871
2.7009965617084326 84 0.9917850405430276
2.7009306218667306 81 0.9918067334996536
2.7009633473432637 80 0.9918152852178174
2.7011143397264283 76 0.9918057729335057
2.701456595370584 80 0.9918098253646691
