2.3285763640753814 85.0 0.9992337257931042 0.9997611068943878
2.3284604389500463 175.0 0.9992054131752965 0.999737362127814
2.328757991773459 176.0 0.9992305223616631 0.99974599253789
2.3288788099393027 178.33333333333334 0.9991961000563864 0.9997227809988107
2.330590128407146 175.66666666666666 0.999184383227609 0.9993022203316713
2.3301655175937275 178.33333333333334 0.9991683843400664 0.9990546793559744
2.329826551576311 177.33333333333334 0.9991652610609999 0.9992702211650925
2.330289742519188 177.66666666666666 0.9991623032233163 0.9991921659986713
2.331845080396444 177.0 0.9991507938026638 0.9990396416911216
2.331798069098569 181.33333333333334 0.9991487357743913 0.9991970715840633
2.3321746203757434 176.0 0.9991518367410266 0.9992764316484093
2.334203632916184 179.66666666666666 0.9991696171297205 0.9989610017984439
2.333247265958968 174.66666666666666 0.9991644235727702 0.9992270178265318
2.3319759488527962 176.33333333333334 0.9991440346011471 0.9992164041259555
2.3326633643292545 173.66666666666666 0.999130200961071 0.9993276545788038
2.3317250311230513 179.0 0.9990735935633177 0.9993986092696798
2.332064405950412 176.0 0.9990303506434859 0.9994219013339404
2.331872948890942 174.33333333333334 0.9989788322260094 0.9991927540267327
2.3331115602159063 176.66666666666666 0.998888566437939 0.9990047964274473
2.3351323410803326 178.0 0.9987803860610468 0.9986473505114394
2.3363962363143376 179.0 0.9985577400230276 0.9992331921480689
2.336446921530803 181.0 0.9982384301558052 0.9994983320751861
2.334517634062069 178.0 0.9977156304046904 0.9997681338314792
2.3358592467319417 178.0 0.9971023221222747 0.9993448555970693
2.3395545525739565 181.0 0.996437959488457 0.9986475442084449
2.3412217130945354 179.66666666666666 0.9956479167764662 0.9982466698400847
2.3434643347875137 175.66666666666666 0.9942362638667569 0.9955369734510474
2.349321697237577 179.33333333333334 0.9929446513303191 0.9917431028935692
2.3547787146721992 174.0 0.9917105292945771 0.9901349401696641
2.3633307364366845 176.33333333333334 0.9898780561629462 0.9874477507619205
2.3672656265482446 173.33333333333334 0.9886472302232758 0.9853304995421692
2.371276703359007 178.0 0.9864874979543067 0.9803967135301919
2.376155402779848 177.66666666666666 0.9846647928021232 0.9774637949256153
2.381765753198517 172.33333333333334 0.9826930476942901 0.9764067417379665
2.3890496278909454 174.66666666666666 0.9804974098069104 0.9764319921529294
2.3959133536144557 173.33333333333334 0.9783831409932089 0.9743923863860563
2.4059015239299617 177.0 0.975213920268886 0.9729361187356156
2.415172713175123 173.0 0.9728302537080018 0.9732610339684268
2.42978817853634 174.66666666666666 0.9701957675871671 0.9753880250357243
2.442494756811904 176.0 0.9684661153328676 0.9789291161023982
2.4549018019088122 172.66666666666666 0.9673078819449857 0.9814666253960019
2.4659104704470622 173.66666666666666 0.9670325648651064 0.9858889742077163
2.474285243017053 171.33333333333334 0.9669126875070747 0.9877536872964444
2.4828639967767967 170.66666666666666 0.9669930762327058 0.9883860426016466
2.4870777174951693 174.66666666666666 0.9668797628817478 0.9879125746990671
2.487834513298472 169.33333333333334 0.9668396410119041 0.9883415232403104
2.4889654430717933 172.66666666666666 0.9671243761886362 0.9850849119773887
2.485447199581043 174.66666666666666 0.9673564819726228 0.9832014312993449
2.4830504977963535 172.33333333333334 0.9676941496689211 0.980556524638481
2.483090498247986 175.66666666666666 0.9678086321189892 0.9779630364258387
2.482925589392648 171.33333333333334 0.9678177098317525 0.9750600764117995
2.4815578607640045 172.33333333333334 0.967731820498086 0.9719608114736307
2.4818733958330306 171.0 0.9674990329869602 0.9687189522545686
2.4823985462297413 173.66666666666666 0.9669444146154058 0.9667756837612603
2.4863441622094746 174.66666666666666 0.966941726544284 0.9664293794754713
2.490136261758915 170.0 0.9662531393172552 0.968687180327233
2.4937196700844 172.66666666666666 0.9656918905380796 0.971627515848309
2.4967148014524474 172.66666666666666 0.9648744650095206 0.9740345988628523
2.499901336983551 170.66666666666666 0.9632402779172982 0.9751604165733085
2.5034671571463214 173.0 0.9617008177011357 0.9759346188584662
2.508281065133838 169.33333333333334 0.9596794006724916 0.975635436239497
2.515740364350818 170.33333333333334 0.9571988168666502 0.9730892891600065
2.5237244421557636 173.33333333333334 0.9542979645309736 0.9716100374132469
2.5299368421434343 174.33333333333334 0.9514494711042674 0.973344564439851
2.5363540062546472 170.66666666666666 0.9473544698317962 0.9776998967916677
2.5436556339101064 171.33333333333334 0.9432479321169025 0.9726891865141906
2.5487479154753503 165.66666666666666 0.9389371879001168 0.9686830625083224
2.5541243324756273 166.33333333333334 0.9340288406219096 0.9597872522537418
2.558266432180833 171.66666666666666 0.9310427169674014 0.9526413436814436
2.3285763640753814 85.0 0.9992337257931042 0.9997611068943878
2.3284604389500463 175.0 0.9992054131752965 0.999737362127814
2.328757991773459 176.0 0.9992305223616631 0.99974599253789
2.328581348174299 178.33333333333334 0.999202699639082 0.999812033963695
2.3303914889291057 178.33333333333334 0.9991738778121836 0.9990888262137885
2.32960085406875 173.66666666666666 0.9991641960385717 0.9992593842896108
2.329547981832294 177.33333333333334 0.9991601324602164 0.9992096731251972
2.3302955576869673 177.66666666666666 0.9991615438954061 0.9991923371481005
2.3313799628631138 178.66666666666666 0.9991542880409657 0.9990577919129298
2.3318391324409866 178.0 0.999149107980961 0.9991378365338002
2.331916596125571 176.0 0.9991471059793875 0.9992309034009853
2.33353355887778 176.0 0.9991730629349505 0.9991810070148144
2.3336878760364326 174.66666666666666 0.9991689456345555 0.9993406313229265
2.332153792103802 176.66666666666666 0.999153702620376 0.9993261279651593
2.3323295344837387 173.66666666666666 0.9991302617348228 0.9991754716717635
2.3323220633775668 176.33333333333334 0.9990921863338525 0.9992931071317864
2.3318258926210405 176.0 0.999036921111348 0.9992301816023095
2.3318243467498565 174.66666666666666 0.9989840670891336 0.9992544011383931
2.3325172435475534 176.66666666666666 0.9989068557119575 0.9991861627291256
2.3351323410803326 178.66666666666666 0.9987803860610468 0.9986473505114394
2.336426634802087 176.66666666666666 0.998482465073439 0.9993354429264798
2.3361617482925836 176.0 0.9981300289054578 0.9995345674659848
2.334587930449118 179.66666666666666 0.9976381748463301 0.9996469971624092
2.337408514051435 176.33333333333334 0.9968329414696204 0.9991908043811931
2.3403008830315057 176.33333333333334 0.9961437279015941 0.9988648582252132
2.341436909525273 180.66666666666666 0.9952205148414276 0.9974983374944668
2.34686404429878 171.66666666666666 0.9935146853446479 0.9939443965591268
2.3532193483521016 173.33333333333334 0.9920701176150948 0.9907359908892017
2.360928574509848 179.66666666666666 0.990440193554421 0.9880744691228694
2.365723532553523 176.33333333333334 0.9892983644769395 0.9871534875478872
2.3702524833251775 178.0 0.9871855241291708 0.9825178393378537
2.374293276633238 174.0 0.9853853388031995 0.9790412405440998
2.380575107758819 172.33333333333334 0.9832240346620897 0.9770302415524217
2.3859674792015215 172.33333333333334 0.9813462987867859 0.9762257349563895
2.3959133536144557 173.33333333333334 0.9783831409932089 0.9743923863860563
2.4039735408891865 175.33333333333334 0.975853204028902 0.9735257975499373
2.4138859370081334 173.0 0.9731276581531169 0.9732308459359102
2.4244611500110476 174.66666666666666 0.9710495137812463 0.974652459714659
2.514569285480147 85.0 0.994582007220044 0.9356344803527519
2.5141152824536555 168.33333333333334 0.9946104926894942 0.9334810444780777
2.514674502098284 166.66666666666666 0.9945681627277688 0.9303280150085607
2.5189914943376635 171.0 0.9942412535378141 0.9240662432430818
2.52159515699919 169.0 0.9940556291021343 0.9254841677798544
2.522246475106936 168.66666666666666 0.9940004163161147 0.9258081497424173
2.524640995344324 172.66666666666666 0.9937475597629264 0.9344579907303825
2.5198066244616384 169.33333333333334 0.9942256305777445 0.9020542336344044
2.52737678703201 168.0 0.9938706964149329 0.9086806886236533
2.322103725027639 85.0 0.9993964699148117 0.9880777850925246
2.322134597597847 174.66666666666666 0.999394034718093 0.9880819813478979
2.3221269773171493 178.66666666666666 0.9993948562558159 0.9880508003958156
2.3220050319412193 178.66666666666666 0.9993938624542046 0.9880081498572113
2.3220938772993307 177.33333333333334 0.9993945066882868 0.988060386297753
2.3221205054717884 176.33333333333334 0.9993941165104563 0.9880525622171809
2.32206085896722 177.0 0.9993946290350958 0.9880877524715047
2.322041967800256 175.0 0.9993926779936894 0.9880875550578719
2.322120613234487 179.33333333333334 0.9993916722454023 0.9880424989478289
2.3221411689217724 177.33333333333334 0.9993928066880085 0.9881045282234986
2.3209439391813733 85.0 0.999420254527695 0.9854584545284085
2.3207769964624014 178.66666666666666 0.9994162960048372 0.9854082782966658
2.32031354852859 176.66666666666666 0.9994051152435088 0.984980902995749
2.320716291911128 178.0 0.9994111309661678 0.9847942722293666
2.320370553859165 177.0 0.9994159575752427 0.9839137532809985
2.3202417372238573 178.66666666666666 0.9994131671554526 0.9837089244683591
2.3201674172500644 176.66666666666666 0.9994109987079783 0.9836078237483666
2.3200260153428776 180.33333333333334 0.9994511229496316 0.9836122701323933
2.3188084548744072 176.0 0.9993819106414459 0.9828508198685033
2.3183306365907095 176.66666666666666 0.9993701629544768 0.982546844920493
2.3184402507999544 178.66666666666666 0.9993699434775091 0.9824239416491702
2.3190172285840385 170.66666666666666 0.9993755667215753 0.982802434090937
2.3190576186831544 174.33333333333334 0.9993783333336874 0.9825638153281135
2.3191590335421437 176.66666666666666 0.9993815203899339 0.9826388472611011
2.3191873897628157 180.33333333333334 0.9993793526086903 0.982670727474005
2.3191894022518333 173.33333333333334 0.9993743588642086 0.982587791653904
2.31940444424259 180.33333333333334 0.9993816624710377 0.982443815643247
2.3201007611802265 178.33333333333334 0.999382743079464 0.9827812214346167
2.3205126828650022 173.66666666666666 0.9993906760444558 0.982794952737413
2.3207337007720272 176.33333333333334 0.9993933540018963 0.9830768877378607
2.3199756227419885 177.33333333333334 0.9993805362372066 0.9820096313241756
2.319856674964322 177.66666666666666 0.9993732945485377 0.9823675040811523
2.3197281675322916 178.33333333333334 0.9993723343824412 0.9825966696314871
2.3196804124873207 170.0 0.9993731481878951 0.9827702242750274
2.3194306117407137 179.33333333333334 0.9993674989265905 0.982340966326591
2.3194860780998288 178.66666666666666 0.9993683408262997 0.9827482744404912
2.3193813251910407 178.0 0.9993652833840571 0.9827906435762237
2.319383307099139 181.0 0.9993643530674065 0.982660066783937
2.319321149231413 177.33333333333334 0.9993672946548807 0.9828927471523332
2.31965767442229 178.33333333333334 0.9993774300504128 0.983371696298034
2.319995489651165 177.66666666666666 0.9993961529038361 0.9836290139032994
2.3195085264999302 178.0 0.9993868178361205 0.9831456019638103
2.319334533775694 178.66666666666666 0.9993922201986198 0.9833397250766538
2.318984282345515 176.33333333333334 0.9993968062478158 0.9833956157395055
2.3186523070614995 178.33333333333334 0.9993980976989926 0.9834549991097536
2.3178280861485168 173.33333333333334 0.9993898652803743 0.9835291864836101
2.3172112033908316 172.33333333333334 0.9993808692980405 0.9831250586258491
