2.321920463327906 179.34199999999998 0.9961608495412239
2.3222011360622754 177.0468 0.9961822698872301
2.3221914787267566 178.6308 0.9961831126951818
2.322455081664737 182.346 0.9962078436337807
2.3224922076322643 179.41299999999998 0.9962327194756455
2.322932788613268 178.12939999999998 0.9962639258279921
2.3230327987504076 179.41299999999998 0.9962638891520627
2.3225913737393564 177.2698 0.9963083880020116
2.3216941588939557 177.0572 0.9962852147673036
2.322562607939609 176.55859999999998 0.9963137327774342
2.32335877934194 181.91160000000002 0.9962997460083294
2.3246370063756876 176.1242 0.9962546967041999
2.3259681043090934 176.1242 0.9962346863136311
2.326625714758867 182.2016 0.9962561733297102
2.327181661547487 180.63079999999997 0.9962605783318635
2.328359009938982 172.1976 0.9962137004070851
2.3294864782589952 181.413 0.9961874704365127
2.329965994289848 180.63079999999997 0.9963047479448922
2.327715316341743 179.1294 0.9960131596247461
2.327129423875924 180.63079999999997 0.9957842084199532
2.3287922819608196 179.1294 0.9957182730782809
2.330372570004979 179.0572 0.9957330294185607
2.329877842512323 178.6308 0.9957990771708648
2.329380213750479 179.0572 0.9959524112317855
2.3311798117164417 182.346 0.9960883423919026
2.331881621629422 177.41299999999998 0.9962390550312854
2.330509748961621 181.346 0.9962903492092612
2.3300808070567163 179.9838 0.996345307223267
2.3300907763467937 180.2004 0.9964288469714029
2.3309880333199584 180.41819999999998 0.9964682043037028
2.331262874768868 179.7712 0.9965006587135544
2.3311667109594105 178.41819999999998 0.9964714112584929
2.3316081675846423 177.69899999999998 0.9965457747171744
2.3324702291420922 177.69899999999998 0.996561972899432
2.3332159482956247 177.9838 0.9964851641695928
2.3331363469409423 182.7712 0.9964533733187506
2.3337116190861606 180.9826 0.9964511078071638
2.334624290557385 177.9878 0.9964997276440866
2.3352095776360953 179.2004 0.9965321128433862
2.3358396552331353 177.69899999999998 0.9964899989256437
2.3358387658249637 179.2004 0.9964080925224864
2.3361842170676423 179.7712 0.9963617737681402
2.3355806883720223 179.6938 0.9963231705409962
2.3360664766528614 180.84339999999997 0.9963048373704753
2.3360660811256952 181.7712 0.9962974798038452
2.3362252863945003 182.342 0.9963471179260945
2.3339223678376992 178.7712 0.9963308031516898
2.331711414586807 180.34199999999998 0.9963750665215346
2.3301325124509424 179.69899999999998 0.996454104622471
2.3300154312359718 178.2698 0.9965271247157428
2.3301099554815314 179.7712 0.9967354585672031
2.331665716175305 179.4904 0.9969495752072283
2.3317953662731337 181.7712 0.9969675625388301
2.3341517784366275 177.69899999999998 0.9971309516153398
2.336416607328113 177.9838 0.997113337973699
2.336844294290701 177.1282 0.9971040219473912
2.3415211136608955 177.342 0.9970525070017137
2.3430454687720745 178.2698 0.9970474140572165
2.343058066967494 177.2698 0.9970423183733681
2.343283944694584 178.05199999999996 0.9970771915449108
2.343968730669639 181.41539999999998 0.9970866088996733
2.344064974709379 176.55579999999998 0.9970888091613526
2.3476856743437744 178.76839999999999 0.997172985281282
2.350139518228387 173.5558 0.9971730236484375
2.351265450438297 176.7644 0.9971403073421228
2.3523721728412648 173.98499999999999 0.9971146448757924
2.35234883099892 178.0544 0.997123883984686
2.3524906915013344 176.624 0.997159881877081
2.3523409798247763 176.624 0.9972180855594283
2.3522982347512684 176.0544 0.9972241464958098
2.3528796744411533 175.9782 0.997315904658497
2.3508195208590092 169.973 0.9973652547060394
2.3496077207504573 173.7604 0.9973727974339214
2.3490088965486686 171.259 0.9974250967403762
2.349960588431419 172.18679999999998 0.997429800225208
2.3495553577272927 169.4676 0.997472840486314
2.3493466084958468 171.39939999999999 0.9974527396998535
2.3500637405770886 170.4728 0.99752506886117
2.351469157860476 168.6172 0.9975665381014825
2.3516094624389274 165.537 0.9975602230105444
2.3504481522653173 165.5382 0.9974461591098398
2.3499817458136447 163.3938 0.9974213573116352
2.350525142651292 165.3966 0.9974047255835956
2.3528317491055595 167.7508 0.9973604248234827
2.3528766478333454 166.5342 0.9973593398520736
2.3525556540263453 166.5342 0.9973020455315977
2.354447077405346 166.53539999999998 0.9973815365847674
2.3573081377314473 162.46359999999999 0.9974997850646351
2.3566660797651515 163.4688 0.9975640555592202
2.3575983591307774 162.3204 0.9976168112951473
2.357615830128062 159.2414 0.9975875528437381
2.3583954339122686 161.379 0.9975388114124852
2.3592434006636576 154.085 0.997530848622341
2.360000427971892 163.31359999999998 0.9975660515836812
2.3575989644099584 159.24819999999997 0.9974816059666239
2.3545328135712538 166.5342 0.997455156670374
2.352449341462396 162.24419999999998 0.997451910458243
2.350074450401271 163.3938 0.9974127182858734
2.346447054949239 165.3966 0.9974029132094915
2.3463290414030236 167.541 0.9973761782727661
2.3484486958329294 170.54099999999997 0.9973332769991305
2.349638286112841 167.3966 0.9972737016424978
2.3493593564309343 168.25099999999998 0.9972380486857713
2.348941536673998 169.259 0.9971891650602377
2.3486459680524465 175.1908 0.9970951709588789
2.34927900084276 175.40339999999998 0.9970640456527707
2.3503211180040604 173.48360000000002 0.9970613538216303
2.3495608910454022 170.977 0.9970964761170894
2.3471272371091105 170.7644 0.9970626033417241
2.3453034571227063 177.41819999999998 0.9970934194776854
2.3432354130086384 175.34319999999997 0.997059448772041
2.341822299367994 177.55059999999997 0.9970476399932203
2.3406659106935375 178.699 0.9969972644676739
2.3386969859135704 178.2698 0.9970088841901916
2.337672685385452 179.5598 0.997091726237271
2.3356850569036145 177.6308 0.9971005248280509
2.334113055665028 177.83939999999998 0.9970944557024467
2.3314986159292825 174.5546 0.9971830768192087
2.332508904547839 181.2016 0.9971456737549784
2.3339542307441694 181.7712 0.99714836716755
2.3348453080641614 178.9168 0.997188395606058
2.3342025027348603 179.9838 0.9972594294088848
2.3309621259054127 181.7712 0.9973888979294162
2.3323846786333173 182.7712 0.9973475876004905
2.332891337922509 179.69899999999998 0.9972889702319631
2.3321120598216116 178.2698 0.9972950093011066
2.3314308602886173 181.7712 0.9972575958596201
2.331492503913035 179.9838 0.997280877428518
2.3322755246190887 180.84339999999997 0.9973043864300218
2.3320589547714903 180.20159999999998 0.997275347127606
2.3312679059998294 178.2004 0.9973706229578516
2.3282562071216386 179.70299999999997 0.9974068154133742
2.3272047561390345 181.2016 0.997377088494349
2.3254808995301657 179.70299999999997 0.9974082089796219
2.3263175876372095 180.63079999999997 0.997485286271125
2.327466573012306 175.19240000000002 0.9975656141346684
2.3287520547159586 179.26979999999998 0.99756860747726
2.3297057791515563 175.338 0.9975683892231412
2.330698128436352 178.1976 0.9975875561276789
2.333670208109266 176.9116 0.9976382890776249
2.335299501197356 178.2658 0.9976710320058789
2.337117185018321 178.76839999999999 0.9977322514720494
2.3392495651309844 178.6962 0.9977789321642883
2.3396420143476906 181.4836 0.9978449684108844
2.3400291890617293 176.55579999999998 0.9979030939980305
2.3412080399026514 178.4836 0.9981045511266423
2.3395141520764633 178.4836 0.9981687521136982
2.338867341032724 176.76839999999999 0.9982422859462236
2.3410765110268232 174.1254 0.9983147953394959
2.3411027946961314 176.8366 0.9983661419986516
2.3438111766871117 175.263 0.9984278780531294
2.345154743327652 172.969 0.9984718807766874
2.3421464167764183 170.8326 0.9984094349966459
2.3376732914582727 170.69099999999997 0.9983377946905176
2.3359211187488427 172.0504 0.9983272637929143
2.3350022866317683 171.7604 0.9983461504638346
2.3360126145677658 177.76839999999999 0.9984043760247959
2.336277625419281 172.1908 0.9984465389550612
2.338201165593664 173.3312 0.9984764131305054
2.339578200822322 170.969 0.998475790770243
2.340602099090184 169.4716 0.9984181829700888
2.341773387570346 172.18679999999998 0.9983394933425975
2.3435675327371683 171.39939999999999 0.9982826269730526
2.3450061427312403 167.32319999999999 0.9982065280604138
2.3467109111412414 166.6814 0.998139597600166
2.3471236436260616 170.4728 0.9980885937831486
2.3463946171526473 169.61319999999998 0.9980729905289196
2.3455235040479407 165.7496 0.9980797250996523
2.3458921245097586 163.6064 0.99805718164816
2.345109212903048 166.6104 0.9980276010867163
2.344777329307967 171.54619999999997 0.9980072632206634
2.3445763832407405 170.53699999999998 0.9980040217722843
2.341767025605222 165.537 0.9979976510955179
2.3384603594759468 172.32319999999999 0.9979534313861341
2.33334382625785 174.11860000000001 0.9978596069445308
2.336556792076447 171.69219999999999 0.9978875352997444
2.3372082036056407 173.69619999999998 0.9978967727135216
2.342541811097031 173.1146 0.9979664446401659
2.3481623374699225 173.47160000000002 0.9981029519652794
2.3534867663769696 170.608 0.9982470538933066
2.3579674119650393 168.0372 0.9983788124579176
2.3633966223942284 173.47160000000002 0.9985457110931348
2.366189266004367 166.83259999999999 0.9986772530064651
2.366407922000457 168.7456 0.998763574355618
2.3657911939408094 170.4728 0.9987592074836945
2.364447742856813 172.3324 0.9987179243421384
2.360391583891779 172.6212 0.9986183220201574
2.3586148334944155 172.32719999999998 0.9986094258999451
2.355752245513925 173.25900000000001 0.9985541696994943
2.353400729389706 170.3954 0.9984588180299211
2.3529281035409366 168.25099999999998 0.9983900206700109
2.3541813637019424 168.69219999999999 0.9983751516027768
2.356124016524463 172.32719999999998 0.9983321255350283
2.3583943099903384 170.18159999999997 0.9982602769864897
2.3637913353372118 171.39939999999999 0.9981734870258456
2.3686896851887114 170.46759999999998 0.9981027549896581
2.3703139237349062 172.18679999999998 0.9979652089383791
2.3721177890375835 167.6052 0.9977821685820815
2.3736491354118305 170.3994 0.9977199727937014
2.3747534370897347 170.3994 0.9976331095520561
2.379778430275179 172.32719999999998 0.9977725917130698
2.380374043297139 171.39939999999999 0.9978374866344951
2.378881700239485 175.0464 0.99770726489492
2.3788588034400737 169.4676 0.9977279816685316
2.3735036866477577 170.25379999999998 0.9975547298134574
2.3730604720983135 175.9782 0.9975854784552212
2.370821973483421 170.7644 0.9975214631125927
2.368881201361785 171.53699999999998 0.9975436440981774
2.3686549758622735 173.7644 0.9975958075601743
2.367258886946341 174.263 0.9976918094041216
2.3669965268508375 173.3312 0.9977506186465384
2.365232813883844 172.97820000000002 0.9978246079404536
2.3627141596283856 171.18679999999998 0.9978651291524938
2.3607201653004184 177.33799999999997 0.9979344990932159
2.360566785532898 170.69099999999997 0.9979364843816085
2.3608375670204835 175.263 0.9979453954649294
2.360369543676874 175.0504 0.9979041393644098
2.3599199301031764 173.1186 0.9979006489802953
2.3573940542810377 175.83259999999999 0.9979720449563177
2.352947054725305 175.1976 0.998009950648315
2.3491904263376138 176.76839999999999 0.9980675354883398
2.3457232098557546 178.47840000000002 0.9981573929082243
2.3423697700903605 178.9168 0.9983139917442059
2.3390208336691947 177.62399999999997 0.9983489807404571
2.3367770081304835 174.9838 0.9983970716842825
2.3341052219827674 177.33799999999997 0.9984597688251018
2.332427448028008 175.4836 0.9984988394544198
2.331379388080858 177.4812 0.9985351124345604
2.3304836680289904 179.48760000000001 0.9985376469552404
2.3300278654042015 176.7712 0.9985805834558046
2.3295452830672954 179.34199999999998 0.9985980603064648
2.327817247593113 179.1294 0.9986084416849447
2.3261649934536734 179.5546 0.9985892872497637
2.3258748437049204 174.2698 0.9986010153303241
2.3256302414396894 178.6308 0.99857632274589
2.3259791744378164 181.2004 0.99852571864947
2.3265024246619816 177.62679999999997 0.9984807674826264
2.324071702971196 178.91160000000002 0.9985200921846633
2.321790994199532 180.9838 0.9985624427092513
2.3227493503031558 177.1294 0.9985019144468547
2.324858284466503 180.9838 0.9984429467266484
2.3250326173555953 177.41819999999998 0.9983752935026027
2.324128506685569 177.48239999999998 0.9983034914736895
2.3208270256406833 177.41819999999998 0.9983780288596057
2.319031352160731 179.4182 0.9983981167363166
2.316375952211953 181.1294 0.9984199504062666
2.316334972828407 180.34199999999998 0.9984504603785639
2.3180239807990493 180.34199999999998 0.9985068974269343
2.322015278623563 175.338 0.9985391679551876
2.325292592470166 175.4836 0.9985702801285813
2.34695015199978 176.69619999999998 0.9985571075338494
2.3498989050093897 172.76839999999999 0.9985010746532511
2.350666752914726 175.83659999999998 0.9984874778105676
2.3517073717155617 178.624 0.9984741136605488
2.352911043930663 176.97699999999998 0.9984774973119227
2.3543437678112125 173.5518 0.998512091871677
2.355472794072926 171.4102 0.9985817133422228
2.356799566004588 175.1266 0.9986526895781821
2.365079408356622 170.259 0.998618484727946
2.365619106648027 173.4062 0.9986045454476572
2.3656800257599118 171.1856 0.9986030547338786
2.3661899966289344 174.263 0.9986199429881526
2.366646540745449 173.1186 0.998628250388325
2.3669513979092045 171.259 0.9985542102710042
2.3670304513072145 172.18679999999998 0.9985576473992342
2.3674310506087948 173.25900000000001 0.9985565759022946
2.367474171703777 169.4716 0.998544257464286
2.3697285962060097 168.541 0.9985433809089455
2.3702466396478874 172.6172 0.9985083758690824
2.370693879173501 168.541 0.9985071125323962
2.371070302399407 166.6814 0.9985152091263098
2.372837831964034 166.2562 0.9985099307233255
2.373754201094004 168.541 0.9985016253037072
2.373743175737432 168.39539999999997 0.9984987382417296
2.374630797561674 167.474 0.9984947676428955
2.3747742674366066 158.3966 0.9984998937110253
2.375523032621165 165.541 0.9985350633494455
2.37609901271195 168.75359999999998 0.9985953278280087
2.3756960900458237 169.7508 0.9986257300638225
2.3744970414122166 169.545 0.9986295337106358
2.3731247129426967 172.4046 0.9986400008856544
2.3729659222516437 169.7588 0.9986404899178264
2.370405776006638 169.545 0.9986051510928837
2.3693440132305503 168.541 0.9986052527114205
2.3687830336433184 168.541 0.9986218134735894
2.3698831255401145 168.75359999999998 0.9986429463719979
2.3699592049705847 168.3284 0.9986915385783447
2.3686813009524315 171.54619999999997 0.9986137503890006
2.36974099579033 169.6866 0.9985724948576857
2.3714571177897357 167.9674 0.9985257150173531
2.3734091096399057 166.6104 0.9985025768810761
2.3763545946449223 165.6064 0.9985588893293329
2.3792376303038987 161.6036 0.998583705304275
2.38041126398945 165.6064 0.9985036881245558
2.383902786201572 167.462 0.9985240680864875
2.3906838071490206 162.8214 0.9986044781377443
2.3939235811215744 164.6012 0.9986149364401812
2.397569194825972 163.31359999999998 0.9985721713890274
2.4004841017769336 162.67579999999998 0.998621561428158
2.4018353756630986 156.64899999999997 0.9985933233654073
2.401732108908032 158.3056 0.9985839449020457
2.4058122950515846 157.65419999999997 0.9984457571061547
2.4078864457333125 157.65419999999997 0.9984498101135062
2.4077930574093873 153.653 0.9984813304663638
2.4077154408398544 162.67579999999998 0.9985356691943015
2.4069215238437995 157.1584 0.998552982751279
2.4037294965900533 157.08100000000002 0.998549701657585
2.400773193510902 162.5968 0.9985039226430922
2.400180236122869 155.9406 0.9985166277493562
2.397668458473087 162.2374 0.9984197095980722
2.3960554347230714 156.3726 0.9983583282123514
2.3958080206525905 163.67459999999997 0.9982860005108016
2.3953113197641267 160.4528 0.9982805102226896
2.39470105360964 163.5262 0.9983230517375424
2.3929145763560804 162.24419999999998 0.9983128957614368
2.391394684430931 166.8242 0.9983038803924043
2.3897659210798543 167.7508 0.9983395739869971
2.3897746442376975 163.6064 0.9984803369253841
2.389147445514339 166.67739999999998 0.9984798930777242
2.3882006133637494 168.6854 0.9985193369217417
2.372293119441676 171.259 0.9984091206306698
2.367002640831239 170.3994 0.998359755490377
2.349564875304059 171.9782 0.9983669595840343
2.3458947309003535 172.54500000000002 0.9983842673271465
2.344608616646096 169.83259999999999 0.9984016067184475
2.3404856066770474 174.83659999999998 0.9983867972182345
2.339638229577835 173.90879999999999 0.9983819011949044
2.33787586004371 173.90879999999999 0.9983730437318292
2.3362518050580614 174.6962 0.9983118910280053
2.3373934648870827 172.624 0.9982198701485125
2.3375571968652245 174.98219999999998 0.9982195204363019
2.33968916671554 175.55579999999998 0.9982439490361324
2.339976345636936 177.5558 0.9982389596969706
2.3402581715066457 178.90879999999999 0.9982356565535144
2.342692196438302 175.83939999999998 0.9981637002341188
2.3433232110591664 176.69619999999998 0.9981118950143817
2.34375352849488 178.4876 0.9981336595952408
2.342366720787431 178.76839999999999 0.9980372973360782
2.340727260191365 174.9838 0.997977710922321
2.3277205455698025 179.48239999999998 0.997757730170971
2.3209046777271234 177.48239999999998 0.9978424051328942
2.3186013359298663 174.33800000000002 0.9979801463586332
2.317939998563781 177.1254 0.9979998675378694
2.317673073889289 178.2698 0.9980031258382563
2.3143927245057148 177.5586 0.9980002072309526
2.3094476844617926 177.0572 0.9979273732152855
2.3012330952613684 178.2004 0.9979955101804011
2.2986179132764115 178.7712 0.9980328408262655
2.2987642249275173 180.84339999999997 0.9980549182677024
2.2971912805992027 176.7712 0.9980036977251207
2.2951753633116967 179.34199999999998 0.9979057975214228
2.294169927188995 180.7712 0.9978698725899074
2.2964782596010624 180.7712 0.997816470858058
2.301389897310768 178.7712 0.9977247111012745
2.3056922300727494 178.7712 0.9976241136137891
2.3080010374835456 178.766 0.9976271949654544
2.3107858867427122 180.7712 0.9976907514313457
2.3123512790631495 179.69899999999998 0.9976386194691572
2.318262009750362 178.12419999999997 0.9975458591484463
2.3192429914122337 178.6308 0.9975292727984953
2.3197984115733945 183.1294 0.997506050079989
2.320056372754117 179.34199999999998 0.9975048477435381
2.320553917699071 181.55859999999998 0.9974984939551177
2.3274044670382033 175.7712 0.997651892204359
2.331423023213407 178.55579999999998 0.9976819325937534
2.3327132276912077 179.8406 0.997633600862619
2.3334709770891706 178.90879999999999 0.9976341780166341
2.3338112356892213 177.5558 0.997634329695058
2.337835231907817 173.1924 0.9977274544557586
2.3410223393235103 174.4102 0.9978603856354253
2.3450590841274472 175.55180000000001 0.9979171804817825
2.348038005739202 171.7604 0.9980224745595214
2.350180841104858 170.259 0.9979498299983653
2.3508107541095464 171.259 0.9979404862449558
2.352220632075292 173.47160000000002 0.9978675530879012
2.3498631792558418 172.18679999999998 0.9978618400665027
2.352110303645486 173.7496 0.9978516530455871
2.3543074714611514 165.541 0.9978108579241464
2.356162526382975 168.68139999999997 0.997774854571603
2.3603775864556136 169.6092 0.9977058884077612
2.3622941856897346 168.4688 0.9976718982519218
2.3641427669135844 168.4688 0.9976806273616453
2.3678226612236304 164.4648 0.9977389011721667
2.3717883401346724 165.6826 0.9978022205709302
2.374913090878639 165.6052 0.9978016006534877
2.374891984677432 163.31359999999998 0.9978049027330846
2.3738539986864002 162.24419999999998 0.9977664285577996
2.3707657948963545 165.6052 0.9976946898180796
2.3703856600816637 167.03679999999997 0.9976904371456726
2.3657213254270215 168.75359999999998 0.9975440373517385
2.363539584401917 166.537 0.9975176056197153
2.363767061784822 168.6826 0.9975177278717109
2.3611234621977006 166.61319999999998 0.9976288439015681
2.3592650700810607 168.75359999999998 0.9977252207363326
2.3559782470426565 170.18559999999997 0.99774270344938
2.3544675796731664 173.6814 0.9977883804757511
2.351898485587494 177.1948 0.9979469065222891
2.3435601508111286 176.90479999999997 0.998001046881226
2.3423551121047783 179.69619999999998 0.9979643979343495
2.3419938647166627 176.90879999999999 0.9979595907968231
2.339101819437088 179.7002 0.9980070309381109
2.338650414302126 177.2698 0.9980302217677093
2.334172957055663 179.41299999999998 0.9980157024262575
2.331831058708434 182.2004 0.9980422352748028
2.3264897452175486 177.69899999999998 0.9981281280258919
2.3276892616562748 181.7712 0.9980775437091559
2.3360875432661103 177.9878 0.9980271351302102
2.3397359737820196 180.20159999999998 0.9980254517673743
2.3441730956663087 177.62679999999997 0.9980354175240527
2.3450996377218956 178.12939999999998 0.9980310856985821
2.3486354269830887 175.83939999999998 0.9980186768252891
2.34833009225009 181.413 0.9980056025080734
2.34935560242881 177.2698 0.998042630310441
2.3469845332716543 180.63079999999997 0.9980406620808733
2.3400885221259955 180.63079999999997 0.9983361415542339
2.340723536179593 181.1294 0.9982741682300132
2.340544872005042 174.2698 0.9982518463100842
2.3400927525907838 180.9838 0.998225316296336
2.3381611976646752 180.13219999999998 0.9981610549444889
2.3362294964997092 179.3472 0.9983173534466775
2.334829531781447 179.34199999999998 0.998380101930864
2.3334642053734034 180.63079999999997 0.9984221408050128
2.327145233062399 179.34199999999998 0.9985169624064747
2.3251044963987795 182.0572 0.9985361657047375
2.3052944665273642 175.6962 0.9995596178393428
2.305143921433335 175.6962 0.9995840702882399
2.303063558847196 175.6962 0.9996678734488231
2.301247410540025 171.4102 0.9996583778261273
2.2974216745730085 178.34199999999998 0.9996789764727793
2.295581097529757 174.90999999999997 0.9997100809700369
2.295360461268206 178.83259999999999 0.9997242702720706
2.294963736598434 172.91 0.9997310601309035
2.294958588948784 177.83659999999998 0.9997396232118544
2.2945563721384916 179.1948 0.9997743211939627
2.294840550533637 175.0504 0.9997945368838459
2.295461645507766 174.11860000000001 0.9998082090622444
2.29524845963895 177.19079999999997 0.9998301017561356
2.296029451238352 174.8446 0.9998642918895689
2.2867516539080732 175.1976 0.9996870302674687
2.285223495257523 177.1294 0.9996486228334417
2.284590597447286 178.55579999999998 0.9996429963447603
2.2827866086607624 178.624 0.9996255267647955
2.2793088617898967 175.83939999999998 0.999588513310144
2.2766313408151584 179.338 0.9995339402468267
2.2755515747552324 180.62800000000001 0.999436013367909
2.276388506232454 175.6962 0.9994024691650224
2.2766081777217746 180.26979999999998 0.9992793762736192
2.276934057525454 177.1254 0.9992037732945388
2.275601202629434 176.6268 0.998854681779631
2.2689767945604156 177.69899999999998 0.998891538768263
2.2677851718979953 181.7712 0.9988586797440464
2.2667341945714288 179.76600000000002 0.9988525276932834
2.2588753574210587 179.69899999999998 0.9989041080059726
2.2584961196471625 184.12939999999998 0.9988248658471193
2.2599044739136724 182.0572 0.9986969632798545
2.260316921517115 178.7712 0.998695410430879
2.262236417403251 182.4864 0.9986238007577557
2.2650692041681633 184.55859999999998 0.99855950007352
2.2650481274480088 182.4864 0.9985004895808627
2.2670200209170877 182.0572 0.9984074275302861
2.268210161320457 178.7712 0.9984011091889367
2.271405696240513 179.69899999999998 0.9984256229718722
2.2721366870501924 182.342 0.9984280496101452
2.2777933377272332 179.48239999999998 0.9984377948799349
2.2858499505498924 179.6308 0.9986395168259792
2.2857146279828227 177.34079999999997 0.9986640337679679
2.2944830842412873 174.699 0.9987345228315418
2.2981579738927986 179.69619999999998 0.9987386035168077
2.299511224874801 177.69619999999998 0.9987180698761088
2.302385976809707 176.90879999999999 0.9986917300855122
2.307067803084594 177.977 0.9986965209012674
2.3142395285260067 168.47279999999998 0.9987146202524345
2.3145843225311715 177.1266 0.9987143000142553
2.3138608797659876 174.263 0.9987083752855751
2.3109409159796566 173.62 0.9986777963440214
2.3117991700297 174.11860000000001 0.9986928044774415
2.313703847862486 172.97820000000002 0.9987284151101654
2.315544750199625 173.5518 0.9987654986678591
2.3177210343420795 173.0464 0.9987898376145211
2.3208146345142118 171.259 0.9988181072020789
2.3214090667209235 175.259 0.9988239313471744
2.3246133884112754 172.18679999999998 0.9988383102541273
2.3313150533597375 171.53699999999998 0.9988493926801347
2.331305361863799 173.47160000000002 0.9988445162591792
2.3313790704402004 173.47160000000002 0.9988092136226813
2.328335437946618 174.11860000000001 0.998715433408876
2.325847626812317 171.18679999999998 0.9986240159359621
2.324721612013252 173.62 0.9985037028806636
2.325437234877766 176.97299999999998 0.9984494904723258
2.328377803480178 177.1948 0.9984280868333131
2.3269219275675685 176.48359999999997 0.998375281405792
2.32366850401592 178.83659999999998 0.9982544326294717
2.3226079092115177 177.83939999999998 0.998182601522053
2.3183931198936945 178.76839999999999 0.9981254841017229
2.3145517290260345 179.695 0.9981055120623002
2.311919166725374 177.69899999999998 0.9980795832105305
2.30865507840122 181.41539999999998 0.9980447568769165
2.306116461989638 181.55859999999998 0.9980562146143214
2.2980439103269963 184.12939999999998 0.9981763825537747
2.2925634941096806 179.2004 0.9982970131010404
2.288974051430436 179.7712 0.9984106310472152
2.2854137887079258 180.766 0.998494740414798
2.2824996785957583 180.7712 0.9985317890478095
2.283259405498792 179.8434 0.9985759200125346
2.2869815304399403 182.0572 0.9985890991559464
2.287289991100023 178.7712 0.9986243447559109
2.28392746387022 180.55339999999998 0.9986833639409343
2.2816348950159187 181.8422 0.9987307518059505
2.2783205469868815 180.1294 0.9988077777006267
2.278798382724313 181.2016 0.998752013765283
2.2799088131991883 180.26979999999998 0.9987603368225171
2.2803649304843963 181.2004 0.998753084678812
2.284364278828675 179.1242 0.9986906017021485
2.285700393486461 177.342 0.9987200806808492
2.2861623742303223 180.55859999999998 0.9987376058311683
2.2873051730104907 178.7712 0.9988737917317516
2.2872709541355456 175.338 0.9989370196309357
2.2869904844316395 178.48119999999997 0.9989648463692669
2.2865468937244984 174.9116 0.9990631613892712
2.2870508677911845 177.61879999999996 0.9991014810380824
2.2928044325306525 177.4784 0.9992816116775151
2.2930375462409325 173.5558 0.999338859936906
2.2930978570056184 177.9838 0.9993564036905399
2.293803691075214 175.9116 0.9993807733735101
2.2925146342481435 179.6308 0.9990795616398277
2.2939023213766867 181.1294 0.9989521341912243
2.294218047144494 174.1976 0.9989028199872051
2.2963058020259566 180.2004 0.9987763521647052
2.296450617851335 181.7712 0.9987664597904845
2.3004778461072797 180.989 0.9986978097122033
2.3071580062212216 178.69379999999998 0.9986223085709621
2.3094937656530137 177.9838 0.9985958291663721
2.3232857110357457 179.4182 0.9984550582352334
2.3243302571632825 176.1294 0.9984864975176132
2.3268243972614435 176.1294 0.9984674521283392
2.329342747910358 175.413 0.9984004344051602
2.3332796385419057 179.9116 0.9983767243827054
2.333389246874181 178.6308 0.9983843313798808
2.330031140388662 179.0572 0.9984425135855518
2.3294670627709095 179.1294 0.9984467446616457
2.3287937241982313 174.2698 0.9984561908353123
2.329055380927077 181.1294 0.9984931597103546
2.3270826590340516 181.2004 0.9985534084802042
2.3260464359571746 180.63079999999997 0.9985895236336098
2.3257012578253673 180.63079999999997 0.9985529683547056
2.3269677021074537 181.1294 0.9985751436045008
2.325826737906293 177.052 0.9986453454346647
2.324130387978789 174.1254 0.9987024917416204
2.3219478407881025 182.7712 0.9987840622285858
2.322048278927871 178.4824 0.998789003931302
2.326225628380128 177.4784 0.9988654652427316
2.330769986744721 178.6962 0.9988555392673147
2.3311709638645577 175.7736 0.9988552503346262
2.338269317584326 176.8366 0.9988669922371054
2.3393444107759938 176.8366 0.9988667983052378
2.3427507203465194 173.6922 0.9988861576714912
2.341690162951628 174.83659999999998 0.9988895342977507
2.3388916305465024 176.267 0.9987441654577927
2.3410950260623933 176.76839999999999 0.998642102355764
2.342550536719881 177.5558 0.9985151629322089
2.342278883168719 176.55579999999998 0.9984809258815925
2.341014435690207 177.69619999999998 0.9984317929891304
2.3402039761913613 177.55059999999997 0.9983899615808668
2.3399335282458984 178.699 0.9983389339054514
2.3440426924725926 177.7712 0.9982940425237953
2.3455107240885704 178.26859999999996 0.9983222680258902
2.345709127918542 182.0572 0.9982913528609028
2.3473501509592 179.0572 0.9982614184699145
2.347847482174952 179.70299999999997 0.9982689854592236
2.3481087018993647 176.8394 0.9982774957313437
2.3483918902965817 175.1976 0.998264749433499
2.3492704042974095 179.1242 0.9982502208108395
2.350104704178624 177.342 0.9982384310921476
2.3503196665542814 179.34199999999998 0.9982447044176995
2.3502612021991784 179.26979999999998 0.9983283805741736
2.3525974768663964 177.2698 0.9983228788251577
2.3549562118315945 175.115 0.9983090445300178
2.3553806332380223 175.4812 0.9983037727942684
2.357472291022516 181.55859999999998 0.9982889849211053
2.3588394717459957 176.338 0.998274217643393
2.3602781430668753 178.4836 0.9982768689891769
2.36059533851446 178.55579999999998 0.9982351073030858
2.3607070670153356 176.76839999999999 0.9981997132163921
2.3608668156844153 176.76839999999999 0.9981857469812426
2.363743053647903 176.4114 0.9980984381151152
2.3641523562029167 175.989 0.9981046896539796
2.364480440250095 171.69619999999998 0.9981006468830669
2.364300322777356 176.9168 0.9981399129963673
2.3648201950232797 176.55579999999998 0.9981549369390582
2.366609755662747 175.55180000000001 0.9981134654634205
2.365412375704872 176.55579999999998 0.9981217134524613
2.3653482566576995 178.6962 0.9981226820708241
2.363922303791922 176.90879999999999 0.9981201222608893
2.3636796404671143 174.5558 0.9981182654939498
2.3613546693066145 175.84179999999998 0.9980850226872494
2.3604122515308874 178.6962 0.9980570993797383
2.358529522002506 178.76839999999999 0.9980257911421739
2.3518749381693818 179.48239999999998 0.9980793492843146
2.349966267135248 179.8434 0.9981122726601418
2.349792096804345 177.61879999999996 0.9981172235498224
2.3491752301747186 178.699 0.9981287875153955
2.3487486784477074 183.4876 0.9981397856474699
2.3476763997986536 178.55339999999998 0.9981399474503744
2.3428349281031515 182.5586 0.9981804737521753
2.3405635433426806 179.55859999999998 0.9982507903215075
2.3375426732521216 180.34199999999998 0.9983629595327499
2.337256726919063 177.1254 0.9983752877043374
2.3350403010356877 179.34199999999998 0.998478914801821
2.335938705978309 180.34199999999998 0.9985103900729153
2.3354349917776336 175.1976 0.9985844614267679
2.3340545051002217 182.63080000000002 0.9986391903302848
2.333672791796229 179.55859999999998 0.9986508129944024
2.3277245385423377 182.9878 0.9986604076618629
2.327503380233407 175.1242 0.9986655146123883
2.327320831998282 178.12939999999998 0.998665287676423
2.3268399797397814 177.9116 0.9986463545844803
2.327121246615094 178.9838 0.9985771747705544
2.327033900192024 179.70299999999997 0.9985753986737658
2.3270350915849507 177.83939999999998 0.9985509549328877
2.326870796683105 182.2016 0.9985347597218955
2.327079280951487 177.8342 0.9985420872014726
2.327186053862989 180.1294 0.9985417673984944
2.327769887414191 179.70299999999997 0.9985456157656377
2.3278689901726084 179.41299999999998 0.998548512195385
2.328700261043112 177.41299999999998 0.998544159306552
2.3293336309387427 181.2004 0.9985402196342786
2.329600115256683 180.9838 0.9985361078132086
