2.7013548780893033 79
2.7011589143585364 82
2.7010600638897797 79
2.7012400521541573 78
2.7014980159238005 84
2.7009768225640083 80
2.701439082212772 78
2.701253203908966 80
2.6997413369490944 84
2.7013267284922895 75
2.699592615441924 83
2.699554322404223 82
2.7013545759597517 75
2.701340913434306 84
2.699471425135898 84
2.7013958271061833 78
2.7010643823290574 81
2.701166222571255 82
2.7011844135995893 78
2.701309166802357 85
2.6995171230774053 80
2.6995704034693575 78
2.701097082926083 81
2.701244795290468 79
2.7014090056741575 75
2.7016967390103392 80
2.70108070777087 80
2.7015462102938055 78
2.701415170105131 82
2.7013631262098365 79
2.7008871379615726 79
2.701238044318363 83
2.699813135443203 77
2.7009750820025453 84
2.7011220343407416 80
2.7016068497536594 78
2.7015982221283967 82
2.701666991440303 81
2.7017565349450603 78
2.69956325214098 85
2.70095313306409 82
2.6997625105923633 78
2.7012093811296385 82
2.700221361039402 81
2.702027520569512 75
2.7016181441566496 86
2.701633549444582 79
2.6999448149896828 78
2.7015306612088383 84
2.703617101376638 81
2.70120627568324 78
2.701275561417973 83
2.7006771600760606 84
2.7009851796775877 79
2.7006740410427703 85
2.7008941000760203 82
2.701110494774074 78
2.701096317764337 83
2.700751303667906 81
2.700725080709824 77
2.7006187829033426 81
2.6993732792655534 81
2.699305372988421 77
2.700920735799384 82
2.700913883351806 81
2.7009562635802045 78
2.7007096044268426 85
2.699182306466232 79
2.700894256387732 78
2.700830949853564 85
2.700839865389565 81
2.700939998738271 77
2.700740047151359 82
2.700742916558542 82
2.7008006078509204 77
2.7005716638336192 81
2.7005239394486367 81
2.700755522120551 76
2.700707995872591 85
2.6992652639044503 81
2.699104554642502 79
2.7007736422721944 84
2.700566469002987 81
2.701012010125224 78
2.700932414670961 83
2.6995579690773766 81
2.7009753864869595 78
2.699528799948584 83
2.7008265890878627 79
2.7006690112041074 80
2.70081930465028 84
2.701255620185354 81
2.701327946915785 77
2.701200498022576 81
2.701174454823408 81
2.700073759144439 77
2.70146488925196 85
2.7015257077814168 79
2.701255851492032 78
2.701587912509054 85
2.7012688821379673 82
2.700938316594247 78
2.7015521339780864 84
2.701228850024084 80
2.701267727652563 78
2.701327323587957 81
2.7009209805568433 77
2.7012550616922613 78
2.7008875160100656 82
2.700696951001368 83
2.70078995476266 76
2.7008435339687606 84
2.7005757390031935 80
2.7002101249698005 79
2.7005724835881533 85
2.7002250737539155 82
2.700255143734824 78
2.700483131653257 82
2.700272935467698 80
2.70029706210928 79
2.7000719844416325 81
2.6997124173179228 79
2.699024208615018 80
2.697710277830894 83
2.6968164408538033 83
2.6979122170473087 79
2.6972698570361042 86
2.6966507949080456 81
2.696150068588266 78
2.6961567444243997 85
2.696142885967233 81
2.6963871991732096 78
2.69631768254124 84
2.6973210439916366 82
2.6974138050304894 79
2.6963530167174223 85
2.6985003473273803 83
2.6983808501786855 77
2.701215701236767 83
2.7029744938718165 81
2.7021608272336524 80
2.7048720686479752 87
2.7047169762887866 83
2.706243806191687 82
2.706570901333273 87
2.7063123670902822 87
2.705578401386464 78
2.705406100979661 84
2.703339813233402 84
2.7049197572073265 81
2.704558797939117 85
2.7042736137848262 83
2.705142955925408 80
2.7050554359873447 86
2.7050649733458774 85
2.706960346780345 83
2.7088638994320435 85
2.7093857154614684 85
2.710034766923746 82
2.715098672082326 87
2.715416251306235 89
2.717550399693836 84
2.718050940876003 88
2.720673584172576 84
2.721590343511131 84
2.724216814938902 91
2.7256036933059637 86
2.7278860198909967 82
2.7289554231897877 88
2.731618239105807 87
2.7317479346043747 84
2.733781155808494 90
2.735032546759563 91
2.737341921916795 85
2.7388885043028672 88
2.7443043583968985 88
2.7452998990939967 84
2.7453219240806384 88
2.7515953991137843 88
2.755474499957704 83
2.7553765158586327 92
2.7614573877073934 90
2.7659594402038037 86
2.7672698998664456 90
2.769049678668161 89
2.777256522604372 83
2.780275578714906 91
2.789062904410897 91
2.7893916762301236 91
2.80494848788979 91
2.806410642720031 88
2.82134517384857 95
2.8321816148071832 93
2.8324987986188273 90
2.839789003613426 95
2.856274739049729 97
2.8670568172692934 92
2.869977504600901 100
2.8822548972122544 97
2.8941215111436778 90
2.90602115911069 94
2.9165038511908046 93
2.9252401555660446 95
2.9401888438044947 96
2.9406841861959583 91
2.949193193814219 95
2.962594570998902 93
2.968397915487981 86
2.97205601096225 94
2.9809291552856134 94
2.9847467474517497 86
2.9915415613476672 95
2.9974539101348303 92
3.0025875915694047 88
3.0015569909006548 92
3.010212439109269 92
3.01053365712281 85
3.0129553466878938 94
3.0150961639876996 93
3.0177151167830587 84
3.019256983590344 95
3.01979503321641 90
3.0203603360826583 87
3.019907711806837 92
3.0201426083430873 91
3.0223807179704667 87
3.022940603308026 91
3.0247640033329724 90
3.0265540900201957 86
3.027555204529694 89
3.035689641772915 89
3.034074921416304 82
3.026525082951858 85
3.0268712205534243 84
3.0298165311489793 78
3.0307448173165508 81
3.0335425119656576 80
3.0353651494737828 75
3.035891301299122 78
3.03900817398311 76
3.0406233034151104 71
3.045040438990819 75
3.0444589924384315 74
3.0489059469740973 66
3.050597869216477 72
3.0514370464727647 72
3.055565472575739 67
3.0558324160456096 69
3.056531238757776 68
3.061238194456479 64
3.0669197879316656 62
3.065965424170618 57
3.0734741856297147 47
3.074956056741986 44
3.0784854054631805 37
3.0812908587325714 31
3.0866402603483047 25
3.0881382566719195 14
3.0976420650358967 8
3.098455218183736 7
3.1081331850310163 8
3.1162977921705775 3
3.1152833730302634 8
3.123114066846111 5
3.1241115463766103 2
3.1304129589986704 1
3.1360969836869486 1
3.1388911456651716 6
3.141236917774961 2
3.1532034911025617 2
3.152761808586153 4
3.1558417368251983 3
3.1586682325499527 3
3.164369625595789 2
3.1663939678006794 3
3.169758721648032 3
3.1716218312556914 2
3.1764265871544803 2
3.177271483439316 1
3.1798434650750678 2
3.181928507487152 2
3.1826388620887323 2
3.1860019045329238 1
3.188377800372812 1
3.194441550258137 2
3.192426718446863 2
3.1965281794644858 2
3.196659065426644 3
3.1974159303553535 2
3.1989657974615278 2
3.2016019183251494 1
3.201599162990434 2
3.201868165390644 2
3.2016769759859787 2
3.2014503926182774 1
3.200225132237691 3
3.1979623312413357 2
3.198138891159853 3
3.1968439040062573 3
3.196557428388387 2
3.1966908341326263 2
3.1962344747887292 3
3.1959240116372993 2
3.1939207330332633 1
3.19248486913322 2
3.1903248997191627 2
3.1890310863806954 2
3.191408182356338 1
3.1862673274604676 2
3.186266988806569 2
3.1851654677957244 2
3.1842025249389954 3
3.1831036520834832 2
3.1826302019306016 2
3.1786494516235897 1
3.176391409111298 2
3.174678154914022 1
3.169383685251468 2
3.1686169323898388 4
3.1613132918617164 2
3.159257961421229 4
3.1570915564615003 2
3.1548234735787286 3
3.1517526531144613 6
3.1495627808782163 4
3.143279410081779 1
3.143912000626954 3
3.1421186759353565 7
3.139530469871227 8
3.1363727111714286 9
3.129760435911397 13
3.126256040582213 19
3.1224944784349105 34
3.120652859290524 42
3.1174550749524625 60
3.1155629192530028 62
3.112543261856686 65
3.111716234402718 71
3.110640915408135 64
3.1096291600784656 71
3.107998561704185 76
3.1057579502821375 73
3.1056914632425756 78
3.1057029643011367 82
3.104326398213844 79
3.104287481609551 83
3.1042111610289935 90
3.1032524772085677 83
3.1035185482586773 89
3.1040240547768496 94
3.1026719242933796 86
3.101829921353176 92
3.102411619430758 96
3.1027064699032403 90
3.105729962497394 96
3.1080199457663804 99
3.1078693937756574 92
3.1108952322843826 96
3.11481134977531 99
3.110368996315745 92
3.1089490956367842 93
3.107654149002065 96
3.1087529323248306 91
3.1088397639337377 95
3.109932666102425 97
3.1100696035346647 91
3.1107281679356045 96
3.1111370682475026 94
3.1112950854601853 93
3.112212549549185 96
3.1126920983098416 98
3.112984413788016 92
3.1131582208586783 96
3.11361933618824 97
3.114113037150146 91
3.1129892747908388 96
3.1147506465756307 96
3.113672896916171 88
3.115145528322482 95
3.1156472090393845 96
3.1160255999210826 93
3.1166026653162078 95
3.1164319638055087 98
3.117165378061361 95
3.1180024142972345 98
3.1169975725340784 93
3.117818010825163 94
3.1207162258956256 94
3.1212596512992965 90
3.1227866576149728 94
3.1235018358248694 94
3.1249553724304397 89
3.125144326313695 94
3.126356365385451 94
3.1265152507253804 88
3.127224447542748 92
3.127981407759551 97
3.1284135732006817 87
3.1279523960352162 92
3.129559291961475 96
3.1302280180127813 88
3.1307348786553244 91
3.1335726869645817 93
3.1304680307888364 89
3.1321188388215164 89
3.1326278285399116 93
3.133168694095208 88
3.133516080409973 94
3.134682081082627 92
3.1357187759111964 88
3.1361417736824397 90
3.137926170465337 90
3.1387338162819236 84
3.139427535342048 89
3.141632796644673 90
3.1436225506558486 82
3.1440746342527857 86
3.1466065478489202 89
3.1494701895563644 84
3.1514814193732668 83
3.153460813472607 86
3.1554343915367977 81
3.1563894894517026 82
3.158954883709055 86
3.160705083421475 75
3.1659172001338427 82
3.170733424770215 73
3.16949272691416 77
3.174235642293921 78
3.1749821329117114 70
3.1787195143600124 72
3.1813311578789785 75
3.1826889023699683 66
3.1894882397751103 70
3.1908685106606343 71
3.18895499941677 64
3.1888530078539534 64
3.1940343194984733 68
3.1979984667508212 62
3.1988833479805883 64
3.200640675149447 65
3.2040305658990587 58
3.207567199322273 58
3.2062459667104872 57
3.211193017335646 50
3.2151400427930334 46
3.2158056845356677 41
3.2212560103471755 33
3.223301647945361 28
3.2280790334778415 12
3.233314023205652 8
3.2342138149990336 9
3.235459787710313 8
3.239377477326913 2
3.241596449592085 5
3.2461255854545636 6
3.249426546862105 3
3.2523621341154105 6
3.2543918592670606 5
3.2604905224801595 5
3.2620142468306583 1
3.2685047340242495 5
3.269359344635257 4
3.2762572715870553 1
3.278171323328518 3
3.2855916993734247 1
3.2893737153860405 1
3.291829370043745 1
3.29585816932846 1
3.300036832379484 1
3.3046411561172397 3
3.311171547287273 1
3.3129120771607545 5
3.3176168642077766 1
3.3192785147814377 4
3.3258049258163784 1
3.327980553413653 4
3.3319981302373742 1
3.338515685094772 2
3.33765766469761 4
3.339067679088316 2
3.3405062430804158 1
3.3423499050158765 1
3.343101024031212 3
3.343682878213183 2
3.3440100217592605 1
3.3433802689056127 3
3.342906391939863 1
3.341188108160541 3
3.338754679400416 3
3.3357879730968762 2
3.334164632480242 1
3.3336434098137664 1
3.330780442589837 3
3.3273176812205483 4
3.3260238941612097 2
3.322245860782757 2
3.3159894931461324 1
3.315884842979876 1
3.30925889082037 2
3.307890663080303 1
3.3063903820804823 2
3.2982955370268203 1
3.2917806401149527 5
3.2902601237163522 4
3.285909393450175 2
3.2806194180928654 2
3.2776097934495714 3
3.2738400173839723 6
3.267237005803184 5
3.26816669146339 4
3.263916974029323 9
3.258236267580713 3
3.2570385597075693 10
3.251369245858756 16
3.249796425436513 21
3.247875588794437 28
3.242494024385179 31
3.2391186732450676 41
3.2390922647668665 47
3.2340058691506153 49
3.2307180433879883 56
3.2305925354283627 63
3.223417295483991 61
3.2209239975297006 63
3.2170305283222653 69
3.2127936372008365 64
3.209240373646339 66
3.2073289076114224 72
3.2055945938341552 70
3.1991514738532123 73
3.1988179830067214 76
3.1951180437996043 75
3.1895580160387924 76
3.18249388476978 84
3.181656320413911 80
3.1783582387624127 82
3.1768878124349147 87
3.170945894283871 80
3.166229238027052 82
3.1649201553141166 89
3.162054474326208 82
3.157708310941017 87
3.1559444795387517 90
3.152280607426222 82
3.1493414154427883 83
3.1454631626814256 89
3.144321195705517 83
3.1399184403970937 82
3.138374729074386 90
3.1345958046673434 84
3.1340727187026105 84
3.1309209604394406 90
3.1303920593420336 82
3.1274547956861407 84
3.1269494198780197 89
3.126734453587461 85
3.125598437002983 88
3.125705159938774 89
3.1251640879716893 86
3.124433434072894 84
3.1242699010299786 91
3.123715156803582 84
3.123519671358477 87
3.12348898552028 93
3.1237054486292863 84
3.1238193343331098 87
3.123717792322304 89
3.123537347479802 87
3.1234419715037056 87
3.123095649062569 93
3.1229846525220175 90
3.122664934139911 89
3.122837537837438 95
3.122328905222434 89
3.1224091988359417 89
3.122409289705616 97
3.1228905818683836 92
3.1234719428442648 92
3.1219549098466666 99
3.123627351129029 94
3.1228194601504486 93
3.124750596095217 98
3.1252685140654313 95
3.128975926840431 96
3.1291555893585032 101
3.127784162704955 97
3.1279920372966106 98
3.130698262505339 98
3.1320687364245083 97
3.1336045357140154 104
3.1338886186062713 98
3.135978952283742 95
3.1358331729966142 103
3.1391261153587884 97
3.1402400713257226 97
3.143324179422653 98
3.145846679158633 97
3.146561318865356 102
3.1490499641998597 97
3.148952645034329 94
3.1533285636920536 103
3.1544942387624904 96
3.1600476959111172 96
3.15977985372002 103
3.159366953116844 97
3.1623160320171593 94
3.163069036334231 103
3.1652563693668356 97
3.1677071408231274 102
3.168583842844079 97
3.169862414665715 98
3.170639487270139 99
3.171370658283079 97
3.173117634053735 95
3.1737477626438704 101
3.174006717302683 100
3.176605235645519 97
3.1777041171576 101
3.1810708135764 94
3.181476561657948 93
3.186062496915127 99
3.1870751718610095 94
3.1926905230669216 91
3.1956543523517347 97
3.2015789009570876 91
3.2059518742075546 87
3.2145990957257324 92
3.21483395062553 87
3.2249733325828998 90
3.2262595714864637 89
3.2371398549538144 85
3.2395803846492974 85
3.248905975801993 94
3.25285778421956 82
3.263222860895369 78
3.2646537778453446 83
3.276695069987829 80
3.2816024352183053 84
3.287793286447646 83
3.294336229971518 76
3.3003330612983017 76
3.312383391112444 77
3.3277526956592705 78
3.333853162683276 75
3.3405400553181446 70
3.3504688939240124 71
3.353737083468644 72
3.368846567549485 73
3.3798314876407693 62
3.3925900334092667 66
3.3969575695916276 59
3.4019212294333303 54
3.415364118346783 54
3.42097998295713 51
3.4247471336986988 38
3.435455620790182 37
3.4405634024254703 35
3.4468553358026526 24
3.455077957705346 26
3.4572535234585473 27
3.4658032553103024 18
3.4699536377580067 19
3.476459109348616 10
3.480503874812699 11
3.483749285740739 6
3.491227739138922 3
3.491611344470583 6
3.5001917422282722 6
3.4989443131982614 2
3.5056673888951764 7
3.505914703997517 6
3.51287875438779 7
3.5149127829882567 6
3.515742390902176 7
3.517825440912038 7
3.519386789740432 9
3.520089145342461 16
3.5204525286271418 36
3.5193872010715457 43
3.5191884463835907 58
3.5156950663927367 64
3.512226470008527 70
3.5132947767014326 67
3.511267921784219 74
3.5084670458176332 82
3.5040138230858187 81
3.5035476416535993 84
3.503100253547709 86
3.5027867946274336 83
3.5025376936966697 91
3.5016361207545925 92
3.5012915863372633 89
3.50093655529181 98
3.501113683193464 104
3.4996594902827596 94
3.5013482036807897 94
3.501191356401762 102
3.501359167834664 96
3.5020474779639326 95
3.5022533679701024 107
3.503324411549704 103
3.5043241983824958 97
3.505202420325532 103
3.5059957569204485 97
3.5094160884672796 103
3.509307319989917 111
3.5080762889618753 105
3.5084822389194623 97
3.5087676631626645 104
3.5087399935408947 98
3.5092145526693885 99
3.509302888226872 106
3.5096489620646345 98
3.5096516144149725 99
3.5096170207036295 103
3.5077035515927006 98
3.5095443025500734 96
3.508662313338844 103
3.5061619421505155 97
3.5070514327479687 95
3.506358259733023 100
3.505065267251924 95
3.5061910610902887 95
3.5048530134175615 99
3.502119886068645 94
3.503061406437373 93
3.5017252015960847 98
3.5011035076128683 92
3.4990968903322015 92
3.4989057433349653 96
3.4967107106138364 91
3.496948751014775 89
3.4957541242680907 97
3.495623148039778 90
3.495073493686434 90
3.4938547272332827 95
3.4913201037378427 90
3.4910995019105915 87
3.4927062734739023 92
3.492143232033996 85
3.4922010548878726 86
3.4929843486130285 87
3.4931160146095475 84
3.493492785752564 83
3.4936494850226896 86
3.496142005452935 80
3.498240893299008 80
3.4997832066232606 85
3.501643912710383 78
3.503919892575007 76
3.506369789917259 83
3.507765250682974 77
3.5114908850135715 76
3.5141055695823735 77
3.5165648904628557 72
3.5177522536508508 70
3.522493734367043 73
3.5258150375354815 69
3.5275216412928 68
3.5279926981293883 72
3.5327830801670568 67
3.537899592511107 63
3.538456264537731 65
3.542223311277554 58
3.54492036966622 55
3.5470589377511224 56
3.550521448923514 53
3.555380736898159 48
3.5554854412094072 50
3.5619625753242414 46
3.562279982112404 44
3.565995897248685 42
3.5678323990533336 40
3.571106877570271 37
3.5738623970567542 40
3.5765777123470204 36
3.5827340569628268 33
3.58463618613243 28
3.592138454675231 18
3.5949994585211087 10
3.5985984459188067 3
3.6028080067824404 3
3.6083569214799427 2
3.612142492383332 1
3.6151629557339073 1
3.620129571675066 2
3.624732828237927 1
3.6250481139661606 2
3.629234822645391 2
3.6302014637011344 2
3.631830687329164 1
3.6330207181389604 2
3.635280396616814 2
3.6353961823500116 1
3.6352914197274186 2
3.638106620007542 1
3.640626321476454 1
3.6436348848331495 2
3.6445297752981793 1
3.6440537608465307 2
3.6472444954166425 4
3.6498698525231577 2
3.649774728368588 1
3.650870923640313 2
3.6520817644812036 1
3.6529795414436124 1
3.6530777451089658 1
3.65173295536014 3
3.6529151287138877 1
3.6506092126934706 1
3.650301579542723 2
3.647843403695576 1
3.647632903024218 2
3.6444064993413607 1
3.6428597689298727 1
3.641455840174553 2
3.639183367370148 1
3.635668037669657 1
3.634849169350109 2
3.6279682053152573 5
3.624897571412366 1
3.624061967745913 1
3.618771413784418 3
3.61473804803961 1
3.611064831404974 2
3.6024768375317775 2
3.6011195753346588 1
3.5991232718374593 2
3.5943028857362376 2
3.5921411315316187 2
3.5865107532179175 2
3.5855255670407358 3
3.5767852296301994 10
3.57515220317083 22
3.5682978933485643 29
3.566594710805484 32
3.563314422072843 38
3.5605174395308365 39
3.5552518490785143 40
3.5544673042863684 44
3.5503441331904844 43
3.5479679996150777 45
3.5426943107449027 51
3.5423130888674446 49
3.5378221852132556 48
3.535933006105626 57
3.5296080003182886 55
3.5293663581300807 54
3.5227168353849017 57
3.5239723948352637 59
3.519119180902949 61
3.516992572547168 64
3.5139829222845362 61
3.511908931638123 63
3.5101678430480168 67
3.508265434788706 65
3.507335281718633 65
3.5048674710299297 70
3.5035318882685464 66
3.5004278817173735 66
3.499053230609743 71
3.4973606570296645 66
3.4952083098145916 68
3.4927839395857267 73
3.489479589762151 71
3.48857664547776 73
3.4868918151382653 76
3.4828908812616035 74
3.4800944062822343 73
3.480865365050986 80
3.4785203787637116 75
3.480131075248524 75
3.4755610846694265 80
3.4744537005254172 74
3.472428973929176 75
3.4704357641473242 83
3.4705240437216616 77
3.468516139849223 78
3.467977063838849 82
3.467367542439974 79
3.4646582620126174 79
3.4648052934946563 83
3.4624618092362813 77
3.4624862194616686 79
3.4616437495371817 83
3.4581107443561927 76
3.458697298445551 77
3.457364435839875 81
3.455469522556443 76
3.453592694166807 76
3.4517012926031763 80
3.450652866911088 76
3.4470799956843075 75
3.4453905925043724 81
3.443617582958782 74
3.4426715537561967 76
3.439815637701127 81
3.43761162271272 76
3.4376273662128827 74
3.4343385996833806 78
3.431405615820625 73
3.4294415110900154 74
3.426162274510371 80
3.4198506862456526 75
3.4155523026067365 77
3.414979512708084 72
3.413193696176907 73
3.4079252604824735 78
3.3989343785837813 72
3.398587095425717 72
3.3935762341574525 77
3.3852486893344165 71
3.3823869736765455 72
3.3753833296805413 76
3.3613914117444326 72
3.359120890476505 74
3.353287805092945 78
3.3403106037904706 72
3.3372019780803104 71
3.332680000375303 76
3.3181308394917397 69
3.3066906834190926 70
3.299714612362124 75
3.286040377789978 65
3.2823809725701327 70
3.26595950547385 75
3.2585644494829054 67
3.247583085749797 71
3.2398793786276614 74
3.2219844311970993 66
3.221716027364824 67
3.213163170520842 74
3.205548051190473 68
3.196423215572251 66
3.192335799234705 72
3.1887608777304393 67
3.179664684559411 64
3.177108883597767 69
3.172909121687472 64
3.169088616279478 65
3.1674394147372342 68
3.1646233154121597 61
3.1600496699955665 63
3.155135386379093 65
3.155835794264791 61
3.1536042752138718 61
3.150298261950304 63
3.150871479010767 58
3.150403716502713 57
3.1495977252409983 63
3.149363426376982 58
3.149139653197852 57
3.149043956973527 60
3.1492724241533008 56
3.149580156625451 53
3.1504150006379485 56
3.152465122058295 52
3.1530559442335595 50
3.156498475102412 56
3.1615027264824453 50
3.160012255310635 50
3.165965180242384 51
3.1705946030957577 46
3.1779064145975813 45
3.179736099864639 41
3.1838525864148264 42
3.190792519645084 44
3.1928588804869844 41
3.195877375548747 39
3.199734093418631 42
3.2046015555883094 39
3.204694275875838 41
3.208318572350795 39
3.2124910059919065 36
3.2157965167781053 36
3.2164285098840404 38
3.2166715369415706 36
3.2226281152758927 39
3.222578301218054 38
3.2266266778097465 36
3.2273846549004785 36
3.2288296822969302 38
3.2314984644603864 34
3.236525977520874 39
3.2368842772333646 36
3.2420319204277215 37
3.2432144451910867 38
3.2441999188605064 37
3.2448452128849903 40
3.2510130045591423 41
3.250527551454484 37
3.2515118435880344 39
3.25290683200107 43
3.2563492931715072 41
3.259535060584642 41
3.260484132499323 47
3.2639223255027474 43
3.2629183065354175 44
3.266078873036899 46
3.2665868595472527 43
3.268839110250002 48
3.2713054704690663 50
3.2738237650223465 48
3.276020931966509 50
3.278727829734534 53
3.2800264444356673 51
3.2844024155665497 52
3.2863981647686638 57
3.290557964185495 57
3.2928052409634563 61
3.2959278599600306 57
3.29821630843782 60
3.300184775826001 61
3.3022719905883493 59
3.3053520498682363 61
3.3078275879611048 63
3.3103860857773353 62
3.3114826872891197 64
3.3166066104104996 67
3.3181556370043728 63
3.3214815190404594 62
3.327474672515427 66
3.3310988995419866 61
3.337469053615429 63
3.339119975896411 69
3.347640989632488 64
3.3543429252871975 69
3.362478191134041 63
3.370921751423028 65
3.37190532930946 72
3.3770425382656266 65
3.383868351725051 67
3.392737230908462 65
3.391741651242448 66
3.3970435203385443 68
3.402185010683684 60
3.404878633352164 62
3.4081381072395343 67
3.4111281022391706 61
3.4157397984181075 59
3.4178243462116438 60
3.4195714475222836 58
3.421127579547739 58
3.4210131950935994 60
3.4295606201250393 57
3.4296967659229436 54
3.4315263789565575 58
3.434431381274798 55
3.4389023772923064 53
3.4427962392319036 54
3.4510278357224524 50
3.4534032048485304 52
3.4549940471048943 53
3.463187336163019 48
3.4663374498450876 50
3.4768563923013724 50
3.4822816588157344 47
3.489494015842988 48
3.4938988109811002 46
3.5070349880825287 46
3.51262169830981 46
3.5131791291050365 48
3.5228546202141575 43
3.534285746454199 47
3.5424396577952315 50
3.5486918141862946 42
3.562052690799743 43
3.5688014275813718 46
3.5854689385045617 40
3.591865010066389 46
3.608342519562485 45
3.629272322850706 42
3.636673514338504 41
3.6526967047080543 45
3.6536690568557604 43
3.6681283897587385 42
3.680020002073765 46
3.681497262623715 40
3.690179539246174 42
3.7072658309370277 44
3.710495284116312 38
3.710549510435967 39
3.7199066383419375 43
3.725010396900922 40
3.7254900130713415 41
3.7319741945418734 40
3.7324275362794634 40
3.7364317372260074 40
3.73821085320231 42
3.738634895760095 37
3.7401623479542114 37
3.741121901017915 40
3.7395909984924485 36
3.7436013353463453 39
3.7414635290151512 38
3.742198989610465 36
3.7421389293631586 37
3.7434855222917465 39
3.744340556901792 33
3.7443058901307813 35
3.744746824480325 36
3.7447495208170314 35
3.7444805683901023 37
3.743391228203095 39
3.7421765261994393 34
3.7405648491037877 34
3.739497219252875 34
3.7380321809829566 31
3.7368152954554144 33
3.732112686006896 32
3.7319771296616295 29
3.729460408278316 30
3.723478314807786 32
3.720123138627382 27
3.720267987336746 30
3.714938689094044 29
3.714878783117369 27
3.711446056448512 26
3.7094154261015624 26
3.7082123783539864 28
3.708069510691493 28
3.7061354086896023 28
3.7046493824616302 25
3.705638660236584 24
3.7018968736865108 26
3.7021881486755994 23
3.701234642843718 23
3.7005513356871886 27
3.6998953440379005 22
3.699590933899558 21
3.6993983366103196 25
3.6997271390337856 24
3.6982816511793777 23
3.70019545768126 25
3.7017265098083025 24
3.7021095576274545 24
3.7037312441271175 24
3.7045094045825415 20
3.7054436068035517 20
3.7058912600295746 25
3.7068248180043537 22
3.7072510563727157 24
3.708904588419853 24
3.7088881391951443 19
3.708098774455834 25
3.710436460615321 27
3.7102021373592127 22
3.711730172896681 22
3.7118931892005067 27
3.712619916250144 23
3.7147602761497147 26
3.71652111062683 25
3.7162485237634244 22
3.7202383313628453 26
3.721624658862542 28
3.725448471785441 25
3.7294194499879234 28
3.729571612728942 29
3.7339222417179423 26
3.7379764951004795 29
3.741312751239402 30
3.74586516429967 27
3.746654303005262 28
3.753914506876521 27
3.7555899434709428 27
3.762594450027734 27
3.7637917999952224 25
3.7708026110269115 23
3.77336807371578 26
3.7828579991417026 24
3.7869834310335135 27
3.794568385940728 24
3.796056641713403 23
3.800968000627117 26
3.8037760254793476 23
3.8058834519068094 24
3.807012863958104 26
3.8107236679361023 27
3.8113149418145396 25
3.812036138803504 26
3.811392489610356 27
3.813235767788543 24
3.812330872294435 28
3.812092077560684 28
3.8096128972768546 24
3.810493185716181 25
3.8087723373854283 24
3.808355092818206 24
3.804801758512019 27
3.8030305548470067 26
3.8016550181048254 28
3.797830362394056 27
3.7936134711987433 27
3.7924659122200777 31
3.7863414168205263 27
3.786248702521723 27
3.7837059644948132 29
3.778076414600039 28
3.769241330189266 27
3.7701167397599544 27
3.7642605891725127 29
3.7564410398956363 25
3.7550960875663404 28
3.7472509545672983 29
3.7457773399451018 26
3.7420871404125915 28
3.736944908522673 29
3.7357370161022896 24
3.732004089880089 28
3.7303505016974614 29
3.730867253521372 27
3.729487203441831 27
3.732781860172008 28
3.7346727515678118 26
3.735794622335519 28
3.7393733821879795 27
3.741027085126166 25
3.7460329176570286 27
3.7468449468306266 29
3.7512471705009847 24
3.75162394801496 30
3.753803237696077 28
3.754315660428346 27
3.754419087146015 27
3.7544133192795983 28
3.7522174379470683 28
3.753645661448654 27
3.7533339265988785 29
3.75375585381462 27
3.7540235937165645 29
3.754480425747075 30
3.7540895283332536 27
3.7542358864988215 31
3.7538648735468345 31
3.7538147712592846 32
3.754498027758028 32
3.7539083110864455 34
3.7537882119885135 33
3.753858262244326 36
3.752779802817112 33
3.7555341679351315 35
3.755563756305724 39
3.7576370026923094 37
3.759139581828501 39
3.758885281900101 38
3.760869904931878 40
3.761013730651114 42
3.7613279321780158 45
3.761640828554412 40
3.7620679389771783 46
3.7617404241527796 46
3.760995818159887 47
3.7590723012003515 45
3.7586517781585664 48
3.756963759052891 46
3.7565210845698513 50
3.7535248320690093 53
3.7505942987343106 47
3.744453975936952 51
3.7431567422056897 52
3.7344258347457338 57
3.7269514315520325 56
3.7198217066693697 55
3.716667943125528 60
3.7077090447913714 62
3.7029467940663934 56
3.6878503167245804 62
3.6872559191094005 62
3.67542350946905 61
3.6649606689691647 62
3.656781420013748 64
3.652593379970986 60
3.6381038591665025 66
3.6348086959150923 65
3.6176320075440436 62
3.6168800069499234 67
3.603489983203362 66
3.6032651231004813 64
3.5906189365181644 67
3.588879126836669 68
3.578395692736159 64
3.575570101938581 69
3.5667768218701337 73
3.560000220245044 65
3.5536708121263736 71
3.55066268940269 69
3.5437622307175287 65
3.535028608527196 70
3.5337978496702527 72
3.5320672675331677 66
3.5249802498106044 73
3.521411694750235 74
3.5155918609282852 70
3.512952975623595 73
3.507790375996067 74
3.5070694831147176 67
3.500269503316525 71
3.500307735348809 73
3.4984703852598793 66
3.495063232172662 73
3.4940645871122267 69
3.49214056883702 66
3.4912489973298815 70
3.490074354931886 71
3.4893341326190206 67
3.489349761123762 72
3.4885531956166185 65
3.487945623347782 66
3.487560032297508 68
3.4886419219130316 66
3.4897033879459305 63
3.4909937092786745 66
3.494320508812723 67
3.4971320542677957 62
3.5001372868872345 65
3.5028881689046223 64
3.5120112745896224 60
3.5124500419040436 65
3.522659381755414 62
3.529514935766792 59
3.5363588214155817 62
3.543589913510972 61
3.5541320030834957 59
3.556619592075428 62
3.569590281306423 60
3.579923291109069 59
3.5885261845376952 63
3.6005595911710344 59
3.6071300759106335 56
3.6254761437223753 58
3.6339734242751764 59
3.6459482338921902 54
3.6539365778897803 59
3.6658204294803385 58
3.674409839701172 53
3.6816546235469287 58
3.6894137880348503 55
3.6920404016042347 49
3.704837490179945 55
3.713163309695984 54
3.712242913959164 51
3.723598820818453 52
3.727340880479537 53
3.7295557327432607 48
3.7354903132413626 51
3.737524352308868 49
3.742541050045859 47
3.743742130586801 49
3.74907120962532 49
3.749118861270285 46
3.7535083942667886 48
3.7544184822906916 48
3.758717958769914 43
3.7596645751025513 46
3.7673886019894383 47
3.767696061184361 42
3.7692698125830972 47
3.7716142897053992 45
3.77137134544384 43
3.772532490352256 45
3.7710907441792454 42
3.770594052576219 40
3.769138249630575 43
3.7653499638478296 45
3.7643915590449386 38
3.763032799400493 41
3.75809646399381 39
3.757364225724139 37
3.7580773110274452 36
3.75759911795095 40
3.7553468676536212 34
3.7549360392238205 39
3.754257541105818 36
3.7558387517388256 35
3.7569833516375026 39
3.760573894715279 33
3.763707583982635 36
3.764218487268167 37
3.7712540905630223 32
3.772467169461058 33
3.781933159334861 34
3.784254502904947 33
3.788286413843002 31
3.796707504461274 29
3.7988188305507804 33
3.8118749222107935 30
3.8173096150203065 32
3.8214734751327986 28
3.8329396557259345 32
3.837991175810746 27
3.8383502732438335 31
3.855990082210178 29
3.8604845074822283 27
3.877929411710321 27
3.8871667538691783 26
3.887442984718469 29
3.902835603372903 29
3.9032107249941026 25
3.9130449897650705 27
3.921909294893162 28
3.935010837384422 23
3.938465449849182 25
3.9523980897446753 26
3.9569668924628947 25
3.966147424969812 25
3.9718433720013597 25
3.9785772464051665 20
3.9849568467375693 26
3.9928745118451383 25
3.996737149244934 23
3.9997714853522233 26
4.002589311440258 28
4.003893059839356 23
4.003086489301257 22
4.003062960843193 22
4.000559269178716 21
3.996570632753911 25
3.995137003677118 22
3.9907393227492953 24
3.9858042569400682 22
3.9809017711167596 24
3.971906902861162 22
3.965787820292788 23
3.959954765703608 24
3.9504773494086125 24
3.943640945092085 26
3.9274723469397292 24
3.924323235592945 25
3.908009113479383 27
3.9036184214342238 23
3.8871114312407355 25
3.877042433736972 27
3.8666742893739663 27
3.8502472472851696 28
3.8356332313865766 28
3.8288449238114777 27
3.8108051793265583 24
3.804186241261515 30
3.7754130520568125 30
3.762573405975309 27
3.761757372669385 29
3.7611047609586246 27
3.736517448399746 29
3.715993018039044 26
3.707640670016755 30
3.693514814598883 31
3.6910576666855954 30
3.6679273907303025 31
3.6598773017232142 35
3.6490167528019803 30
3.6387766180351466 33
3.6226158543056997 36
3.6122863455580676 35
3.5969576543000947 34
3.5932857141831156 36
3.577023801066812 36
3.5713164732429457 35
3.552016760481643 39
3.546393110432798 38
3.527217407301528 35
3.5227493940786423 40
3.5035374652293476 38
3.4956901994131924 39
3.4797689317697165 40
3.474917663255071 40
3.456002586490279 41
3.443357428385895 43
3.432811183970332 42
3.4144042027258314 42
3.4051419033785417 46
3.3782649494212125 43
3.349246431381135 50
3.324739635428135 47
3.3092647554085066 46
3.3052143425886165 50
3.2778435800804235 49
3.266887153120311 47
3.239751882732102 51
3.2354478479038287 49
3.2203558818617517 50
3.2019437949508904 53
3.1748533943411688 51
3.167734933189824 55
3.141619842295053 57
3.141006172882052 53
3.1263306768100767 55
3.1007465626512998 60
3.101393404342495 57
3.0828163789854095 58
3.074616897055845 60
3.060117357584055 61
3.0519599353437177 60
3.0375992007395287 63
3.0382692107757596 58
3.015198536479936 70
3.0059557507820784 64
3.000799235810234 67
3.001717598405455 76
2.9976637272218647 69
3.002225894481658 71
3.0024225976378944 80
2.999740036439649 73
3.0026351749652718 78
2.999964452589492 75
2.9998977036813415 74
2.9979960343389656 83
2.995516290239222 77
2.99514949472859 77
2.991717664885382 79
2.9899637168230977 79
2.9869374972750125 77
2.9839247127162376 81
2.9816363393523138 79
2.9802921051294886 77
2.978743640301218 79
2.977132666013659 80
2.977636955122081 79
2.980468378798102 81
2.983894798871809 78
2.986264299406105 76
2.988743007879319 81
2.9940556363327944 73
2.9965002928736086 75
2.9974372708808636 77
3.0010072635317098 70
3.0024073326863325 71
3.0050644552522 72
3.0056254535798312 69
3.0079777590539267 64
3.0090740931023614 71
3.009266958301708 63
3.0131896660588433 59
3.013224927113875 65
3.0143333804818084 57
3.018846080408182 58
3.0262642826569444 58
3.031866582020778 53
3.035330633390546 53
3.043091142580397 57
3.0521239691202773 51
3.058746754758811 53
3.0615777896068175 52
3.077161029456012 48
3.0774371110095413 49
3.098916480701729 48
3.0992994112034586 46
3.1034849740630612 45
3.115666009435836 45
3.1331846264821492 43
3.1336878247697877 41
3.1436153241434055 46
3.148770103794325 37
3.154023898311198 39
3.157906001832393 42
3.164026206290142 34
3.1674724644761936 35
3.168275975211266 39
3.170365363687716 34
3.1709861090914293 35
3.1714057973584144 29
3.17144269165947 31
3.1702210377904936 34
3.1690142328264908 27
3.169195061128907 29
3.1649412042924485 30
3.1633517469698114 25
3.159153576535969 27
3.1586188370970287 29
3.155018321409568 24
3.154927295258599 24
3.152746286888835 27
3.150123412947032 22
3.1509978903345885 25
3.148179112524529 24
3.149033528902416 23
3.1485301158565315 20
3.1474933187414202 22
3.1471474248143174 16
3.1472455871750427 20
3.1466350384412074 21
3.14771802462705 18
3.1470439188550756 15
3.1469927704338296 20
3.1465339169169084 18
3.148663710567135 15
3.14685058535802 16
3.149743643274036 13
3.1478406812277613 15
3.149475346648431 17
3.148877333264953 14
3.1536767224180022 15
3.1549925096549924 13
3.158161859087258 13
3.160490635130474 12
3.1631024714879157 16
3.1644634224888692 13
3.167746999934815 13
3.1687897535544645 14
3.1698126470339156 12
3.172918971204526 14
3.176755220236902 13
3.1785646083160684 14
3.183128495601902 12
3.1816231930635204 15
3.186194832741997 9
3.189869319272766 9
3.190826373024079 15
3.194937708190137 9
3.1966803099542593 15
3.200803911419031 11
3.2055541007181896 13
3.206911312430159 13
3.2152217743927825 13
3.219310406769316 10
3.230002732593248 10
3.2303179125259573 17
3.239142039231682 10
3.24681567470787 13
3.2566275382655556 14
3.2654138808745774 13
3.2716695910325964 13
3.279124260511374 14
3.293430996968705 11
3.295124844019453 16
3.304720068213262 15
3.3163245551294236 9
3.323241058811876 12
3.3317432266508757 15
3.3401237131518853 11
3.350309335742628 13
3.358735665678087 14
3.3614210564098634 9
3.3699179326382827 13
3.3767975969486783 13
3.3829078526004146 12
3.4001019663747107 12
3.4012600091953433 10
3.4117239000671518 9
3.4168883426995778 9
3.4225141050224974 8
3.424435250420252 9
3.4314038898437444 12
3.432783583824328 9
3.4366418435967208 10
3.438596814724235 12
3.440603204945849 10
3.4405938589973135 10
3.443562389559501 13
3.442609279190133 12
3.4452410801475315 9
3.4450092956011633 12
3.4440211929742 11
3.443578996711734 14
3.4411800465244533 14
3.4393676983184136 12
3.4370537002158836 12
3.4315064606629115 16
3.429817438256526 18
3.424813619565931 16
3.4240279869993375 18
3.419119883742026 14
3.4187078899057948 18
3.4109209534142875 22
3.4126419989442516 14
3.4084752145690143 18
3.4030400595507624 19
3.400302922596488 17
3.39133114387886 18
3.3914105755048842 21
3.38410713540369 17
3.377723067584121 20
3.3682710061151977 20
3.360960134048136 18
3.358396005667058 23
3.3473788183849313 22
3.3391477896274977 24
3.3376056141847683 22
3.3336981556318195 21
3.3225793582365655 24
3.3164723446215123 25
3.30777281031292 28
3.3012712107928737 25
3.29287256779069 25
3.2824444739128285 27
3.2723171734544723 25
3.271231395409446 28
3.2463974726232196 27
3.2365370540564964 28
3.2104504018167255 31
3.2057164397877806 31
3.1900868563619484 34
3.1734038687887605 32
3.157278395335439 29
3.1249065588756992 39
3.1131535269072663 43
3.1022922812367035 37
3.067057066040483 44
3.0575326140192 45
3.0341909027514395 44
3.0141094851272565 48
2.9820016019585087 49
2.9760647085609286 49
2.938976634475155 54
2.92322610864905 55
2.911547440389384 54
2.878155911827971 63
2.86550246904442 60
2.8457405153557587 65
2.838834959020719 67
2.8174161662839645 68
2.8113053531106362 71
2.7907896694602092 75
2.791473043605331 74
2.781118500699612 78
2.7668912022769523 78
2.7630806578004474 73
2.753555899020981 84
2.7381322603473515 80
2.737851937371514 77
2.7308761042184293 84
2.7207262975171274 83
2.7142561879489784 82
2.7083504793434074 87
2.7008133744115415 86
2.6958893111337052 80
2.688376720454444 88
2.686645974483241 87
2.6835252232417566 81
2.679516763345388 86
2.677202550105496 86
2.6755611589300528 79
2.6724939557220058 85
2.6724747856052886 85
2.672093754405434 80
2.670274945049866 89
2.673000051026106 81
2.6734693222481263 80
2.675046490650936 81
2.676726996604587 83
2.6771772809561623 79
2.6778449925904697 83
2.6793212063764056 80
2.679665993183343 79
2.6806973457274514 80
2.6819511918527326 78
2.6823241393719495 84
2.6817819883087557 81
2.6841445881451516 79
2.689598528194697 82
2.688570296562983 80
2.688826327217326 84
2.6895633169162516 81
2.691539483687885 79
2.690667156192302 85
2.688812045274122 79
2.69005324667672 84
2.690553902536023 80
2.690628277066962 86
2.6915503644766035 80
2.691579960004625 78
2.6916445151356547 86
2.6926038228717037 83
2.692166495606386 82
2.692204674646022 85
2.6926124344057345 81
2.69182067073033 80
2.6935612773553834 84
2.694098291336296 86
2.694933487246391 80
2.6929092788475337 85
2.694399153099121 84
2.6935564897105855 78
2.6936748207668963 82
2.6939562974340325 78
2.694245083306391 84
2.6940806068042535 80
2.6940820768654477 79
2.691968023250694 86
2.6920559327765616 81
2.693833827264199 78
2.6948139523078094 85
2.6944827177706565 84
2.6975301445616062 80
2.698803175736854 85
2.700970448491548 82
2.7016105688679124 79
2.7021195570925474 85
2.7022213971994002 80
2.7014810915221945 80
2.7013515472496894 84
2.701111918964568 84
2.7010628563291186 79
2.7011626147630623 82
2.7014721947647566 79
2.7009402029578573 79
2.701774031607791 84
2.7018311879818744 80
2.699999277913032 79
2.7012677089604136 84
2.7010653600009427 84
2.7011589059191756 77
2.7012861519686395 88
2.7012909542595485 84
2.7010552211604395 81
2.7012819791805733 83
2.701153135056719 82
2.6999372145880733 77
2.699625312139897 84
2.701100265717171 82
2.7010675820974797 79
2.6996471237398776 83
2.700869139274483 81
2.699845727459148 80
2.7011568204532352 86
2.7012955638482223 80
2.7009866454454854 79
2.7009484320654824 86
2.701184231957174 82
2.701084886983387 79
2.699717089553223 84
2.7011672232695743 81
2.7010052194630974 79
2.7009136771022795 84
2.701293137919929 80
2.7010103212304855 82
2.699474309897796 87
2.701002228406058 81
2.7010873635219625 83
2.7012971096047207 82
2.70104485463659 82
2.701419810948362 88
2.7009033030256315 80
2.7011534464647213 80
2.7013584002553723 86
2.70104679378089 80
2.6993862282462917 81
2.70107150895973 83
2.7009439344665944 79
2.700855091275478 81
2.699687784271891 84
2.701232791129722 81
2.700822978755713 81
2.7009354553098155 87
2.700984825006357 79
2.70106029370207 79
2.701076810815381 89
2.701091136707889 80
2.700915256186926 80
2.701035904129337 85
2.7010974496833864 82
2.700958720849799 80
2.6997536257323116 83
2.70123087424337 80
2.699645091688804 80
2.700928555982864 87
2.7011969388926427 79
2.7011043114182836 80
2.6996911096185143 83
2.7013440277297067 81
2.701208977516026 79
2.7009545289143286 88
2.701002686630304 81
2.700966237496071 82
2.7007224774103076 83
2.7010089205678645 82
2.6995302562574635 80
