2.701229130982482 82 0.9966748700658433
2.7012351349971384 84 0.9966763845626968
2.7014386675781137 75 0.9966770919293481
2.7013925388055817 84 0.9966764437657235
2.7013869597099585 84 0.9966762821919013
2.7010643823290574 81 0.9966741042855157
2.701342250930716 78 0.9966756793151401
2.701309166802357 85 0.9966742774471191
2.6995171230774053 80 0.9966574426698729
2.701097082926083 81 0.9966765498080163
2.701244795290468 79 0.9966767453112753
2.7014090056741575 75 0.9966759276728164
2.7010956934299015 80 0.9966731399234121
2.701409923759925 78 0.9966745811510588
2.701359852910131 82 0.9966714626616158
2.701238044318363 83 0.9966677310390382
2.7007889548293935 84 0.9966877875290634
2.701551390861448 80 0.9966911797161648
2.7016068497536594 78 0.9966838125317912
2.7015982221283967 82 0.9966837449314483
2.701666991440303 81 0.9966731491517415
2.7017565349450603 78 0.9966712085646612
2.69956325214098 85 0.9966509120026212
2.70095313306409 82 0.9966735057069862
2.6997625105923633 78 0.9966711427546173
2.7012093811296385 82 0.9966900857604779
2.7015017780518797 75 0.9966868173222506
2.7016181441566496 86 0.9966798455811469
2.701633549444582 79 0.9966740971316354
2.6999448149896828 78 0.9966524534763237
2.7015306612088383 84 0.9966619417635983
2.703617101376638 81 0.9966731983663589
2.70120627568324 78 0.996645947930465
2.701080475924742 83 0.9966376283936929
2.6992388385345265 84 0.9966174728819279
2.7006740410427703 85 0.9966412745132327
2.701110494774074 78 0.9966448069465991
2.700935780063959 83 0.9966471260840765
2.700751303667906 81 0.9966382888604858
2.700725080709824 77 0.9966385631970782
2.7006613852012835 81 0.996638633689335
2.6993732792655534 81 0.996623928525616
2.700920735799384 82 0.9966428978184867
2.7009562635802045 78 0.9966417228175849
2.7007096044268426 85 0.996638720421994
2.699171673076428 79 0.9966214753488186
2.700894256387732 78 0.9966429286751166
2.700839865389565 81 0.9966411427732165
2.700740047151359 82 0.9966441627059757
2.7008094464191217 77 0.996647062610618
2.7005716638336192 81 0.9966432492496032
2.7005239394486367 81 0.9966430495066049
2.700707995872591 85 0.9966439335308389
2.6992652639044503 81 0.9966286878574092
2.699104554642502 79 0.9966274121621664
2.7007736422721944 84 0.9966455199359097
2.7008624717388994 78 0.9966460702451118
2.700803568625187 83 0.9966441872479535
2.7009793563133 78 0.9966455234960503
2.699529841814433 83 0.9966307297786184
2.7006583643540405 80 0.9966447642986136
2.70081930465028 84 0.9966473379716199
2.701309290013842 81 0.9966547721662138
2.7013355957827256 77 0.9966602915469067
2.701200498022576 81 0.9966707693747212
2.701174454823408 81 0.9966771360177009
2.7016635535132036 85 0.9966839064949627
2.7015257077814168 79 0.9966830513364704
2.701189299892195 78 0.9966764140313468
2.7012658248470705 82 0.9966644822632561
2.7015521339780864 84 0.9966623893196531
2.701228850024084 80 0.996656774084009
2.701327323587957 81 0.9966644115404923
2.7010929771215864 77 0.9966625732479563
2.700696951001368 83 0.9966553053230078
2.699270961483887 76 0.9966274966823863
2.7008435339687606 84 0.9966372383221562
2.7005757390031935 80 0.9966220586368452
2.7002101249698005 79 0.996610445344415
2.7005724835881533 85 0.9966065484622609
2.7002250737539155 82 0.9966113317635061
2.700391889483192 82 0.9966217011581436
2.70029706210928 79 0.996644211319353
2.7000719844416325 81 0.9966437450043328
2.697570407534374 83 0.9966149924817648
2.6968164408538033 83 0.996605362087572
2.6979122170473087 79 0.9966253054195482
2.6972698570361042 86 0.9966320076474372
2.6968801609026114 81 0.996633889540293
2.696150068588266 78 0.9966353764705012
2.6961567444243997 85 0.9966319746432964
2.6963871991732096 78 0.9965985173669419
2.695074774089424 84 0.9965705428392617
2.6971603124234083 82 0.9965706261520094
2.6974138050304894 79 0.9965548874163286
2.6963530167174223 85 0.9965222884925667
2.6985003473273803 83 0.99652880709755
2.6992320099023455 77 0.9964858853527198
2.7047169762887866 83 0.9963446855691072
2.7067663392632006 87 0.9963336860472106
2.705578401386464 78 0.996326235962365
2.705406100979661 84 0.9963203302920308
2.703339813233402 81 0.9962457234869411
2.704558797939117 85 0.9962108119067963
2.7042736137848262 83 0.9961482671856182
2.705299729536204 86 0.9960064771477058
2.707312823593163 83 0.995832676490363
2.7112756074662077 82 0.9956031184899375
2.715167281703066 89 0.9954499912280774
2.718050940876003 88 0.9953288687658671
2.720673584172576 84 0.995329541435178
2.7224514503748707 84 0.9953043110707916
2.724216814938902 91 0.9952837702139083
2.7319357852287784 84 0.9950301381689579
2.7332098299673038 90 0.9949575390926353
2.735218301198395 91 0.9948576512349612
2.739027893076498 88 0.9945627712956657
2.7456611549223466 84 0.9942928156203419
2.7453219240806384 88 0.9941851033218869
2.7515953991137843 88 0.9939419738350528
2.7552078836768397 92 0.99370411030056
2.7614573877073934 90 0.9932523362228677
2.7672698998664456 90 0.9926878275188867
2.7688821378820236 89 0.9926897661156056
2.780275578714906 91 0.9918829530870518
2.790796700070546 91 0.9912119602704503
2.80494848788979 91 0.9903990973156143
2.80865260486284 88 0.9902362346344301
2.834870716548148 90 0.9890496051126048
2.839804735463745 95 0.9888319784171635
2.869977504600901 100 0.9876983044423855
2.8822548972122544 97 0.9872246995024239
2.90602115911069 94 0.9863739179769622
2.9165038511908046 93 0.9859301063358109
2.9252401555660446 95 0.9857050175439755
2.9401888438044947 91 0.9852350827252124
2.949193193814219 95 0.9849576841752444
2.962151471594008 93 0.9845470017390212
2.966264486094155 86 0.9844176907698649
2.9733361131951592 94 0.9841668137686772
2.9809291552856134 94 0.9838890610346344
2.9847467474517497 86 0.9836623342857117
2.99108987940743 95 0.9834526342700002
2.9974539101348303 92 0.9831348817296927
3.0041767083986772 92 0.982730346378348
3.011606794479583 85 0.9821880951918053
3.0129553466878938 94 0.9820715808396523
3.016531215191221 84 0.9813487103884257
3.019256983590344 95 0.9810477711182375
3.0196763633707433 90 0.9809260247496392
3.0203603360826583 87 0.9805626184044451
3.0201426083430873 91 0.9800889596361465
3.0223807179704667 87 0.9799262061084993
3.022940603308026 91 0.9797041316625901
3.027555204529694 89 0.979026345004511
3.035689641772915 89 0.9788866032229894
3.031104903189638 85 0.9783632887457107
3.0335425119656576 80 0.9776619267612988
3.0339497094686263 75 0.9775612994641717
3.035891301299122 78 0.97742158141634
3.03900817398311 76 0.977244368616897
3.0406233034151104 71 0.9771421910180332
3.045750239097837 74 0.9768255851157484
3.0489059469740973 66 0.9766655791455761
3.052109839109935 72 0.9764623178379249
3.0525949353115265 69 0.9761887677285426
3.0622749104485156 64 0.9760504527519522
3.0832399425591177 31 0.9756307547586149
3.0875804530151902 25 0.9755659576642425
3.0881382566719195 14 0.9754718276457536
3.09564269409039 8 0.9754990849115394
3.1232943613413973 2 0.9751290115295499
3.1304129589986704 1 0.9751736276375078
3.1360969836869486 1 0.9751225121885814
3.1388911456651716 6 0.9750734819171881
3.143483085568115 2 0.975014315223301
3.152970707509337 2 0.9750514771550411
3.1538801840946955 4 0.9749674560779255
3.1558417368251983 3 0.9749813677709693
3.1586682325499527 3 0.9750067775006455
3.164369625595789 2 0.9749643443494364
3.1663939678006794 3 0.9749912370708278
3.1699459846127347 3 0.975004929976665
3.1716218312556914 2 0.9749718955891714
3.1820569536829018 2 0.9749495579987082
3.1835233700495196 2 0.9749337493547302
3.1860019045329238 1 0.9749285857563296
3.192426718446863 2 0.9748051213895668
3.1967749109158894 3 0.9746908909152828
3.1974159303553535 2 0.9746580947324185
3.1989657974615278 2 0.9746573103448701
3.2016678891239425 2 0.9745308655871399
3.201126513502509 1 0.9745417532970366
3.200225132237691 3 0.9745513730833874
3.1977995373305466 3 0.9746404029025343
3.1968439040062573 3 0.9746329775713252
3.196557428388387 2 0.9745924024594295
3.1939207330332633 1 0.9745123614829981
3.1903248997191627 2 0.9745329828157239
3.1890310863806954 2 0.974518070726374
3.191408182356338 1 0.9745343622040731
3.185711652735638 2 0.9743136510203018
3.1851654677957244 2 0.9742437530075176
3.182000857089085 2 0.9741380884307588
3.1786494516235897 1 0.9741192800943189
3.176391409111298 2 0.9741368678792762
3.174678154914022 1 0.9741466036541997
3.169383685251468 2 0.9741492847695775
3.1613132918617164 2 0.9741161180708455
3.156781050532522 2 0.9741511560385705
3.1548234735787286 3 0.9741434396251804
3.1517526531144613 6 0.9741628284534538
3.1495627808782163 4 0.974196909025498
3.143279410081779 1 0.9741521416283847
3.143912000626954 3 0.9742880118186507
3.139530469871227 8 0.9744066562724188
3.1363727111714286 9 0.9744519291879805
3.129760435911397 13 0.9743384895872433
3.126256040582213 19 0.9744167934735324
3.120652859290524 42 0.9745845830495411
3.1174550749524625 60 0.9746255742556238
3.1155629192530028 62 0.974768384218733
3.112543261856686 71 0.9749350648890658
3.1020702328857364 78 0.9753161583981989
3.1057029643011367 82 0.9753543311109728
3.104326398213844 79 0.9754104145556125
3.1041960813077476 90 0.9755279813009611
3.102473128561174 89 0.9755392763479247
3.1017788655717125 86 0.975592256299951
3.101829921353176 92 0.9755738993417628
3.1027064699032403 90 0.9756047790113935
3.105729962497394 96 0.9757279373622411
3.0991265132048023 92 0.9755568461867914
3.108320963623513 96 0.9758078864968749
3.11481134977531 99 0.9759488814645478
3.107654149002065 96 0.9755487559591124
3.1087529323248306 91 0.9755154667677888
3.1088397639337377 95 0.9754054035398853
3.11000829727732 91 0.9752052055616866
3.1107281679356045 96 0.9749633667557144
3.1111370682475026 94 0.9746933818729073
3.1112950854601853 93 0.9745514385704941
3.112212549549185 96 0.974293216323012
3.1125623100127178 92 0.9738975602623496
3.1131582208586783 96 0.9737295178545635
3.11361933618824 97 0.9734701953887761
3.1129892747908388 96 0.9731810599104437
3.115145528322482 95 0.972909896889927
3.1160255999210826 93 0.9727581059470227
3.1165260578794647 98 0.9727180240892646
3.117165378061361 95 0.9727564835836526
3.1169975725340784 93 0.972851146179387
3.1212596512992965 90 0.9732660217583765
3.1227866576149728 94 0.9734556438597783
3.125144326313695 94 0.9739270201009318
3.1265152507253804 88 0.9743210372932678
3.1284086836043423 87 0.974653054568683
3.1291132979968785 91 0.9748746884558314
3.133168694095208 88 0.9750076615576179
3.133516080409973 94 0.9749952987010346
3.1357187759111964 88 0.9749249767391938
3.1361417736824397 90 0.9748820415328115
3.137926170465337 90 0.974786207729211
3.1387338162819236 84 0.9747181222770979
3.139427535342048 89 0.9745717179168352
3.141632796644673 90 0.9745911237478678
3.1437282371429855 82 0.9744377727452906
3.1440746342527857 86 0.9742876806133868
3.1474489375648282 89 0.9742045554982592
3.1494732748624745 84 0.9740654901008399
3.155303351808194 81 0.9736088594490708
3.1566350996239985 82 0.9735288476973311
3.1612447504061403 75 0.9731389480773521
3.1659172001338427 82 0.9727444040230833
3.1708832351819516 77 0.9723864013485778
3.175887266872278 70 0.971981735284325
3.1787195143600124 72 0.9717431587000709
3.1826889023699683 66 0.9713849679621182
3.1927691525452686 64 0.970511316659264
3.198837387386314 64 0.9699212182043648
3.200640675149447 65 0.9697437018640174
3.207567199322273 57 0.9691597738848245
3.211193017335646 50 0.9688799775298361
3.2155881099357346 41 0.9685461741968323
3.223301647945361 28 0.9679840713385036
3.2280790334778415 12 0.9676692402073899
3.235789134794205 8 0.9671905116783244
3.239377477326913 2 0.9669684187245725
3.2418338332685748 5 0.966831366424874
3.245990247569848 6 0.9666107294774189
3.250790500169031 6 0.9662733936544046
3.2543918592670606 5 0.9662435561350669
3.2604905224801595 5 0.9660082003531546
3.2620142468306583 1 0.9659281026658358
3.269359344635257 4 0.9656102055291935
3.2762572715870553 1 0.9653705225797962
3.278171323328518 3 0.9652838712217454
3.2855916993734247 1 0.9649672822468142
3.2926889435322932 1 0.9646502651330001
3.29585816932846 1 0.9645369429642818
3.300036832379484 1 0.9643846215604844
3.3046411561172397 3 0.9642732386694096
3.3258049258163784 1 0.9635493604459425
3.327980553413653 4 0.9635716091716774
3.332334280648679 1 0.9634317323112151
3.33765766469761 4 0.9633050019855013
3.341011235261331 1 0.9632517222595741
3.3423499050158765 1 0.9632402412051632
3.343682878213183 2 0.9632522990109826
3.3433802689056127 3 0.9633305967734823
3.342906391939863 1 0.9633830659115294
3.341188108160541 3 0.9634730150497794
3.338754679400416 3 0.9635896735454003
3.336602626531107 2 0.9636899755119529
3.334706291040662 1 0.9637927037401397
3.3322620486618084 1 0.9638745164960217
3.330780442589837 3 0.9639195145410692
3.3273176812205483 4 0.9640722221592949
3.3260238941612097 2 0.9641104033471956
3.322245860782757 2 0.9642680770246832
3.3155005374118782 1 0.9645778246945393
3.307890663080303 1 0.9649129801631874
3.3063903820804823 2 0.96508198312337
3.2982955370268203 1 0.965324066322309
3.2902601237163522 4 0.9656311359328528
3.267237005803184 5 0.9667980638779099
3.26816669146339 4 0.9668502336083226
3.263916974029323 9 0.9669845419641052
3.258236267580713 3 0.9673733488707771
3.2570385597075693 10 0.9675474865899639
3.251189181406194 21 0.9679532233360715
3.2484265347979533 28 0.9681609519776702
3.238930232430071 41 0.9688322242995503
3.2385358315145263 47 0.9690268868597463
3.2340058691506153 49 0.9694535934995173
3.2294436281563472 63 0.9699028056255478
3.2209239975297006 63 0.9706291405628256
3.2170305283222653 69 0.9708014378706259
3.209240373646339 66 0.9714562085466962
3.2055945938341552 70 0.9720035484194532
3.1990507268067048 76 0.9726642993579829
3.1951180437996043 75 0.9730580703072234
3.1895580160387924 76 0.9734136136878838
3.1810825798571845 80 0.9741701270561615
3.177776176806416 82 0.9744091009309865
3.1768878124349147 87 0.9744694247374948
3.170945894283871 80 0.9748520620144184
3.1649201553141166 89 0.9751922750398537
3.162054474326208 82 0.9753755079137795
3.157708310941017 87 0.9755893808340633
3.1559444795387517 90 0.9756827230350464
3.152280607426222 82 0.975886678927925
3.1493414154427883 83 0.9760405363239624
3.1454631626814256 89 0.9762237488997986
3.144321195705517 83 0.9762835856060428
3.1397222664205606 82 0.9764602118262445
3.138374729074386 90 0.9765033539337891
3.1345958046673434 84 0.9765358873597364
3.133881155257899 84 0.976626120300872
3.1309209604394406 90 0.976628119913528
3.1303920593420336 82 0.9766172816543106
3.128431479463062 84 0.9765869072416029
3.1258101859809164 85 0.976486570617071
3.125510108755308 89 0.9764464173593635
3.1248495938334364 86 0.9764393845332311
3.124433434072894 84 0.9764600808785587
3.1242699010299786 91 0.976515399459806
3.123594402061978 84 0.9770996668688348
3.1238248821639063 87 0.9771905905220112
3.123717792322304 89 0.9774508919764088
3.1236938431304395 87 0.9777649666407542
3.1234419715037056 87 0.9779757949125049
3.1230664739259835 90 0.9783983969447775
3.122664934139911 89 0.9785598956693516
3.122451385287373 95 0.9787680722388865
3.122628275189736 89 0.9791757487253212
3.122409289705616 97 0.9793097728682714
3.1228905818683836 92 0.9794769364957563
3.123627351129029 94 0.9799649025700096
3.1293705752376457 101 0.9806636114290355
3.130698262505339 98 0.9810292511071179
3.131887601588815 97 0.9811206616636955
3.1338886186062713 98 0.9813108792263074
3.1358331729966142 103 0.9814867239131181
3.143324179422653 98 0.9817239416658353
3.146561318865356 102 0.981797444051511
3.1490499641998597 97 0.9818460082797251
3.148952645034329 94 0.9818074986087367
3.153196960994791 103 0.981858758527777
3.1547277283505775 96 0.9818509534049348
3.1623160320171593 94 0.9816820604658956
3.1631734950906827 103 0.9816620937311786
3.1677071408231274 102 0.9814771863869945
3.168583842844079 97 0.9814291862393122
3.170639487270139 99 0.9813321422315858
3.171370658283079 97 0.9812769928331853
3.1737477626438704 101 0.9811217701651417
3.1764601383771245 97 0.9809856642617775
3.1777041171576 101 0.980934318880904
3.180091232018246 93 0.9806808347764443
3.1870751718610095 94 0.9804739615554837
3.1956543523517347 97 0.9800837350553376
3.2007045991618783 91 0.9798878412104691
3.204291517799249 87 0.9797531260247808
3.214511658926315 87 0.9793730148013533
3.2249733325828998 90 0.9790818152544734
3.2266433016233877 89 0.9790263113181954
3.2395803846492974 85 0.9787599900061438
3.2527944629048244 82 0.9786302403742684
3.263222860895369 78 0.9785866661022886
3.2646537778453446 83 0.9785629978095276
3.276695069987829 80 0.9785043886629224
3.2816024352183053 84 0.9784901344673649
3.287793286447646 83 0.9784706784095215
3.294336229971518 76 0.9784690195551653
3.3003330612983017 76 0.9784967480394607
3.312383391112444 77 0.9785098572503884
3.333853162683276 75 0.9786333689442358
3.3405400553181446 70 0.978669740480128
3.3504688939240124 71 0.9786615432350496
3.353737083468644 72 0.97872818202622
3.368846567549485 73 0.9787703129583656
3.3798314876407693 62 0.9787504975104101
3.3979398896227124 59 0.9787084125693745
3.4019212294333303 54 0.9786857275492119
3.42097998295713 51 0.9785441221752794
3.427612614755458 38 0.9785497271029778
3.435455620790182 37 0.978397962651169
3.4405634024254703 35 0.9782848691699109
3.455077957705346 26 0.9782054273205689
3.4572535234585473 27 0.9781906485540157
3.4658032553103024 18 0.9781460396421373
3.470367934058845 19 0.9781060614461943
3.476459109348616 10 0.9780583753564844
3.484214765074653 6 0.9779376727165706
3.491402542310938 6 0.9778012784519925
3.5001917422282722 2 0.9775387731531028
3.5061441327701437 6 0.9772931608281058
3.515742390902176 7 0.9767049619000646
3.517825440912038 7 0.9765372373518486
3.519386789740432 9 0.976413594682808
3.5223209730834397 16 0.9763341613640311
3.519268171046185 58 0.9758248964426691
3.5130454557003885 67 0.9754276740779624
3.511267921784219 74 0.9753331433962801
3.5027542400579463 83 0.9748571185501304
3.5025376936966697 91 0.9748206784212552
3.5016361207545925 92 0.9747973561231152
3.501113683193464 104 0.9747664109263697
3.5013482036807897 94 0.9747396477210942
3.501191356401762 102 0.9747558096302854
3.5022533679701024 107 0.9748204901665922
3.503324411549704 103 0.9748691227831899
3.505202420325532 103 0.9749559984391517
3.5059957569204485 97 0.9749738860966393
3.5094593834734 111 0.9751322745713724
3.5084822389194623 97 0.9751810041973029
3.5087676631626645 104 0.9752802244224791
3.5087399935408947 98 0.9752659472919877
3.509211957182702 106 0.9753197067561789
3.5096489620646345 98 0.9753248087320642
3.509811822438664 99 0.9753354258221715
3.509260785520701 96 0.9752485068668622
3.509019680591778 103 0.9752485922836474
3.5061361299584157 97 0.975090718153817
3.506358259733023 100 0.9749965273339699
3.504633750780381 95 0.9749064991210514
3.5061910610902887 95 0.9748719182357957
3.5048530134175615 99 0.974796346797494
3.502119886068645 94 0.9746089406962931
3.503061406437373 93 0.9746029614632762
3.501871859945899 98 0.9743978193026124
3.501135830864941 92 0.9743362882321486
3.4990968903322015 92 0.974227001763772
3.496948751014775 89 0.9740048257721804
3.4944416788090744 97 0.9739393223216126
3.495623148039778 90 0.9738733580150793
3.495073493686434 90 0.9738496148079033
3.4938547272332827 95 0.9737751123920814
3.491083788765494 87 0.9736150154337679
3.4928030403717405 92 0.9735413974101884
3.4920946676898867 85 0.9734909401771566
3.4922010548878726 86 0.9734400037860629
3.4929843486130285 87 0.9733400708549492
3.4931160146095475 84 0.9732634381690259
3.493492785752564 83 0.9732045691184998
3.4936494850226896 86 0.9730736055340559
3.496142005452935 80 0.973010130008216
3.498240893299008 80 0.972879203004233
3.4997832066232606 85 0.9727798352590973
3.5017472559619436 78 0.9726711529019769
3.506369789917259 83 0.9724660678491754
3.507765250682974 77 0.9723714429516587
3.5114908850135715 76 0.9721924903140724
3.5165648904628557 72 0.9719099358679806
3.5177522536508508 70 0.9718545944806478
3.522493734367043 73 0.9715433513762897
3.5258150375354815 69 0.9714610793533291
3.5275216412928 68 0.9711773322283651
3.5279926981293883 72 0.9709431676356817
3.5327830801670568 67 0.9707252791079716
3.538456264537731 65 0.9702378767588029
3.54492036966622 55 0.9697139352763621
3.5470589377511224 56 0.9695154148677595
3.550521448923514 53 0.9691950356465403
3.555380736898159 50 0.9685843051302018
3.5621642449113637 44 0.9680366015479672
3.5680005358817124 40 0.9675302004870121
3.571106877570271 37 0.9672937657082027
3.5738623970567542 40 0.9670697825988007
3.5765777123470204 36 0.9668861932578359
3.586379671255391 28 0.9663041035620872
3.5949994585211087 10 0.9659019295446919
3.5985984459188067 3 0.9657501388888818
3.6028080067824404 3 0.965571275922643
3.6083569214799427 2 0.9653726678272101
3.6153900793490523 1 0.9650533558896781
3.620129571675066 2 0.9647889836776251
3.6264446322652706 2 0.9645691567098368
3.629234822645391 2 0.9644714702365781
3.6302014637011344 2 0.964432326498888
3.631830687329164 1 0.9643651721823586
3.6330207181389604 2 0.9642798031736504
3.635526561797282 1 0.9641688868863975
3.6352914197274186 2 0.9641725194818647
3.638106620007542 1 0.9641340707767746
3.640626321476454 1 0.9642476697901244
3.6436348848331495 2 0.9642815792255556
3.644671801975896 1 0.9643926319478746
3.6459983823603395 2 0.9644259076787551
3.6472444954166425 4 0.9644273238928152
3.649774728368588 1 0.9645096605076773
3.650870923640313 2 0.9646471591868876
3.6520817644812036 1 0.9646128118635542
3.652995989387925 1 0.9647492652449731
3.652571454669368 1 0.964885069351136
3.6506092126934706 1 0.9648607867169077
3.6502185689134583 2 0.9649850889521513
3.647225895476827 2 0.965049281576275
3.6444064993413607 1 0.965129878042115
3.641353574900965 2 0.965250790857543
3.639183367370148 1 0.9653112541259776
3.635668037669657 1 0.9654033827685474
3.634849169350109 2 0.9654172308621448
3.624897571412366 1 0.9655785257114543
3.624061967745913 1 0.965556023806386
3.618771413784418 3 0.9656094217521191
3.61473804803961 1 0.9656416566730859
3.611064831404974 2 0.9657412899064453
3.5991232718374593 2 0.9661322055401075
3.5943028857362376 2 0.9663763394708591
3.5921411315316187 2 0.9665029987507094
3.5865107532179175 2 0.9668130870665559
3.5855255670407358 3 0.9668742619223234
3.5767852296301994 10 0.9673402579493808
3.5682978933485643 29 0.9679871016216895
3.5660258664267066 32 0.9681651007217337
3.563314422072843 38 0.9684718798542367
3.5605174395308365 39 0.9688183247572912
3.5541227220392244 44 0.9696579046575738
3.5503441331904844 43 0.9700231935733369
3.5479679996150777 45 0.9703154479665553
3.5423130888674446 49 0.9707862563716302
3.5376348126215644 48 0.9710503993209751
3.535933006105626 57 0.9711260241129361
3.5296080003182886 54 0.9713601167314019
3.5227168353849017 59 0.9715049020499624
3.5180703362693104 64 0.9717737437256416
3.5101678430480168 67 0.9722128268199963
3.5070992338344906 65 0.9724760623539187
3.5048674710299297 70 0.9726699454174895
3.5035318882685464 66 0.9728512847431621
3.499053230609743 71 0.973278068868014
3.4973606570296645 66 0.9734439872802814
3.4952083098145916 68 0.9736344667955585
3.4927839395857267 73 0.9739031287899658
3.48857664547776 73 0.9744834339088325
3.4868918151382653 76 0.9746956501106985
3.4828908812616035 74 0.9749469673707576
3.480865365050986 80 0.9753768804866407
3.4788888561201694 75 0.9756728199198789
3.4796435041898963 75 0.9758130082804773
3.4744537005254172 74 0.9761993278985492
3.4704357641473242 83 0.9763838569146951
3.4705240437216616 77 0.9764951091986793
3.468516139849223 78 0.976711977131236
3.467977063838849 82 0.9767662162320143
3.467235547736124 79 0.9769096842568972
3.464555574161028 83 0.977196525434494
3.4621991884574377 79 0.9773927985798331
3.4616437495371817 83 0.9774745927554181
3.4581107443561927 76 0.9776209982785221
3.458697298445551 77 0.9777837833729062
3.457364435839875 81 0.9778964774759541
3.455469522556443 76 0.9780452026917544
3.453592694166807 76 0.9781761717195734
3.4517012926031763 80 0.978323082832302
3.450652866911088 76 0.978406162598374
3.4470799956843075 75 0.9786022154118588
3.4453905925043724 81 0.9787379673116161
3.443617582958782 74 0.9788574331980647
3.4421574489937354 76 0.9789469038919312
3.439815637701127 81 0.9791140278110705
3.4362866935423253 74 0.9793175405169244
3.4343385996833806 78 0.9794542853487901
3.431405615820625 73 0.979617392765773
3.4198506862456526 75 0.980034850317743
3.4143782644521616 72 0.9803240063145824
3.4112980403757205 73 0.9804308963123469
3.4079252604824735 78 0.9805401336755121
3.3962489538005856 72 0.9808197068423918
3.3935762341574525 77 0.9809778128325637
3.3852486893344165 71 0.9812267838410617
3.3804790706448933 72 0.9813744927388243
3.3753833296805413 76 0.9815395313533344
3.357648190177561 74 0.9821079289236606
3.353287805092945 78 0.9822032595651614
3.327528923782467 76 0.9832032397038473
3.3181308394917397 69 0.9835352805776736
3.3066906834190926 70 0.9839474112351504
3.299714612362124 75 0.9841969799472208
3.286040377789978 65 0.9845880201168618
3.2577556117310156 67 0.9855983087241614
3.2404459367685607 74 0.9861293057786146
3.2219844311970993 67 0.9866650430606799
3.213163170520842 74 0.9869369491174969
3.205548051190473 68 0.9871907911257262
3.196423215572251 66 0.9874765547642148
3.192335799234705 72 0.9877306039162812
3.1887608777304393 67 0.9878974457203379
3.172909121687472 64 0.9888833742209304
3.169088616279478 65 0.9890491292108629
3.1674394147372342 68 0.989327128037154
3.1644639678025626 61 0.989613482383639
3.154232281724096 61 0.9905735424180766
3.1536042752138718 61 0.9906832996801542
3.150403716502713 57 0.9917169406373938
3.1495977252409983 63 0.9921083655028379
3.149363426376982 58 0.992484149107444
3.149139653197852 57 0.9927665020661196
3.149043956973527 60 0.9931286583339866
3.1492724241533008 56 0.9935166684989181
3.149580156625451 53 0.9937268093608188
3.1504150006379485 56 0.9940771046266942
3.152465122058295 52 0.9944429914188533
3.1530559442335595 50 0.994763461487657
3.1547680078140363 56 0.9949125364754358
3.1629301543851946 50 0.9953760196067106
3.165965180242384 51 0.9955473906379679
3.1705946030957577 46 0.9957276047590891
3.1838525864148264 42 0.9960458064499026
3.193476457459583 41 0.9960827413730725
3.19576263226278 39 0.9960878335121157
3.199734093418631 42 0.9960875563985693
3.204694275875838 41 0.9960686960484569
3.208318572350795 39 0.9960533247655082
3.213857966600461 36 0.9960374240546785
3.2181635169255447 36 0.9960652461994312
3.2222915247953416 38 0.99611574098512
3.2272822512273582 36 0.9961963678688743
3.2289482778390024 38 0.9962280026008589
3.2314984644603864 34 0.996271133993986
3.236525977520874 39 0.9963981524584294
3.237101336961396 36 0.9964176394409486
3.2420319204277215 37 0.9965050992850921
3.2432144451910867 38 0.9965446270796327
3.2441999188605064 37 0.9966696419236016
3.2448452128849903 40 0.996689437468812
3.2506791394066585 37 0.996841242179549
3.2515118435880344 39 0.9968589835984093
3.254438674273686 43 0.996907748067942
3.2563492931715072 41 0.9969278620788237
3.259535060584642 41 0.9969381235032821
3.2614815951260168 47 0.9969153766341595
3.2639223255027474 43 0.9968280118998364
3.264499625459763 44 0.9967923190429667
3.266078873036899 46 0.9966767661929138
3.2665868595472527 43 0.9965901704312524
3.268839110250002 48 0.9963402436536166
3.2761751168691298 50 0.9956118867915098
3.281025032831264 51 0.995059814781047
3.2863981647686638 57 0.9943775978888485
3.2928052409634563 61 0.9935606980449382
3.29821630843782 60 0.9927009698968113
3.2987246383328013 61 0.9924003967683023
3.3022719905883493 59 0.9920825362085961
3.3053520498682363 61 0.9916544630424861
3.3078275879611048 63 0.9913284154590315
3.3133238158504748 64 0.9907451869288212
3.3181556370043728 63 0.9903923087490982
3.339119975896411 69 0.9895490661382552
3.347640989632488 64 0.9893427369898268
3.352908892227487 69 0.989209716548963
3.362478191134041 63 0.9891214731124479
3.3706172242297012 72 0.9890595189694708
3.377995613992037 65 0.989083715757145
3.3836647051043482 67 0.9891414530167104
3.3937797131890295 66 0.989455232459171
3.3970435203385443 68 0.9896395735426832
3.40560995365144 62 0.9902424204164331
3.4081381072395343 67 0.9904755753990612
3.4111281022391706 61 0.9907919802896867
3.4193738714893507 58 0.9919176687750796
3.421127579547739 58 0.9922172104860231
3.4239797902821305 60 0.992623737071815
3.429769325216184 54 0.9932612173015118
3.4315263789565575 58 0.9935590204413929
3.4382698929618676 55 0.993949499966139
3.4389023772923064 53 0.9940065380829861
3.4427962392319036 54 0.9942325590239052
3.4534032048485304 52 0.9946412821647012
3.45571948660903 53 0.9947090383231745
3.4631631535615957 48 0.994864702358229
3.4663374498450876 50 0.9949232513697499
3.4768563923013724 50 0.9950821213430218
3.4898705333557563 48 0.9952414217135253
3.4938988109811002 46 0.995295127924405
3.5147723150948353 48 0.9954816754347665
3.5228546202141575 43 0.9955412690617823
3.5424396577952315 50 0.9956652670760356
3.5486918141862946 42 0.9956916745111378
3.562052690799743 43 0.9957486204788986
3.5688014275813718 46 0.9957663384411642
3.5854689385045617 40 0.9958190449968292
3.5932270534604425 46 0.9958414498015427
3.608342519562485 45 0.9958897808663566
3.655427117716429 43 0.9961187290502668
3.6824692936472685 40 0.996289192064654
3.690179539246174 42 0.9963526916515737
3.711993247100293 39 0.9966031476139684
3.726473428456577 41 0.9968174778137839
3.731828893009383 40 0.99693759899832
3.7364317372260074 40 0.9969840610333147
3.7383019020045616 42 0.9970302114617604
3.738634895760095 37 0.9970715522660099
3.741121901017915 40 0.9971407091065968
3.7395909984924485 36 0.997150236246267
3.7421389293631586 37 0.9972144026079203
3.7443058901307813 35 0.9972244753188253
3.744746824480325 36 0.9972086324816022
3.7447495208170314 35 0.9971765199982424
3.7444805683901023 37 0.9971232135391681
3.743391228203095 39 0.9970283387486579
3.7421765261994393 34 0.9969639178816242
3.7355553807789645 33 0.9964728521587635
3.731636977273595 29 0.9961538738336457
3.729460408278316 30 0.9960543695590445
3.723478314807786 32 0.9957252836911035
3.7179504043996645 30 0.9953904302009946
3.7135280176901073 27 0.9949424841520061
3.707862288721375 28 0.9941267591755084
3.7057253900380935 25 0.9936393083907207
3.704786080145116 24 0.9934417155464451
3.7018968736865108 26 0.9932560407693393
3.699590933899558 21 0.9922279212858531
3.6983075819373212 23 0.991607010839759
3.7005181999344465 25 0.9914284304572724
3.7017265098083025 24 0.9912482709821392
3.702346224013529 24 0.991178517899422
3.7045094045825415 20 0.9911543908311122
3.7054436068035517 20 0.9912309987274258
3.705905398370635 25 0.9913289608887549
3.7072510563727157 24 0.9916176901039666
3.708873015410396 19 0.9920514716193259
3.7079740179339313 25 0.9922400592048921
3.710436460615321 27 0.992608846812089
3.7121924406504876 27 0.993320440116005
3.712619916250144 23 0.9936110761522042
3.7162485237634244 22 0.9941785334998975
3.72028812140555 26 0.9943709306992823
3.725448471785441 25 0.9946833812502204
3.73040024396464 29 0.9949453650585067
3.7339222417179423 26 0.9951005687411861
3.741312751239402 30 0.9954194774526224
3.753914506876521 27 0.9959036512422009
3.7568410488306454 27 0.9959960998258365
3.7637917999952224 25 0.9961637723498865
3.77336807371578 26 0.9963775553974012
3.7830049071543046 24 0.9964832029118021
3.7869834310335135 27 0.9965457262023939
3.8037760254793476 23 0.9967166650690792
3.8058834519068094 24 0.9967166794279378
3.807012863958104 26 0.9967082104784835
3.8107236679361023 27 0.996672143777024
3.8113149418145396 25 0.9966619300339118
3.810677891170065 26 0.9966587094650194
3.811392489610356 27 0.9966072712830862
3.813235767788543 24 0.996592100285856
3.812330872294435 28 0.9965702606084718
3.8120349249359595 28 0.9965633086698229
3.8096128972768546 24 0.9965570113925093
3.810493185716181 25 0.9965359295851393
3.8062846489336097 24 0.9964460548869586
3.804801758512019 27 0.9962912832682543
3.8030305548470067 26 0.9962304672854472
3.8016550181048254 28 0.9961908793067965
3.7936134711987433 27 0.9960956503973091
3.7924659122200777 31 0.9960692556676696
3.7854869685575014 27 0.9960060663162504
3.7837059644948132 29 0.9959876634563032
3.778076414600039 28 0.9959243695405332
3.7690342684307074 27 0.9958003818677972
3.7550960875663404 28 0.9956185672668519
3.7457773399451018 26 0.9954584037042273
3.7420871404125915 28 0.9953852831426412
3.7357370161022896 24 0.9952356570637161
3.732004089880089 28 0.9951703666728963
3.7311277627089754 27 0.995031176992514
3.729487203441831 27 0.9949839863623815
3.736429659446706 28 0.9948789662397595
3.7393733821879795 27 0.9948936414839672
3.741027085126166 25 0.9949108359437309
3.7460329176570286 27 0.9949730492061755
3.7468449468306266 29 0.9950120711108364
3.7517036436232307 30 0.995051462490766
3.7543599088658044 27 0.995085254147363
3.754202605149554 28 0.9951234711091924
3.7536844598671166 27 0.9951869668175146
3.7533339265988785 29 0.9952363575440833
3.75375585381462 27 0.9953432475696666
3.7540235937165645 29 0.9954140693626232
3.754480425747075 30 0.9955674748958627
3.7541882129742277 31 0.9957568277801088
3.752584711279302 32 0.9959777794823752
3.75400760406285 34 0.9961126309270502
3.7537882119885135 33 0.9961506539154303
3.753858262244326 36 0.9961715142869347
3.752779802817112 33 0.9961645459940892
3.7557467603682113 39 0.9960643343720177
3.759139581828501 39 0.9957535996329565
3.760869904931878 40 0.995274053308147
3.761013730651114 42 0.995110505688891
3.761589890628248 40 0.9948034184131435
3.7620679389771783 46 0.994469534204327
3.759690756711152 46 0.9942393903740662
3.760995818159887 47 0.993869696838612
3.7590723012003515 45 0.9936221299256766
3.756963759052891 46 0.9928554456986127
3.7565377830275026 50 0.9927688842386259
3.7550910386021004 53 0.992422719262987
3.742090204086136 52 0.9907421033719181
3.7344258347457338 57 0.990152815150238
3.7029467940663934 56 0.9879861788570237
3.686948379518267 62 0.9869832208329454
3.67542350946905 61 0.9862336113644281
3.6649606689691647 62 0.9855048928836359
3.6564303032565943 64 0.9848587644054582
3.652593379970986 60 0.9845621218918308
3.6381038591665025 66 0.9834578374110713
3.6348086959150923 65 0.9832468254174325
3.6168800069499234 67 0.9817008906836533
3.603489983203362 64 0.9804237000571957
3.5906189365181644 67 0.9790811624769813
3.589052932260155 68 0.9789039487474098
3.578395692736159 64 0.9777962886685144
3.5730815095497896 69 0.9772029700606257
3.5667768218701337 73 0.9764482245182945
3.560000220245044 65 0.975647436929394
3.55066268940269 69 0.9743511121966114
3.5437622307175287 65 0.9734922168658934
3.533340877147106 72 0.9718464781439944
3.5320672675331677 66 0.9716230815243372
3.5249802498106044 73 0.9705526516616583
3.521411694750235 74 0.9698634278853628
3.5155918609282852 70 0.9685903820639635
3.512952975623595 73 0.967968506980977
3.507790375996067 74 0.9663109994924367
3.5070694831147176 67 0.9660553970073291
3.4995389641221877 73 0.9632264390664934
3.4981514923355324 66 0.9625181393566751
3.495063232172662 73 0.961073038925479
3.4940645871122267 69 0.9600365312766479
3.49214056883702 66 0.9578864641501897
3.489271581612719 72 0.9530143185666835
3.4887356824208853 66 0.9506955295133859
3.488957382298069 66 0.9483393509399898
3.4897033879459305 63 0.9474543334885132
3.4909937092786745 66 0.9466774103609513
3.4942896496713454 67 0.9452301731289598
3.4971320542677957 62 0.9445430098616661
3.5004076817295964 65 0.9436496179690662
3.504263967926058 64 0.9428975838889464
3.5124500419040436 65 0.9415696857716852
3.529514935766792 59 0.9395442806715616
3.5363588214155817 62 0.9388293363783018
3.543589913510972 61 0.9380959545542569
3.556619592075428 62 0.9368506015915103
3.56809763360919 60 0.9355808387785882
3.5783676875484147 59 0.9346932552329928
3.5885261845376952 63 0.9341065103100084
3.6005595911710344 59 0.9332261056142765
3.6084322322926083 56 0.9326819787465467
3.6779663778704017 58 0.9277951721074084
3.697705723487476 49 0.9261773103627272
3.704373069416252 55 0.9253455091427092
3.71386428061298 51 0.9239410704963907
3.727340880479537 53 0.9216086670102465
3.72950616668743 48 0.9210845843024287
3.742541050045859 47 0.9174962586323547
3.743872936673018 49 0.917201244480789
3.749756211067524 46 0.9151783044940213
3.7535083942667886 48 0.9140141583322995
3.754784590053523 48 0.9132958488949848
3.758717958769914 43 0.9125176955192513
3.7596645751025513 46 0.9119361801114417
3.7676816389150476 42 0.9100937719685676
3.7692698125830972 47 0.9087621638134826
3.77137134544384 43 0.906680729532406
3.7715129088074564 42 0.90436523586371
3.770594052576219 40 0.9036233533507
3.769138249630575 43 0.9020537530718131
3.7638987866171583 38 0.8981559769680635
3.762636227140711 41 0.8969054310929186
3.756552237459136 36 0.8923569663696322
3.756110070875726 40 0.8905796167171302
3.7553468676536212 34 0.8890581006742068
3.7549360392238205 39 0.8881940932722989
3.7558387517388256 35 0.8858899575866581
3.766622538446646 37 0.8803511213730371
3.7712540905630223 32 0.87814259669742
3.772467169461058 33 0.8777651617596818
3.784254502904947 33 0.8747473806394434
3.789027771565328 31 0.8742095132205341
3.796707504461274 29 0.8729665852477727
3.7988188305507804 33 0.872650823776419
3.8118749222107935 30 0.8709975666948847
3.823914184319615 28 0.8697060038004222
3.8383502732438335 31 0.8680246040726669
3.855990082210178 29 0.8665815060868242
3.8604845074822283 27 0.8661467509646491
3.887442984718469 29 0.8638661575632933
3.9062595934631488 25 0.8621375398371569
3.9130449897650705 27 0.8613921030956175
3.921909294893162 28 0.8601837278553648
3.938465449849182 25 0.8583712702857641
3.9556991064507234 25 0.8567607563813706
3.9718433720013597 25 0.8556696336758628
3.9786054268397484 20 0.855536493414991
3.9849568467375693 26 0.8552251258355602
3.9928745118451383 25 0.854812078042953
3.996737149244934 23 0.8546066793217851
3.999533461714474 26 0.8543804660266404
4.002589311440258 28 0.8541074085525059
4.002523964316958 22 0.8538018618800024
4.000559269178716 21 0.8539799800867015
3.9943338344498245 22 0.854628151900597
3.9908120184147244 24 0.8549703995697859
3.9858042569400682 22 0.8552381379239782
3.9809017711167596 24 0.8558832218446843
3.965787820292788 23 0.857099608963545
3.959954765703608 24 0.857528040032842
3.9504773494086125 24 0.8582774344708589
3.924323235592945 25 0.8602115631102011
3.908009113479383 27 0.8614776792986354
3.9036184214342238 23 0.8618519310632861
3.886036364869496 25 0.8629603970406569
3.8666742893739663 27 0.8647122345381656
3.8288449238114777 27 0.8677384812231271
3.7583470513636783 27 0.8746345946476849
3.707640670016755 30 0.881365501134768
3.6909831680859875 30 0.8838088486912283
3.6490167528019803 30 0.8888914934614595
3.6387766180351466 33 0.8902343274508717
3.5932857141831156 36 0.8961320431538786
3.577023801066812 36 0.8984017635048798
3.5713164732429457 35 0.8991433869936031
3.5227493940786423 40 0.9054548192289298
3.479671350436093 40 0.9104799323533957
3.4749756644712444 40 0.9109794695510028
3.4518784298935197 41 0.9130802926492932
3.443357428385895 43 0.9136016321362699
3.432811183970332 42 0.9148385877249114
3.4144042027258314 42 0.9163453546004309
3.4051419033785417 46 0.9171500708922138
3.378559327741826 43 0.9193265188571415
3.349246431381135 50 0.9217495852130885
3.3092647554085066 46 0.9249379608004776
3.3052143425886165 50 0.925276098554007
3.2778435800804235 49 0.9273479181811045
3.266887153120311 47 0.9284689925959054
3.239751882732102 51 0.9307807385605491
3.2354478479038287 49 0.9309606290737859
3.2203558818617517 50 0.9324607096312816
3.167734933189824 55 0.9367560380696235
3.139197330728187 53 0.9390848267102114
3.1254800476026787 55 0.9402998121529613
3.0981496904991803 57 0.94295026389321
3.0828163789854095 58 0.9447179719776928
3.0726922927170963 60 0.945787098825185
3.060117357584055 61 0.9474771032193242
3.0519599353437177 60 0.948752541037034
3.0375992007395287 63 0.9502042184128145
3.0382692107757596 58 0.9512499243813329
3.014799357380662 70 0.9542919013300426
3.000799235810234 67 0.9573867821757902
3.001717598405455 76 0.9584573570101148
2.9976637272218647 69 0.9607483223913014
3.0024225976378944 80 0.9644534033114736
2.999740036439649 73 0.9678470855686178
2.999964452589492 75 0.9709668232958758
2.9998977036813415 74 0.9713259584954985
2.9979960343389656 83 0.9733960076818355
2.995516290239222 77 0.9751440802878317
2.99514949472859 77 0.9754325449981157
2.991717664885382 79 0.9772092627680562
2.9899637168230977 79 0.9778805878057176
2.9869374972750125 77 0.9791205659630761
2.9839247127162376 81 0.9801073553220762
2.9816363393523138 79 0.9806530222141527
2.9800281852695525 77 0.9811911490991589
2.978743640301218 79 0.9819686093374219
2.977132666013659 80 0.9822765670697614
2.977636955122081 79 0.9829010686342603
2.983894798871809 78 0.9838817968500594
2.986264299406105 76 0.9842158736441328
2.988743007879319 81 0.9847153500946516
2.9965002928736086 75 0.9854865454325835
2.99854219698233 77 0.9857799850732683
3.0024073326863325 71 0.9863552291016804
3.0058243916707736 69 0.9867475991361031
3.008858966967612 71 0.9871530297974811
3.0079460154570516 63 0.9872365597714802
3.0140275112554833 65 0.9876612407563092
3.0160170475496604 57 0.9877824478432439
3.018846080408182 58 0.9879342983505234
3.0262642826569444 58 0.9882024129722757
3.035223242277034 53 0.9888174450070981
3.043091142580397 57 0.989305494602177
3.0615777896068175 52 0.9904542959237218
3.0774371110095413 49 0.9913136885364077
3.09976328206582 46 0.9920685373083594
3.1034849740630612 45 0.9923125420097346
3.115666009435836 45 0.9925870008734743
3.1331821338321935 41 0.9929457628124747
3.148770103794325 37 0.9931756576673452
3.154462498455884 39 0.9932339225685018
3.164026206290142 34 0.9932592786007816
3.1674724644761936 35 0.9932125117989374
3.168275975211266 39 0.9931913484209508
3.170365363687716 34 0.9930004457531381
3.172486557369912 29 0.9926273719704597
3.17144269165947 31 0.9925669239096856
3.1702770419379624 27 0.992177024214806
3.169195061128907 29 0.9920152280107162
3.1649412042924485 30 0.9914656750836576
3.1633517469698114 25 0.9912482826640817
3.159153576535969 27 0.9905483691816214
3.154927295258599 24 0.9892640148679511
3.152746286888835 27 0.987788773780197
3.1509978903345885 25 0.9858218087381062
3.149033528902416 23 0.9837506295124683
3.148153326865051 20 0.9827219767779682
3.1474933187414202 22 0.9818146911411624
3.1471474248143174 16 0.9806514938861811
3.1472455871750427 20 0.9787307929969901
3.14771802462705 18 0.9757545485331345
3.1470439188550756 15 0.9745894695526948
3.1469927704338296 20 0.9730306644314827
3.148663710567135 15 0.9700949667464729
3.1478406812277613 15 0.9654720116801225
3.149475346648431 17 0.9635170811160806
3.150420891371571 14 0.962766604973052
3.1549925096549924 13 0.9588756221442697
3.158161859087258 13 0.9577348772218596
3.160490635130474 12 0.9562901806141602
3.162282390198091 16 0.955136236260731
3.1644634224888692 13 0.9535755548632874
3.167746999934815 13 0.9508832724579793
3.1687897535544645 14 0.9499477467861539
3.1692195710750064 12 0.9484134266726706
3.176755220236902 13 0.9452895686724174
3.1785646083160684 14 0.9444989931999022
3.182164183764376 15 0.942632645818689
3.186194832741997 9 0.9420216309829714
3.190826373024079 15 0.9409926258585689
3.1968072524931985 15 0.9402726420584899
3.206484230427638 13 0.9402248393005429
3.2083546136606342 13 0.9403145555304556
3.2152217743927825 13 0.9405980413595859
3.219310406769316 10 0.9408266055166458
3.231148570487128 17 0.9417840175857927
3.239142039231682 10 0.942587020411018
3.24681567470787 13 0.9433441246282676
3.2566275382655556 14 0.9444154067941637
3.2716695910325964 13 0.9459958102336294
3.279124260511374 14 0.9468197211470051
3.2975259481010046 16 0.948874693883869
3.304720068213262 15 0.9497222027124029
3.3163245551294236 9 0.9510915527187991
3.323241058811876 12 0.951918292619662
3.3317432266508757 15 0.9529140387457941
3.341837615249692 11 0.9541288999707372
3.3614210564098634 9 0.9565024682451473
3.370376304217061 13 0.9575457505419873
3.3829078526004146 12 0.958918846000459
3.4001019663747107 12 0.9605882864348795
3.402884307921192 10 0.9608376592912976
3.4225141050224974 8 0.962725428673461
3.424435250420252 9 0.9629256437599522
3.4314038898437444 12 0.9639389688168564
3.433545453993135 9 0.9642463540958831
3.4366418435967208 10 0.9648304436656179
3.438596814724235 12 0.9653108297975668
3.440603204945849 10 0.965781364835197
3.443562389559501 13 0.9669503640037599
3.442609279190133 12 0.9671072458047985
3.4452410801475315 9 0.9678111014113719
3.44526208112545 12 0.9680526695931552
3.443349467890517 14 0.9691141162826091
3.4411800465244533 14 0.9696574082697307
3.4393676983184136 12 0.9700258143041662
3.429817438256526 18 0.9718345366761806
3.423830143110327 18 0.9729917305394622
3.4188521756184533 18 0.9741959596122381
3.4107182652160093 14 0.9757248635555371
3.4085697858775896 18 0.976471510675404
3.4030400595507624 19 0.9773310046676477
3.400302922596488 17 0.9780129817302923
3.39133114387886 21 0.979079162788702
3.38410713540369 17 0.9798954724692134
3.377723067584121 20 0.9804666481116752
3.3682710061151977 20 0.9812186403030256
3.3579975625667635 23 0.9819177011418978
3.3353457762171788 22 0.9836748856841534
3.331623684785197 21 0.9841047310762203
3.3225793582365655 24 0.9845470062690027
3.3164723446215123 25 0.9849609861018362
3.30777281031292 28 0.9855574148530948
3.3021180254111493 25 0.985832862271071
3.29287256779069 25 0.9864274522119867
3.266659916403841 28 0.9881726083620231
3.2463974726232196 27 0.9893213256233166
3.2365370540564964 28 0.9897605259892133
3.2031034835253096 31 0.9910509232308206
3.1900868563619484 34 0.9914465144678872
3.1734038687887605 32 0.9918980307985916
3.1584048088401793 29 0.9922434478565817
3.1131535269072663 43 0.9931171937629935
3.1022922812367035 37 0.9932824979614708
3.067057066040483 44 0.993725087067997
3.056052656492892 45 0.9938429069883642
3.0354179900997798 44 0.9940395682961864
3.0128921178187817 48 0.9942420897881165
2.9820016019585087 49 0.994514876293657
2.9760647085609286 49 0.9945939840121126
2.92322610864905 55 0.9952002132997234
2.911547440389384 54 0.9953681690826564
2.878155911827971 63 0.9958944755264545
2.863987623541644 60 0.9960601855842273
2.838834959020719 67 0.9962960596854975
2.8125670813847274 71 0.9963350911520472
2.78897901466051 74 0.9963055253845767
2.781118500699612 78 0.996292137976448
2.7668912022769523 78 0.9962670059877021
2.7630806578004474 73 0.9962602406919059
2.753555899020981 84 0.9962156442995365
2.73537223618156 77 0.9960755491707809
2.7308761042184293 84 0.9960310899640841
2.7207262975171274 83 0.9959596844425288
2.7142561879489784 82 0.9959335632502583
2.7083504793434074 87 0.995909813586033
2.7008133744115415 86 0.9959229263622495
2.695599601318275 80 0.9959476709520697
2.686645974483241 87 0.9960453969830868
2.6835252232417566 81 0.9960936156125175
2.679516763345388 86 0.996153307511376
2.6755611589300528 79 0.9963272390394697
2.6724747856052886 85 0.9964662556378393
2.672093754405434 80 0.9965062125774214
2.670274945049866 89 0.9965414217499838
2.673000051026106 81 0.9965751271160918
2.6777694701016794 83 0.996629853830701
2.679665993183343 79 0.9966225650492558
2.6806973457274514 80 0.9966336485821026
2.6822688295017154 84 0.9966475551700197
2.6841445881451516 79 0.996659295518853
2.689598528194697 82 0.9966809122247853
2.688570296562983 80 0.9966639045005715
2.688826327217326 84 0.9966350788974336
2.6911838413965152 81 0.9966359250234619
2.691539483687885 79 0.9966260490630057
2.690667156192302 85 0.9966111718989856
2.688812045274122 79 0.9965894961150501
2.69005324667672 84 0.9966060705986369
2.6907054839842024 86 0.9966044898657839
2.691604049450417 80 0.9966051646571952
2.691579960004625 78 0.9966034207897205
2.6916445151356547 86 0.9965999183983288
2.6926038228717037 83 0.9965765901466654
2.69182067073033 80 0.9964183563081659
2.6935612773553834 84 0.9964351672836804
2.694933487246391 80 0.9965040066697586
2.6929092788475337 85 0.996528504569724
2.694186620946827 84 0.996564622758248
2.693405542544823 78 0.9965986137858541
2.6936748207668963 82 0.9966122716152226
2.6939562974340325 78 0.9965958439378
2.694245083306391 84 0.9965665030714753
2.6941419274833085 80 0.9965564798112078
2.6940820768654477 79 0.9965170897364508
2.6920559327765616 81 0.9964667025361993
2.693833827264199 78 0.9964820468714487
2.6948139523078094 85 0.9964661968340941
2.6944827177706565 84 0.9964320138467728
2.6975301445616062 80 0.9964240255172462
2.698803175736854 85 0.9964210737253794
2.700970448491548 82 0.9964137573731362
2.7016105688679124 79 0.9964453302339442
2.7022213971994002 80 0.9965305890690109
2.7014810915221945 80 0.9965280851945508
2.7012214340526937 84 0.9965146102465671
2.7010628563291186 79 0.9964713511161357
2.7016725385012124 79 0.9964464952806662
2.701758005388405 84 0.9964781437038464
2.7018311879818744 80 0.996486721903985
2.7012677089604136 84 0.9964840470540622
2.6995569190901345 77 0.996452038629775
2.7016156265871243 88 0.996478083409232
2.7011809635309234 84 0.9964759988276986
2.701153135056719 82 0.9964895929590238
2.6999372145880733 77 0.9964760367474055
2.701100265717171 82 0.9964738367576503
2.7010675820974797 79 0.9964714993701622
2.7008788090700535 81 0.9964778106241599
2.699845727459148 80 0.9964699985564932
2.7011568204532352 86 0.9964896155528099
2.7010050043710163 80 0.9964847970041365
2.7009866454454854 79 0.9964806724716424
2.7009484320654824 86 0.9964743817659006
2.701184231957174 82 0.9964766301298101
2.7010052194630974 79 0.9964799533676298
2.701293137919929 80 0.9964782456323253
2.7010096645645394 82 0.9964769193719183
2.6994669389161112 87 0.9964599514912819
2.701002228406058 81 0.9964801425044134
2.7010873635219625 83 0.9964820139252722
2.7012971096047207 82 0.9964798265253331
2.699072450478306 82 0.9964580163254809
2.7011534464647213 80 0.9964790169292247
2.70104679378089 80 0.9964810964037035
2.6993862282462917 81 0.9964633047543386
2.70107150895973 83 0.9964819006474479
2.7009439344665944 79 0.9964789239964007
2.700855091275478 81 0.9964765722324076
2.699687784271891 84 0.9964644938415008
2.700822978755713 81 0.9964763439616272
2.701163893044527 79 0.9964812394196154
2.70106029370207 79 0.9964796146554216
2.701076810815381 89 0.9964793520143549
2.7009747369682877 80 0.9964782279463003
2.7009190925348547 80 0.9964770068321783
2.701035904129337 85 0.996478329275888
2.7008116046057515 80 0.9964763308099627
2.7011932767373628 87 0.9964784499852177
2.7011969388926427 79 0.9964769444631365
2.7011043114182836 80 0.9964767705226423
2.6996911096185143 83 0.996460173345868
2.7013440277297067 81 0.9964805246135615
2.700966237496071 82 0.9964754897732018
2.699597096198076 83 0.9964596782382547
2.7010089205678645 82 0.9964758104797964
2.6995302562574635 80 0.9964586722468353
