3.363824466071228 58
3.364888509085259 63
3.3728747969629533 61
3.4133477917734663 58
3.4207714556954407 61
3.430651171087527 59
3.462772069236547 57
3.47021878916756 60
3.498445840621669 59
3.5222872489348145 55
3.528171284495248 55
3.552801727583317 58
3.568844460714381 56
3.5760092127840393 57
3.5960478823923983 56
3.6071160954581334 51
3.6250578651678103 56
3.651044640306337 56
3.6661021561336895 52
3.6715800062067694 55
3.6776203095845257 52
3.7024548894724996 50
3.7167728376443856 53
3.720844711385643 53
3.7352136551071102 50
3.7452505583501683 54
3.763883218010728 52
3.7834888091613603 46
3.7965328785885264 55
3.813006073890757 52
3.815751243133898 48
3.8407325983028553 52
3.8477047552437122 52
3.872780137050311 49
3.8800977645489176 54
3.897633982947372 52
3.9201510862810878 49
3.927240167771535 53
3.938705959712573 52
3.9582967812642 50
3.969129983082204 56
3.9886226660402806 51
3.9976190205121127 49
4.020953578762585 52
4.033068067825381 53
4.0423900765581 50
4.050568689612901 53
4.061937435484375 50
4.081211513835055 49
4.081912932842218 52
4.100440331775465 50
4.121163649336967 47
4.1266661413218815 51
4.139202108737111 46
4.151788749104637 46
4.1643772126451415 51
4.179111507504081 52
4.196768446328727 47
4.210583541049867 52
4.217530424678288 45
4.2325704153883805 46
4.251800399840261 49
4.273821655971664 48
4.282091232033769 45
4.301039736059806 50
4.313052802158969 46
4.327162498541484 45
4.337718774683319 48
4.357818958175606 43
4.367843610871711 43
4.40213400176342 43
4.417314413977311 45
4.433368496272703 48
4.447990671988938 44
4.457406238368215 41
4.474345393415244 44
4.49335226310225 42
4.501703882604788 46
4.512365036661003 45
4.521114461036331 40
4.548580386070359 47
4.561279753155003 40
4.574617600538351 42
4.584345289267899 46
4.602470365921201 43
4.604448626315464 43
4.6216684757171125 43
4.639478997804661 42
4.650744597632626 42
4.665777905426684 48
4.678013172203277 42
4.682898950684791 46
4.701849337317514 44
4.710863217667289 44
4.719252082814675 42
4.728804912453436 45
4.750729576447112 41
4.757733859500016 45
4.769588835835985 43
4.772647471716296 43
4.7812358835027515 45
4.793824441103584 44
4.793869163177061 44
4.801610020689712 41
4.805528238795503 44
4.809642325712692 43
4.812329575357185 41
4.815596408909468 41
4.817335981915647 44
4.822771349569205 41
4.824716414730355 41
4.827193276411658 44
4.8375992584929906 40
4.841540376405024 41
4.843979394857227 42
4.857139088860615 40
4.857830894651605 41
4.868625600892391 41
4.878378459419499 39
4.886131453054764 38
4.896249221074486 43
4.904498645658492 39
4.911463726510316 38
4.921050134910767 40
4.930511567059666 38
4.939655369734358 38
4.951700348287787 41
4.963221598199884 35
4.968728733780332 38
4.974369630162961 40
4.987329419161325 39
5.0055480808989445 39
5.009801567184535 40
5.030137889475338 38
5.035686098227252 40
5.053568544152174 37
5.071023194659413 38
5.077681808470614 37
5.085478078075815 35
5.095098117479714 33
5.120305585255239 35
5.123990625331457 37
5.136434000273276 38
5.142284947181253 33
5.159115742189672 35
5.175936560078005 36
5.1764481994701 33
5.1955267363748705 35
5.19612482234109 35
5.214782708691012 35
5.215607348885787 35
5.2233451343818205 36
5.237753679001882 34
5.248178547254797 34
5.255763012192727 36
5.268563876950967 35
5.271271616699105 33
5.278955752864949 38
5.288011139406748 36
5.306542649209 37
5.309350761309316 37
5.314380905076523 34
5.323334142908872 37
5.333629110349062 36
5.338241443348619 37
5.34698910274617 37
5.349545514968072 36
5.358748779880548 33
5.362797554980398 38
5.367652453433687 38
5.3814240461221114 37
5.387666147030235 35
5.393931702960068 35
5.396523026236705 37
5.404424037968726 38
5.406373289358942 35
5.415032443577291 37
5.418238052822054 35
5.422611313061015 33
5.426312846978481 37
5.427281877576096 37
5.4295634744330314 35
5.429824868770029 38
5.429596152019653 37
5.428334594638017 32
5.426713712852313 38
5.424147601262027 39
5.421406288418605 33
5.413719944693385 38
5.4095597716674515 39
5.4052794399871935 34
5.401257384632143 37
5.397185172582044 35
5.385637759961818 31
5.3810756383815574 35
5.37421866581131 38
5.366657578545664 36
5.352484927528895 35
5.345261453235486 38
5.336676528897647 37
5.325954340462181 38
5.301565895600402 33
5.29396221296639 41
5.2750695478607454 41
5.263728606780634 37
5.251709691199813 41
5.237309394202872 39
5.223660535802832 39
5.215993100725936 42
5.183363473423635 41
5.180977715675477 37
5.1711681745011715 42
5.1494403741537855 43
5.1326755587299475 39
5.129109803756092 42
5.09673616115778 40
5.097855936990587 39
5.077196482422966 41
5.063844399518865 43
5.045755730684377 38
5.038145213832057 43
5.0088609023204285 39
4.997583850235086 40
4.974940225679883 45
4.963530959546413 40
4.942311945060882 41
4.922706506247803 44
4.911697000439263 45
4.904546361262197 41
4.884128773578356 47
4.845549526097432 41
4.829017775935533 45
4.8213513143617215 43
4.796988574310301 42
4.788140776340082 44
4.7740670497329445 43
4.748716107839599 40
4.748001601909039 42
4.737641096919175 47
4.709997978730598 42
4.705833208358977 46
4.689493453453384 42
4.659338711848809 44
4.658369593042324 47
4.643304977961415 46
4.6306112502364245 44
4.622592786417169 46
4.602441899506576 45
4.587882558604226 42
4.567705353292904 48
4.561277614581599 46
4.5284148372629485 45
4.525129633763948 48
4.4844282564286555 47
4.45301564713052 50
4.444819946873295 49
4.411002176685397 47
4.392067673621695 51
4.380622103988567 49
4.346152289681776 47
4.331726078312185 50
4.311733558523006 49
4.302067559657377 47
4.276954636127919 53
4.239284684157075 51
4.213688244763881 56
4.203049683492686 51
4.176244962841725 52
4.1510187538304715 54
4.147458938682001 52
4.129559064952068 54
4.11306036658763 57
4.094223672197633 52
4.077385940642116 53
4.07049466675922 56
4.046934179482988 53
4.037441593677632 53
4.010399567848452 57
4.005025219393942 55
3.9789176036522464 56
3.964157408922234 57
3.93990369107424 55
3.9276162591164465 55
3.9268869022616757 59
3.9063710470887076 56
3.8924780293719343 56
3.8648074961537677 59
3.8586108654969666 56
3.8453976254115467 57
3.830439247355115 60
3.82109795263451 56
3.8124527186631285 56
3.7900436754168427 63
3.7779540061159427 57
3.7664105287896184 57
3.751641907042354 62
3.7472671772989345 56
3.7218179324249 58
3.7118960165708206 60
3.699280179179105 57
3.6922892565537024 59
3.66202885788189 59
3.6459953225830968 59
3.6374775044254797 63
3.6119025840744152 61
3.6126003829959177 61
3.588912726028112 67
3.5870689830353806 60
3.559869753940477 64
3.554105558416527 67
3.5416277069723985 64
3.5265311609416865 62
3.512459164697348 68
3.5024749868375715 63
3.491279723609388 65
3.470656380783843 69
3.4638751738279967 66
3.4449663750734985 72
3.4263230028167526 69
3.418129927288136 69
3.400773822312175 73
3.401859832098882 68
3.3881424595140466 73
3.3658902314432573 70
3.3463751794166963 72
3.333377967603694 75
3.3227849353559265 74
3.3109910885714613 73
3.294799472081551 78
3.2818578829813645 72
3.263346722338244 73
3.2545609826701494 79
3.2299407097859443 74
3.2042310334424973 78
3.1939395113605262 81
3.1653557675631907 75
3.1542742838174935 81
3.1269015544474628 81
3.1236196879432 79
3.0939633779334796 80
3.0761948943300137 85
3.0605453216136462 79
3.030263097280403 82
3.018306891801282 88
2.985460626086326 82
2.9706826509032704 86
2.9558525759910728 87
2.926854407572578 83
2.913741594242462 88
2.9056768005006846 90
2.8719855423370815 84
2.8662054725155484 90
2.8373561155874505 93
2.8189841140602194 88
2.8029312229369676 92
2.786329202672231 98
2.7512946032955994 92
2.7465287722093015 96
2.708687075050789 98
2.69953721228509 94
2.6626755972408818 99
2.652093272265986 106
2.5984146142496862 106
2.5895636615906086 106
2.5559414562522753 104
2.5470739870546644 108
2.521787102390953 110
2.498835689967197 107
2.4662553607293543 116
2.4585196969646455 117
2.42487757631667 110
2.4199411953962193 115
2.389172763922073 123
2.367469525866868 113
2.3561492605181527 120
2.316861021317134 117
2.2991050375089426 124
2.2780985939127345 123
2.2536340019382544 117
2.2443436857911867 125
2.2269967086119227 125
2.185429631549559 125
2.170232837826681 128
2.1344072265830514 119
2.1152446958675513 129
2.08803894429993 130
2.07270304734994 124
2.0506041979627425 133
2.033209917268899 134
1.9995595096253769 127
1.9577288762867122 140
1.9485805550211124 130
1.9111249388276 142
1.9076362034210546 143
1.8735465693162854 136
1.86871991163533 148
1.828118510629907 144
1.8233787993426107 139
1.7905592567281616 149
1.7850408615399904 150
1.7490575642236748 144
1.7422929909754281 155
1.714712185573824 155
1.6991814112177552 148
1.6735283730003199 162
1.6653304077366688 163
1.6384205256893998 157
1.6366862846790313 172
1.6084051029170454 169
1.6059788639377899 167
1.581409274523648 179
1.5718454462882385 177
1.5530309253758525 170
1.5430276816003325 181
1.5185729332995421 170
1.4981998379555612 180
1.4942191120754567 179
1.4781008567536371 166
1.467604934843392 179
1.4479492725805867 178
1.4405009894066136 171
1.428182485620554 181
1.4108465883252885 181
1.407107801111307 175
1.3952685274375405 183
1.3884319859279972 183
1.3699528298379624 175
1.361466626303338 186
1.344663328789067 182
1.321139907066035 180
1.3096732609728166 187
1.3018611336567403 184
1.2764812863127528 190
1.2657813840409597 185
1.2511906858383903 179
1.23977681514407 191
1.2264824897056747 188
1.2079344204069906 184
1.2016601069051902 199
1.195829513343987 194
1.1822025133758434 191
1.1779989714193628 205
1.1643840549443079 200
1.1621759704755659 197
1.156791089034959 211
1.1528829897395256 208
1.143160544447971 219
1.139234501001584 213
1.1345074691095764 206
1.1312163844588596 222
1.1298804881796531 217
1.1255839731448414 209
1.1250187755290946 227
1.123842237468759 220
1.1230686352116437 213
1.12055473417608 232
1.1196736699726908 222
1.1179409570726564 216
1.1142234874166161 232
1.1148003924387417 220
1.1121755593958467 211
1.1104293372281222 226
1.1079709356763923 217
1.1063098946524388 211
1.1054695715289973 226
1.103309161830577 221
1.10637887944449 213
1.1021105591367428 229
1.102831818264799 216
1.101232586469098 211
1.0994290226923182 230
1.0987556784862393 218
1.0970616556081783 215
1.0929852597597607 232
1.0899684581642988 219
1.0886420627863795 215
1.086252704783054 228
1.0784581519993786 219
1.0741095722792888 215
1.070990042956063 233
1.067869535035539 219
1.063442104616616 216
1.0537654117276143 218
1.0501264762766342 218
1.048098387204212 234
1.0420411178442919 219
1.0399698806050552 217
1.0353436523410136 233
1.0304255535136788 219
1.0245633044810183 215
1.0210136696572925 229
1.0153449538567556 216
1.0133374449270909 213
1.0062422972366665 226
1.0011066062090586 215
0.9949071848945058 212
0.9930527902447477 224
0.9829242690177693 210
0.9760675368252572 212
0.9754809828892609 225
0.9692282263016233 209
0.9661825579997796 209
0.9547853971611145 224
0.9526358781376203 207
0.9422525340521712 208
0.9369625418692786 227
0.9307685848001066 209
0.9279029933485307 209
0.9190977271214867 225
0.9150702357767749 208
0.9087419898017894 212
0.9057562433019655 228
0.8998337587208499 213
0.8965374403034886 219
0.8962886009986578 236
0.8948800912932169 217
0.8921730113003413 222
0.8926295745612616 240
0.8928439407881893 223
0.8929047827250679 225
0.8945144700160499 245
0.8958665204562691 222
0.8985888081009339 228
0.901181010773254 240
0.9041554729648582 222
0.9068187800257176 224
0.9079029161728022 240
0.9135528146773985 218
0.9166762780223827 223
0.9208206386828124 237
0.9252877001224329 219
0.930673169804575 219
0.9341317065728413 232
0.9402269180598016 213
0.9481525217761211 215
0.9531529104086911 225
0.9571920206815984 206
0.9663073091730291 207
0.9704726682557079 221
0.9804454133881471 202
0.991402313226231 205
0.9955780859310477 215
1.0022358886270657 197
1.0151670680456109 197
1.0200766882727472 212
1.032438247282658 196
1.0430794626312225 202
1.0491508218910583 211
1.0574796906153074 195
1.064766611239863 200
1.0833579285570993 213
1.083507685956193 198
1.0934174296570651 206
1.1039837945240587 212
1.111552647689959 199
1.1272622671049655 203
1.1311508085875734 213
1.1428047783431003 194
1.1501810266830739 200
1.1589706825273332 207
1.1715198330736727 192
1.1798740780888999 195
1.1987819527420096 202
1.2049557142811573 184
1.214851988239559 188
1.2315478284174226 195
1.2378236176573412 182
1.2567535853885876 183
1.268767092752851 188
1.2806294055332763 175
1.2899563413751576 178
1.3161972009003153 182
1.326395212442908 170
1.342133657573382 173
1.3559973499579352 178
1.3662963204623622 167
1.380516719580315 169
1.4080807516642266 177
1.4099334927345868 162
1.4319021604659399 170
1.4413798939903348 174
1.4650442913149684 160
1.4722569597480244 165
1.4841395680281635 166
1.4937298398477827 156
1.521952081931997 165
1.5253155735341803 168
1.5457354190809294 155
1.5506722672148927 159
1.5768206500648636 164
1.5891282487182028 153
1.6089500510690609 159
1.6197676609467888 162
1.6333763439232947 150
1.6471495526331505 155
1.6759327759368676 160
1.6873267899741313 148
1.711062188468087 154
1.7252644130212413 158
1.7476115604083056 148
1.7506591998696779 153
1.776276941423382 155
1.7807315003706699 143
1.814644532310708 148
1.818192998129184 152
1.8448729997246096 141
1.8735497056767048 146
1.8731575289851494 148
1.887963603923634 136
1.9040629653307175 142
1.914668544951527 147
1.9368123924612255 134
1.950796536008266 141
1.9686063024440075 144
1.9907933631837471 132
2.0031915629999015 140
2.022556533505984 143
2.038505485585007 131
2.055578451324024 139
2.069262639949234 136
2.0927684281658565 130
2.1104977033353225 139
2.1305520939263407 136
2.1381473825639365 131
2.162754757442132 136
2.171866461558026 136
2.195925616298714 127
2.2022696430540742 134
2.2376856722872818 136
2.238688557464227 130
2.2594079278175943 133
2.2742805347180077 133
2.294761803687268 124
2.3161210508438224 133
2.3171963009958314 136
2.34194742775611 125
2.3866502219626162 125
2.409017272531213 130
2.4208760517001604 134
2.4419461489026455 122
2.4491293425080647 130
2.4716202227569335 130
2.482349749194414 122
2.5070024157536737 129
2.5248763591615044 130
2.5377609927491895 119
2.5530309858395994 131
2.571607374210716 128
2.5980197755635634 117
2.613352890259356 126
2.6231674113426613 124
2.6523450669740964 114
2.6577747261672235 122
2.6816614540135126 120
2.6921705929302115 113
2.71832021212015 117
2.739503712631639 117
2.7449671971255207 110
2.7680055885382564 115
2.7848580858634056 112
2.7979668775397206 106
2.8010398132599588 110
2.828705008239887 107
2.8356852081472534 104
2.855868075003002 110
2.8666906719135703 108
2.8821006585109727 100
2.9076706605405356 104
2.9111943138468095 105
2.9192927739527974 99
2.937312164552225 102
2.9525352910844385 102
2.9783021859909513 95
2.978449344142936 100
2.996498022841221 100
3.0150963608073638 94
3.024653095529028 100
3.0425990238940135 99
3.0453766311365174 94
3.0591355426149756 100
3.0646339048876534 98
3.0820933608483303 89
3.093828851653588 95
3.1034156792528176 93
3.1093275312592614 88
3.1174545180732953 92
3.119547699373462 92
3.129210900314672 87
3.1308585937874445 89
3.136436661163514 88
3.1412252525737614 82
3.142013664672572 90
3.1447796153143983 87
3.14726851670705 83
3.14813561303748 88
3.1504617038306413 87
3.1518910042469184 81
3.1527385675323694 86
3.1530695952037995 86
3.1535938578253173 82
3.1543874167060317 86
3.1547380865050627 86
3.155211288032227 81
3.1545938734104295 84
3.1541555019865695 84
3.1512294745971525 88
3.152525293985599 86
3.150300038419445 82
3.1494651561226985 87
3.1486169633462318 86
3.148613385407265 82
3.148150937384731 86
3.1477154485707164 85
3.1459855285118405 82
3.1470272528344374 88
3.1470138629548363 82
3.146668409991712 81
3.1448343265713468 86
3.1462353829051555 84
3.146035628449278 80
3.1443658772696055 87
3.1456187214107767 82
3.1439440454129417 82
3.1451961848774523 86
3.144808924033443 84
3.1449517117052794 81
3.1446034905882443 85
3.144449065258234 82
3.1446779700137113 79
3.14478467784454 85
3.1448211613906554 84
3.145152131981366 80
3.143335895415176 87
3.1447697745722465 83
3.144914078679337 78
3.1449623639721134 84
3.1428740318926254 80
3.1444441836754904 77
3.143844509028678 86
3.1431611285533085 83
3.143258858740174 77
3.1424713965522986 85
3.1408564940407624 76
3.140706994532095 81
3.139744742190712 81
3.1377204763409776 76
3.135590580160603 82
3.1338307897823157 81
3.1335584373122534 76
3.129093998009311 81
3.1285705244768787 80
3.125045280565027 76
3.1231037676927365 80
3.119444718795809 76
3.1193663074730265 77
3.117455321108748 81
3.1155524467843265 77
3.1133666311782915 74
3.1121516442465533 79
3.109001078907968 77
3.106979201960099 73
3.1077608599844604 78
3.1066733355354472 74
3.103932474415281 72
3.1055903140861347 77
3.104080890604347 73
3.1035382028219156 69
3.102738017943704 74
3.102370600916819 74
3.1020277632982514 70
3.102188400370934 75
3.100924877149118 68
3.1040178361406494 68
3.1052707556325 70
3.1063751427779076 64
3.1089154557555516 63
3.1147165793885008 66
3.1156927991080274 62
3.1200417483859813 58
3.1222287445069092 63
3.1290610168379827 60
3.1357622918031796 56
3.1364940705003335 59
3.143135208446291 57
3.1458029294581205 53
3.153745225951241 55
3.1580742616677817 51
3.1656036543291433 51
3.1672156636425712 51
3.1729658707428756 48
3.178074107970904 46
3.180466011822037 48
3.182270991294907 46
3.1869844757033334 43
3.1902915226319126 47
3.19252443007219 43
3.193972837393909 40
3.1961152474441326 45
3.197252829965507 42
3.1988204775813913 39
3.2000297445764088 44
3.201051715471941 39
3.2018630615026593 39
3.2018972524183655 39
3.2013582014738833 36
3.2006758895964875 35
3.1999177274657864 39
3.198659562745384 39
3.1959392797193242 34
3.1942879443298615 37
3.1899513293447113 35
3.1868228433905252 34
3.1847311458631653 32
3.1839950677465807 31
3.1804993220084454 29
3.1798397333268094 31
3.1771474742386854 32
3.1773219140614795 29
3.1738146559642177 31
3.171720735398576 27
3.1694452046248336 27
3.16946308296868 32
3.1685072830079912 27
3.167391485617576 26
3.167319927871595 30
3.1668454330532523 26
3.164807320142368 26
3.165650820647575 28
3.1653783817147274 25
3.163466602922138 24
3.1650225085022496 24
3.1653535184932755 21
3.1655547715200103 22
3.167568214421503 27
3.168103793842936 23
3.1727456917679433 20
3.1763972138205068 23
3.181519610180532 21
3.185905601196847 18
3.191442013480661 21
3.198969593410651 20
3.2020503596067207 21
3.2076625662081364 25
3.2201517801125417 19
3.2259559557888573 18
3.2329738982654095 19
3.2437923608516024 19
3.2480456946506497 14
3.2517616785943497 13
3.2591238989365707 15
3.2600772261893365 10
3.261411994418646 15
3.2633885452323015 17
3.2635789793873973 12
3.264545897552353 19
3.2633578185966226 17
3.2649855640118024 16
3.265041750059158 13
3.264893322992748 14
3.2631853994030298 12
3.2635324324604635 10
3.2637842822221526 11
3.2628945606457576 14
3.262447942741003 14
3.2622579161200225 16
3.2616185038227883 9
3.2606700463106906 14
3.2598421064222047 13
3.2558475496593 12
3.2562885343100243 10
3.2543414269607953 13
3.252926355649263 10
3.251085135998265 8
3.250870591754131 11
3.2507298919988092 8
3.251595950624024 10
3.2527042539376563 12
3.254017968073681 9
3.2555149567337662 8
3.2575178008773737 15
3.261723640644908 12
3.2615631636225295 9
3.2661567675836367 10
3.270378893215318 8
3.2751757815446725 7
3.2763574448336685 8
3.284204432503592 8
3.2887688575962533 10
3.297763545188858 9
3.3013901646573522 8
3.3064739943142887 8
3.3129070659955455 9
3.3279370688391356 11
3.3441718936638085 8
3.359601346044702 9
3.366147664317974 8
3.375589471760236 10
3.3802106223886037 8
3.3859130141285934 8
3.3976605655236054 7
3.3983258984982623 9
3.40370121490373 10
3.4066279916976097 7
3.412916995886284 10
3.4169875180408753 7
3.4234681070702155 10
3.4291559484112635 8
3.4316269514129143 8
3.436051797396566 7
3.4401522121595085 7
3.4451988962453695 7
3.4470226642937556 7
3.452635910717796 8
3.462707137705951 7
3.463564225073632 7
3.4705019319595936 8
3.4708506216884665 7
3.4748165752294726 8
3.4779544759014613 7
3.479843325484377 6
3.4808784722562014 6
3.48226994532521 7
3.4831906234184022 6
3.4829804488847524 6
3.4815924919553733 7
3.482720265087748 7
3.4820236910139237 7
3.4807391759981017 7
3.4798769158419094 7
3.476350992601899 7
3.4760493473568945 7
3.473043566821249 6
3.470936788628533 7
3.4674671818208074 7
3.465823952648775 8
3.460314766490382 8
3.4557352468974045 12
3.4547927430558394 8
3.4496162004944653 9
3.4425346479300565 8
3.4420683831797376 7
3.437823302635928 8
3.4328192591749667 8
3.4272113221402876 9
3.419802628582646 9
3.4162084849795558 8
3.411673341568147 10
3.4079710379926103 9
3.401614848049987 9
3.3959048474185587 8
3.388567741667327 9
3.382483419651497 8
3.3756794926700495 8
3.3696042875427756 8
3.3619647040182468 13
3.3583410345121822 12
3.346593079226004 11
3.3425218549965843 12
3.330543745029415 12
3.3280057562220127 14
3.3123575679276605 14
3.3100372408659364 10
3.3009829936527852 13
3.296971685084855 14
3.278291146910127 12
3.2753546916309273 16
3.2672489706567425 15
3.2546493686318922 17
3.2486585162124424 14
3.237324558200953 15
3.237089552260281 13
3.226336547592734 11
3.213212230650164 14
3.210014794473404 13
3.2048676455008773 17
3.1998757419522996 20
3.1918964977511055 17
3.1810640372204686 16
3.18062043917011 19
3.1777548817133794 16
3.170309036196871 17
3.166082987838268 18
3.1600120127679103 19
3.1559668651427497 15
3.1552921980301596 21
3.1513136747647548 20
3.150792371489737 21
3.1479754565347715 22
3.1467843666100106 20
3.1436647268547704 20
3.145354993944359 22
3.145493700515571 21
3.1448222007498323 21
3.146538946670402 25
3.1494257120784894 22
3.1513629822668987 24
3.1537100518360646 26
3.1557613351147635 25
3.1574883843648047 24
3.161453441785338 27
3.164807708584624 26
3.164900509690523 28
3.1695405947835225 27
3.168047498108533 26
3.168093756630069 28
3.169412435147652 28
3.168796909546329 28
3.1683994980704036 31
3.1676150324263146 33
3.166352357422322 35
3.164460292234825 33
3.1624135670018 34
3.1582607465105044 34
3.157530249322306 36
3.1551431186237795 40
3.1545328258235736 36
3.1529358539575654 41
3.1525503680133875 39
3.150715933342808 39
3.1479572596045178 39
3.148160038392604 45
3.1447119529000895 43
3.141625773497821 45
3.140623848028795 50
3.13598494746937 45
3.1352144424457813 48
3.136314223161444 49
3.133592582269256 49
3.1272978930980138 51
3.1269289180685593 55
3.120285458572105 54
3.1210816505506283 54
3.117593623934552 61
3.117643767515614 54
3.1165756971453287 59
3.1155689908595656 64
3.1136715603209586 63
3.1132059505657574 64
3.1128636709275757 67
3.113807007011774 65
3.11360988937293 68
3.1165454306406764 73
3.119373037302629 69
3.1201302122753707 73
3.1234245329488943 79
3.127268384182627 75
3.1283107835829704 77
3.1328910152483176 81
3.1365276411823784 81
3.1403280638965896 82
3.14247086678324 86
3.1488584142312086 81
3.148108164020256 83
3.153088679995542 89
3.1500975816150607 83
3.1518186996143394 87
3.1523700349127477 93
3.1558185753055192 84
3.1566869989656943 89
3.156943842229195 92
3.157644838268933 84
3.1578181725175067 87
3.1593322585962587 92
3.1588732818851426 87
3.158950464167925 86
3.156887177991344 89
3.1568504480619137 83
3.155503603825339 83
3.1543322697623526 90
3.149892492724624 79
3.149205964854225 81
3.144472415836595 86
3.1418737384350552 79
3.141618283458024 79
3.14013881748699 82
3.1393063323134593 75
3.1392997466250914 75
3.1394258805346364 77
3.1402961052598193 71
3.141531152856727 72
3.1423399493536146 75
3.145748339051472 68
3.1480325224856314 68
3.1500597228773417 70
3.1527195473057854 65
3.156267589267759 64
3.1604646072255718 66
3.1702114028084414 60
3.1714871090115095 59
3.175405189954393 60
3.1852557265890353 56
3.1925559384156967 57
3.204234533754111 58
3.2096202651497627 53
3.22637987825831 52
3.2289806489858597 52
3.2434550543961347 49
3.2507511932643576 49
3.2654184398621937 50
3.267861600654091 43
3.2864375756761928 44
3.2870995264426464 46
3.300562867522556 37
3.3028669232825822 41
3.3132585802847614 40
3.3183730834172156 37
3.3211064858217276 38
3.3297646982423483 39
3.3365401540536945 37
3.3376071707267156 36
3.340990405241658 39
3.3420452485654843 33
3.3420622285179076 34
3.3418102561401506 38
3.3404441725390144 31
3.3380359573152525 33
3.337426386246255 36
3.334295075214389 30
3.329734491535738 31
3.3231425378786934 32
3.3179002449036226 30
3.311399686931338 29
3.3063695487293736 33
3.2980224569991217 26
3.292055802786874 30
3.276111869580222 33
3.267088673249839 29
3.255326719576464 31
3.253345792184814 28
3.2409593694144747 28
3.227028610058721 28
3.2205766752065137 31
3.1994655271747257 27
3.1823998809070098 29
3.178992583615381 27
3.1601606635073995 28
3.1571545021099943 29
3.145871612632274 25
3.1378607556487568 27
3.1142753604017326 28
3.1067089978162477 26
3.101961957771984 26
3.0893865042202067 28
3.082244057876112 26
3.0686585343372466 24
3.0556409341565436 27
3.0408454698884224 24
3.036529446253753 27
3.0126610327170975 29
2.9991663162522735 26
2.984390487521586 26
2.9826196933773637 27
2.9617707654255754 27
2.9435089271088812 26
2.9377624659300543 31
2.9106585846549518 28
2.9088013890668276 24
2.886043871335277 27
2.878532912204793 25
2.8725662947811395 29
2.857978023875134 28
2.8506602999134376 26
2.8319802704309387 28
2.8228308679808616 31
2.8073803564379403 26
2.7976312451108796 27
2.780421876253632 29
2.7804588037462663 28
2.7571981703265354 28
2.7403029737753766 33
2.7245072605249545 28
2.7026265822184175 32
2.6949519159877235 29
2.676238601089086 27
2.6755810627262604 33
2.658315041431719 29
2.6484606922002496 31
2.633105792175134 34
2.624499306801893 31
2.606495360457814 33
2.596068675813605 35
2.5900990766480967 32
2.5771288829366727 33
2.5499762363823444 35
2.5388962014029364 34
2.533757468366652 39
2.5206167175743346 35
2.5097813559395097 36
2.506155254691171 40
2.4889178830822334 40
2.4810210922099833 41
2.478278744146897 43
2.465137886773946 41
2.458959240346666 44
2.453655655007478 46
2.444353392494394 43
2.4292099282612054 44
2.426975517850009 46
2.420018289278363 44
2.4107858851623205 45
2.3971821382166185 47
2.3954631859596525 45
2.3807867285333004 46
2.3803718953853354 49
2.368447267065334 48
2.3666577812733403 52
2.3536676391310203 51
2.350662637455152 50
2.3391049333599714 51
2.3390993901787827 54
2.335948741134674 51
2.33119941978868 53
2.326482162100734 53
2.3209035320693716 53
2.3173503349109743 53
2.313514097732837 58
2.3111534547416515 54
2.309826572953413 58
2.3088792234694484 61
2.310237164331186 58
2.3105256292225094 60
2.3120495208807537 61
2.31432830232593 60
2.3177387423044014 62
2.319586849763277 65
2.3225216881096324 59
2.328635869636861 60
2.332287651599377 66
2.3411270183731694 59
2.34152515375884 64
2.352266551914008 68
2.357389277036759 61
2.366088021820716 64
2.369833277275347 67
2.3800972599901598 62
2.383620738343823 63
2.395634784578223 70
2.3994730062959357 61
2.403832781627953 67
2.412252027091909 70
2.417099131378861 63
2.4243887849189103 66
2.4309370724459325 68
2.4354628891031656 65
2.444061436802659 65
2.4462066377617844 72
2.453020194499802 65
2.4577135637300347 64
2.461204745015957 70
2.4673268358194016 66
2.4728232518698103 66
2.4778688635530117 68
2.483581185419846 66
2.487519855233947 67
2.4919581377915367 70
2.4957664429421773 67
2.5001140515643385 72
2.5032497964080616 73
2.509133890376829 67
2.5098989452048075 71
2.5173810862582666 73
2.5175741285295774 71
2.5286325269846337 71
2.5325623328315343 76
2.5399958722744187 73
2.544542931102505 72
2.554739023971289 79
2.5592342510111377 71
2.5666010656447664 73
2.567430296641774 75
2.5756832658103455 70
2.579129527786584 71
2.5802574306590915 74
2.5928332793946303 68
2.593588099362427 70
2.5987188837946085 72
2.605413431057102 67
2.608256630438872 73
2.6177932648856332 65
2.6199586224766436 68
2.6227489279685545 69
2.627832621070641 64
2.632286910199849 67
2.6344035900714746 70
2.6376142150368853 64
2.6450759811837323 63
2.653010603985862 67
2.663719923822759 63
2.6673298065402533 63
2.6800219435173447 63
2.6972099771857017 60
2.704208470840416 61
2.712882068583803 59
2.7175698545395024 58
2.7267920378421704 57
2.7354639174705158 56
2.7404684617514805 53
2.7501486771339914 55
2.758905299785039 51
2.772747574342007 51
2.7789722137362793 50
2.785633605576929 47
2.787878900033555 46
2.794829177514036 49
2.8000094898283945 45
2.8043272946655304 44
2.8082076995501923 45
2.813961258684077 42
2.8167655137403362 40
2.8188457715901825 43
2.821768889846477 38
2.8206164680161327 37
2.8222931264538516 39
2.8206645290654677 36
2.819909060087143 37
2.8166226997945665 38
2.815519340221097 33
2.8142841322439107 36
2.80458229581018 38
2.7989748697328687 32
2.7940939025308644 34
2.7835676774880667 33
2.78084777915147 28
2.7784848680340346 33
2.7718937174181706 31
2.7645274861004467 30
2.7617070984317578 31
2.7601634093439564 34
2.756767406259201 29
2.752740614213616 29
2.7493701563883715 30
2.744775379571475 29
2.741691998715756 26
2.7409429823151754 26
2.7377783222070455 27
2.7360312335318073 27
2.7319756174035805 26
2.730779352411961 24
2.730631878656415 26
2.729964109254269 27
2.728918039658503 21
2.728219672088305 25
2.7281633102270075 25
2.7269379765917217 23
2.7257261259508128 23
2.724626600232288 25
2.722082712889014 23
2.7179423056611056 25
2.7180011703016036 24
2.716597207989157 21
2.71428624891407 21
2.7115986000039176 23
2.7079841681731165 19
2.7074263257021354 19
2.6980006525911286 25
2.69715868699227 21
2.6907118434239465 19
2.683870375697414 22
2.6718121423272057 23
2.667773735295749 21
2.660221933514018 20
2.649446038438993 21
2.6404578784605897 20
2.63983605018927 17
2.625701705180903 20
2.610346308270636 20
2.6053390064257353 18
2.601317122663679 16
2.5900737760431216 18
2.574700369099766 17
2.5680572662699857 16
2.559516545598046 19
2.556900042028833 14
2.5521538048391936 15
2.542837125108618 14
2.5417363202058207 18
2.537256780442149 12
2.536424871226452 18
2.534810624639615 12
2.534878192396534 12
2.5351633890270526 12
2.537037881116475 15
2.539583624835074 12
2.541679820179046 16
2.54625251755736 13
2.547236608945386 10
2.5534128281231996 17
2.5548603380227983 12
2.560124998954111 12
2.5619238471319843 16
2.572787524642347 13
2.5745496407689825 13
2.584050528741682 12
2.5900271464895663 9
2.596454600071724 16
2.5978987367302286 12
2.609449901275076 12
2.608589280404923 12
2.6225774867203113 11
2.6244640632097815 12
2.638530571227789 9
2.6402952245960085 9
2.6506171050616425 9
2.663702472357325 14
2.6667397320408566 11
2.673920292250782 10
2.6779045211431916 13
2.6938812655197086 8
2.6945939664677456 9
2.704344173177494 10
2.715586449602486 9
2.723491421193497 8
2.729670767615354 8
2.7416085747205705 8
2.7477371390062517 8
2.7524347574468164 8
2.7567835662329165 8
2.7633087355857238 8
2.767761952274456 12
2.773618585042253 8
2.776071966073088 8
2.7824886934825765 8
2.785118155386561 8
2.791397199481985 8
2.794876847830582 9
2.799137590673245 10
2.802516818369247 11
2.8063574832924236 12
2.80870894438832 8
2.8155921687803924 8
2.8157080869024953 11
2.8205879730077448 8
2.8226867801492794 8
2.8263287069249343 9
2.8287776328070557 8
2.8308014800390935 11
2.8367462257728167 11
2.83757997483356 8
2.843733422233236 8
2.844974343924473 8
2.848873698362993 9
2.8469924391470793 8
2.8508348866668354 8
2.851837059475011 8
2.8506712406022126 11
2.8524957609734254 11
2.8519377080336636 8
2.851477424022059 8
2.8507333548312683 9
2.8484089782168347 10
2.849123788178905 8
2.838876748023866 9
2.8345714662808867 8
2.8271378258251656 10
2.8256675775407203 8
2.816520865216037 11
2.8132412233662514 8
2.809302705370365 8
2.802764812601198 8
2.7930078181175193 11
2.790691579344903 10
2.7784378873386295 9
2.7724431525220328 9
2.7591491647165767 11
2.752538420459769 9
2.746167895947083 9
2.7380547858692728 13
2.7310879481518064 11
2.718283162504068 11
2.714426246302821 14
2.707093981133097 9
2.701219388056173 10
2.695155895519225 13
2.688564474140578 11
2.686857471831855 10
2.6807945308587513 16
2.680528174586291 13
2.672848639942304 10
2.669873061958774 13
2.6639575468147285 13
2.660099645371494 17
2.6582243633724714 16
2.653160369482281 11
2.6530715523384316 12
2.648535856574094 11
2.645269129284505 11
2.6452315838650478 16
2.645169371642746 14
2.6446222146905014 16
2.6440563810167763 16
2.64211338852554 12
2.6437026134187884 14
2.6411460630428913 15
2.6401931261762424 15
2.641220654975342 13
2.6385935914731706 16
2.639912914745761 13
2.6391316394053232 15
2.6367521356017596 18
2.635439483453243 15
2.6352235887747346 17
2.6310780524723008 16
2.6300922597457563 18
2.6296028303193233 19
2.63030973703297 16
2.6298685449245958 14
2.6265533556469407 16
2.627997975367513 11
2.6269483470887742 17
2.626498845654317 20
2.6243608802769485 17
2.625297250444237 15
2.6244821895667605 19
2.621689106611328 16
2.620614374552272 17
2.620790903823738 20
2.6194610243422414 17
2.6185229676502595 16
2.6176755161140215 19
2.6173011460034297 13
2.617488141897332 16
2.617479102940303 22
2.6179661793870745 15
2.6183568526423726 20
2.618075495092885 19
2.6184131336247676 15
2.62190658398653 18
2.6236948090354 19
2.628225736946368 16
2.6306176737826785 16
2.6354740778587895 16
2.637880802156627 17
2.6415980840167164 19
2.64410204143097 19
2.6494957403785846 16
2.653028539022142 13
2.6581290694102395 17
2.6612783377956593 14
2.6674991292204764 18
2.67025992156764 19
2.673214796897175 17
2.6764972259533413 17
2.6776926933245395 20
2.6793974956670117 15
2.6798631780240383 15
2.680232038802935 15
2.6800779240489 15
2.6806005014272953 13
2.6823728874820625 17
2.682020013842828 16
2.6790505919051366 16
2.675590739689959 17
2.672983325811496 13
2.6674852567725935 18
2.664366371934871 18
2.6620036959568427 19
2.659623131721061 16
2.648635023062148 18
2.6480212336046676 17
2.645677638181026 17
2.6377631638579766 25
2.6342179247766313 16
2.6244891426332018 16
2.6232443992092596 20
2.61722544377765 16
2.6123229575579434 16
2.6116769744892117 18
2.6058914422209805 19
2.6047491939050786 18
2.601083968244411 19
2.6011692411399303 15
2.5985977087454053 18
2.600162075640562 20
2.601013811323794 17
2.5998926708855588 17
2.6033758163520067 20
2.6047561669150867 17
2.6128799675725425 19
2.6175400987498723 12
2.6203238051101443 15
2.6286324001762305 17
2.6305367690139594 15
2.6432141350797678 15
2.6467147134684548 18
2.65340725477994 17
2.6599173983148217 17
2.6626029416709818 19
2.671842014857378 13
2.6782446807217406 15
2.686502586817146 19
2.6945508525088258 12
2.699668032431915 16
2.7161316675057154 20
2.718261620118231 11
2.731782022386536 12
2.7390307623553958 18
2.7512980989562363 16
2.7605841367824993 17
2.7655027515796315 15
2.7698148591991623 13
2.7807491390832384 19
2.7877889173674624 16
2.7943439938348864 14
2.8021222940822437 14
2.82091966410929 16
2.829691686577648 15
2.8451015075684847 11
2.8500541896206095 12
2.867542457306139 16
2.8727434365379367 13
2.8803715167619774 9
2.897279947558147 17
2.9137649128865974 15
2.915615290885059 13
2.93142513415271 13
2.9333831783896707 14
2.9446881079425453 13
2.9546570649451898 16
2.9664077130714723 12
2.9735548941510346 14
2.9814936218441126 12
2.993137954069229 14
3.0007576965340084 13
3.014785876212475 14
3.018356076021024 12
3.0302203416609372 15
3.0421923287145582 17
3.0481163959813213 14
3.0486833409510945 12
3.061358045287375 15
3.064873625863217 13
3.0716956274971836 12
3.0735391149808033 16
3.0827191778653984 14
3.090363397931439 15
3.0984777320925043 13
3.099882290326086 13
3.1064007826006543 14
3.115934510828679 16
3.1228109559210253 17
3.123063156819054 17
3.1304841181634457 16
3.1352306775459233 14
3.1450913299691745 16
3.1459016998151816 19
3.150980794198302 16
3.154878463220031 17
3.1602823276554735 17
3.164261212119866 15
3.1679013317719757 18
3.173217306858516 21
3.1782821747242918 18
3.18343216981943 13
3.1876658932959616 19
3.19231017140197 17
3.1984544379296365 19
3.204241776224621 19
3.2088671636383204 12
3.214155928776866 20
3.2243916747180412 18
3.233645832243391 17
3.236523618390843 19
3.2430904105556992 18
3.2487823602468766 20
3.256033386409987 17
3.2666169231623687 16
3.2709782676965657 21
3.282237580379969 18
3.2862737272927633 18
3.292958332173201 17
3.3008152655006975 18
3.3045114355714484 22
3.3140752719473494 17
3.317280502104265 20
3.323565131269159 21
3.328017875105129 22
3.3347069747567555 20
3.3426540488367174 22
3.3446972821690477 17
3.3508791011037338 21
3.3517167294657426 23
3.3558708598082405 21
3.358078234381094 25
3.3590465758447716 23
3.3616364069754505 21
3.3630531606536946 25
3.3637833312051404 24
3.363790946935232 21
3.3630944851072684 20
3.3599519498915207 26
3.361755537596726 22
3.3606062551839795 26
3.352917880391857 26
3.3500879665325076 25
3.3435423296718034 26
3.338016235458596 31
3.3305232867804824 27
3.3247218589808063 28
3.3184301238639775 29
3.315322955684264 28
3.3102399664010576 31
3.3056118386574815 37
3.303781489308812 30
3.3002638687664456 34
3.2982211645321566 37
3.2983296880939315 32
3.298045685463858 35
3.2982634952375887 41
3.299046697237442 35
3.299228434850405 38
3.3015903836582843 43
3.3049298159071396 37
3.3073120787486054 40
3.3126135256298688 44
3.3132672560255916 39
3.320733386168946 41
3.3215292656973947 44
3.323876624102176 40
3.331953811587405 39
3.336022940562499 44
3.3431869407716253 39
3.34546373824795 40
3.3548289895642958 44
3.35515492708019 41
3.3684719718130416 42
3.371360355137117 45
3.3817806135228956 40
3.3852302568321164 42
3.391261696346648 44
3.3972789335892872 40
3.4086108720351898 41
3.412540918772254 45
3.4145367215170883 40
3.4225604426751794 41
3.430374253287033 44
3.4346363404008007 41
3.4421645897224304 43
3.446863487106 43
3.451050030177903 40
3.461922639067918 44
3.4655330177742583 42
3.471707336018213 40
3.473462453761382 43
3.4770914154319303 39
3.480793617660208 40
3.4843380185641633 41
3.4851270024120873 39
3.4853000924643402 39
3.4832661938410197 42
3.4839412718252696 38
3.482263589695277 39
3.4809111588206987 41
3.4755257632714307 42
3.473540553972882 38
3.4660174487388318 46
3.46412962883868 40
3.45527939801042 42
3.451278644935808 48
3.442996972532679 41
3.4409337955556913 43
3.4329973752056073 48
3.428740702892559 40
3.4245488509632556 46
3.4168698643213262 50
3.407350552561691 47
3.401686910157381 49
3.3901659106102895 55
3.3870364134593096 47
3.3836865735787724 52
3.3768910805083925 55
3.3721574965735153 52
3.368916213897647 52
3.362980671198153 54
3.358104658182869 50
3.3540981839041297 54
3.347869429894918 58
3.344435412514101 52
3.340210035783423 56
3.339084650210095 58
3.3352832901586784 57
3.3333649636963343 58
3.331552919699689 59
3.329542254640182 53
3.3277399364246674 54
3.326253102215355 59
3.325339932171838 55
3.323206749322482 57
3.3246101380721926 60
3.323994766166656 54
3.3227771466240457 57
3.322293293068076 60
3.3198931356836128 54
3.3185177026859614 58
3.3171939317334864 59
3.3164346701427023 56
3.3163281363647465 55
3.31584328759571 59
3.315948125122346 53
3.314400344965681 59
3.3162624301634103 56
3.31548019999491 55
3.3190256234924345 55
3.319873743959428 57
3.31959428524557 51
3.324556993454387 52
3.325477095485788 55
3.328336207253811 52
3.3347156527238098 50
3.336663232399617 54
3.3401328813199083 50
3.3448071809826487 52
3.3469546532193557 52
3.3513127372704643 48
3.357320010151382 49
3.3559649968867973 50
3.3604929365127814 47
3.361244556561372 50
3.363737097144026 50
3.3650046162785645 46
3.365495499966109 50
3.365385075692061 52
3.36756056184881 49
3.364638144156782 49
3.3640734398579784 52
3.363645374536935 47
3.36349065811625 51
3.362871296247478 55
3.3621699400509564 48
3.3618477662519 51
3.3603440352001996 52
3.360063226580223 50
3.3576537438538927 51
3.3584069225740496 52
3.3574227341113705 50
3.3566621282696634 53
3.3545497457652016 54
3.3553636380218173 53
3.354170565592725 53
3.3541829416277555 55
3.3537552943024846 53
3.352447830160276 57
3.352067383484132 58
3.3507221766593194 55
3.3497472093401695 57
3.348298541220709 59
3.3450081201997937 56
3.3444919786014653 58
3.3435122246353894 59
3.3431302569633794 54
3.3387330378938693 59
3.337976160894994 60
3.338352482600987 57
3.336192738379267 55
3.3341786764894312 60
3.332191627961435 53
3.3294608916041972 56
3.325146570043762 59
3.325170013068016 54
3.323774522122324 56
3.321758799152599 60
3.3182803309727773 52
3.318865592671708 57
3.317541162187431 56
3.3172369044585475 55
3.3176897680894935 56
3.318559736299126 56
3.319704327423582 54
3.320550484479328 51
3.3228150228102216 55
3.3253601508676103 48
3.329004532260048 49
3.3300890599881168 50
3.3340732056550433 47
3.3371561351955523 48
3.3423311794322275 50
3.341842469534451 46
3.3490421106490262 49
3.351299402604524 50
3.354118461435306 44
3.358969869584013 46
3.3610875518953103 48
3.3638424783928467 45
3.366887185171127 46
3.3693159937827906 49
3.3726792041620763 42
3.376745763673705 45
3.3770726290724427 47
3.378599595034337 43
3.3793496459976136 48
3.3795028291269706 48
3.3793860516592833 44
3.3788050919238772 49
3.3787891633228737 51
3.3765788168388178 48
3.375853500897531 47
3.373192247360885 50
3.370104520092973 50
3.366556897838653 49
3.360768928711156 55
3.3597699053461096 48
3.3519944364690724 52
3.349470889451248 53
3.344028186295918 49
3.3380909649799047 50
3.336206982081217 54
3.3329082272242565 50
3.326500562772181 52
3.321633762850992 55
3.3147988047712436 52
3.3057492303274754 53
3.3029276528098483 53
3.2963192784420623 51
3.2873771156876783 56
3.2828082654386312 59
3.2690678032378986 52
3.2642436243735653 55
3.2577089212311146 58
3.249922301081274 55
3.2283733566549757 56
3.227041508772471 60
3.2166966221877553 57
3.1933289215526637 56
3.1887041451218345 62
3.1707862106766154 58
3.149474779353268 59
3.1283382913055036 62
3.1122427392337526 59
3.0819260141965383 63
3.07008328528824 63
3.0439150197482068 63
3.0201769401836898 64
3.008288161692883 65
2.9975626095032584 62
2.9732103396694436 65
2.9615686622686495 74
2.9329106372002163 68
2.91723558787393 69
2.9047621504501198 73
2.8821659444481846 71
2.863536575383199 73
2.8545619058011376 78
2.8398566031082444 73
2.8283674059387973 75
2.8214856968143724 80
2.8136803705466584 75
2.8062219206652994 80
2.7986347710353607 82
2.79532222210439 76
2.781837986422348 81
2.783017715609586 85
2.7673606343358275 79
2.768422674487446 82
2.758808329673194 86
2.7531895978739844 78
2.743560110485069 86
2.7361598711205946 86
2.7350721714085813 80
2.730681112711489 86
2.725942879733447 89
2.7242798713526764 82
2.717714365942172 86
2.715683004496401 87
2.712652522433228 83
2.7106248974648515 85
2.708147378469499 86
2.7064372770362644 79
2.7019038751777535 82
2.701099614641614 86
2.700530284211867 79
2.697313497047637 86
2.69596251812335 84
2.695156801543798 78
2.693712335331536 82
2.693036818670114 85
2.6926882137231463 79
2.6916494292299484 82
2.690854738659113 88
2.689635783707061 79
2.6884615641462375 86
2.6878258184152592 84
2.686807048471716 79
2.6865939570149973 84
2.6866027148266602 86
2.686865626436884 78
2.686719252580883 80
2.687087584542314 87
2.68714287349066 80
2.687323027537547 84
2.6871957565448232 87
2.687349422404167 81
2.6861070892778365 86
2.687738505260765 86
2.688507786351098 82
2.6892834951943207 83
2.6905642277102677 88
2.6906303937302147 80
2.691809148821967 83
2.6926429757781642 88
2.6955099245264296 82
2.69476142080867 84
2.6976020381131156 83
2.697535402060948 77
2.6969431361106886 81
2.698547673648887 86
2.695977335271466 77
2.6948714413624573 82
2.6964402524224442 86
2.6975116947322433 76
2.701381963842861 80
2.699511594534496 83
2.699872433557485 78
2.6998409670388654 83
2.6996263427061984 83
2.6993953135275794 78
2.6990425309473816 82
2.699534782469927 85
2.7003026724290757 79
2.7004283948851273 81
2.700644431382213 83
2.699387122232532 79
2.7005307085360553 81
2.700496220173835 84
2.700260724793339 79
2.702627636884018 84
2.700831350239781 83
2.7006567859368 76
2.7005401668481075 82
2.700840608223897 80
2.700973805877279 78
2.700931581466998 80
2.7010076100573137 82
2.700551353497748 77
2.6989792779001114 79
2.7011681681212076 75
2.701090155138326 79
2.701126195470082 81
2.701202557606358 76
2.7007832354224495 79
2.6991340272162194 84
2.7010674659296923 78
2.7010857799045467 81
2.7010017112409646 85
2.701020751079992 78
2.6996661077791932 80
2.7010268793347567 82
2.6993594127081395 77
2.699663941438762 79
2.6994158666463033 84
2.701108962383782 77
2.7010613691257963 79
2.699304784501334 81
2.69950643417748 77
2.70339406388477 81
2.700885349512798 82
2.703483298839848 77
2.7032069017978295 80
2.700997111974191 82
2.701126698165803 78
2.7009580856001603 80
2.7008416107296265 82
2.699317461151561 78
2.7014128774183126 81
2.699568620789996 81
2.7011008698220387 81
2.7010839423496 78
2.7032648450960997 80
2.701135364312295 75
2.7010780067225664 81
2.7009965617084326 84
2.7011792296870136 78
2.7009306218667306 81
2.7009633473432637 80
2.7011143397264283 76
2.701456595370584 80
