2.7013795753530427 84 0.9917507163869171
2.7009768225640083 80 0.9917551255910394
2.7011397504132426 78 0.9917385807881766
2.6997586589033284 75 0.9917632497700622
2.699471425135898 84 0.9917545005638688
2.7010643823290574 81 0.9917491476078873
2.701342250930716 78 0.9917459935833369
2.701309166802357 85 0.9917636053314229
2.6995171230774053 80 0.9917398307199936
2.701097082926083 81 0.9917589176917213
2.701244795290468 79 0.9917518592890245
2.701409923759925 78 0.9917226389324475
2.701415170105131 82 0.9917179283707643
2.701238044318363 83 0.9917406640046234
2.7008844511377332 84 0.9915914133403934
2.701551390861448 80 0.9917551248169836
2.7016068497536594 78 0.9916737636884447
2.7015982221283967 82 0.9916952202197584
2.701666991440303 81 0.9917231327696132
2.7017565349450603 78 0.9917181301329665
2.6998354601228933 85 0.9917579320026082
2.70095313306409 82 0.9917771013855413
2.6997625105923633 78 0.9915954355495323
2.7012093811296385 82 0.9915688176529429
2.7014867155451348 75 0.9916762985684303
2.7016181441566496 86 0.991713353697596
2.701633549444582 79 0.9917330344747829
2.6999448149896828 78 0.9917161850329458
2.7015306612088383 84 0.9915720452171212
2.703617101376638 81 0.9915561800102991
2.70120627568324 78 0.991423264746648
2.701275561417973 83 0.9915564711139425
2.699239035267915 84 0.9915114216620872
2.699405708876483 85 0.9913750409516652
2.701110494774074 78 0.991510055677551
2.701096317764337 83 0.9915253243519397
2.700751303667906 81 0.991559339592346
2.700725080709824 77 0.9915526048602509
2.7006613852012835 81 0.9915443962987996
2.6993732792655534 81 0.9915262488645448
2.700920735799384 82 0.9915024094531547
2.7009562635802045 78 0.991512187783003
2.7007096044268426 85 0.9915382857097089
2.69918639188035 79 0.9915310139279198
2.700894256387732 78 0.991548656850922
2.700839865389565 81 0.9915350660754891
2.700740047151359 82 0.9913948237943713
2.7008094464191217 77 0.9914100258375136
2.7005716638336192 81 0.9914028314128944
2.7005239394486367 81 0.9913872714142791
2.700707995872591 85 0.9913698252656921
2.700956736763025 81 0.9913830880865194
2.699104554642502 79 0.9913545768407217
2.7007736422721944 84 0.9913622229214684
2.7008624717388994 78 0.9913697456381457
2.700803568625187 83 0.991361188674262
2.7009793563133 78 0.9913621276991351
2.699528799948584 83 0.9913553018057535
2.7006583643540405 80 0.9913486511870493
2.70081930465028 84 0.991483534861295
2.701309290013842 81 0.991477669113947
2.7010617207888328 77 0.9914987642258063
2.701200498022576 81 0.991520655642354
2.701174454823408 81 0.9914926521938712
2.7016635535132036 85 0.9916672479524018
2.7015257077814168 79 0.9916840978785627
2.701189299892195 78 0.9917376304066899
2.7012658248470705 82 0.9917036654092519
2.7015521339780864 84 0.9916858894844068
2.701228850024084 80 0.991682753229752
2.701327323587957 81 0.9915607592450204
2.7012607238810795 77 0.9917344359933306
2.7008858819656365 82 0.9916195428690352
2.700696951001368 83 0.9914680953112841
2.699270961483887 76 0.9914308992196863
2.7005757390031935 80 0.9914153551078184
2.7002101249698005 79 0.9915288821008323
2.7005724835881533 85 0.9917284032737643
2.7002250737539155 82 0.9915593400060763
2.700391889483192 82 0.9916216509267456
2.70029706210928 79 0.9918352346849557
2.7000719844416325 81 0.9923260973452027
2.697570407534374 83 0.9926765721847906
2.6968164408538033 83 0.9928634336673285
2.6979122170473087 79 0.9931470651929025
2.6972698570361042 86 0.9931515768315697
2.6966507949080456 81 0.9934310230498857
2.696150068588266 78 0.993720319002831
2.6961567444243997 85 0.993804197499694
2.6963871991732096 78 0.9942498842019374
2.6966685608719847 84 0.9944009946371827
2.697187887340641 82 0.9945894600894476
2.6974138050304894 79 0.9949289281246978
2.6963530167174223 85 0.9950533848312162
2.6985003473273803 83 0.9953131405957477
2.6990151851087303 77 0.9953835210082752
2.7047169762887866 83 0.9956696517092265
2.7063337018852813 87 0.9951210045633543
2.7053613577356725 78 0.9947611875089719
2.705375218662109 84 0.9946443993864694
2.703339813233402 81 0.9944050888834207
2.704558797939117 85 0.9941757386900175
2.7042736137848262 83 0.9937554503580841
2.705299729536204 86 0.9934785816817693
2.707312823593163 83 0.9934183193323973
2.7112756074662077 82 0.993995985592994
2.715110461287332 89 0.9942109097016769
2.7196479804949485 88 0.9945470464864641
2.720673584172576 84 0.9948310855867988
2.7224514503748707 84 0.9950546825804424
2.724216814938902 91 0.9951717648371633
2.7256036933059637 86 0.9952989377103084
2.7289554231897877 88 0.9954560934249873
2.7319357852287784 84 0.9952985690976173
2.7332098299673038 90 0.9951462329873724
2.7388885043028672 88 0.994534633866899
2.7456611549223466 84 0.9940194845001846
2.7453219240806384 88 0.9938909270058653
2.7515953991137843 88 0.9936895779293059
2.7552078836768397 92 0.9934387642423698
2.7614573877073934 90 0.9931216733823759
2.7672698998664456 90 0.9924962680696675
2.7688821378820236 89 0.9924715522038188
2.780275578714906 91 0.9915220315222604
2.790796700070546 91 0.9911290056059869
2.80494848788979 91 0.9906111317133653
2.80865260486284 88 0.9905339880342686
2.834870716548148 90 0.9903021865365932
2.839804735463745 95 0.9904411326498223
2.869977504600901 100 0.9906427064791113
2.8822548972122544 97 0.9899471448427775
2.90602115911069 94 0.988949768767364
2.9165038511908046 93 0.98841751206725
2.9252401555660446 95 0.987864386114281
2.9401888438044947 91 0.9866857072226509
2.949193193814219 95 0.9860589809034174
2.962151471594008 93 0.98519493801771
2.966264486094155 86 0.9847626253578786
2.9733361131951592 94 0.9843046313980442
2.9809291552856134 94 0.9838231605953617
2.9847467474517497 86 0.983420618850391
2.99108987940743 95 0.982897115920684
2.9974539101348303 92 0.9823595282694698
3.0041767083986772 92 0.9813439920501353
3.011606794479583 85 0.9804458410193493
3.0129553466878938 94 0.9801594462578174
3.016531215191221 84 0.9792649013691791
3.019256983590344 95 0.9784263942185213
3.0196763633707433 90 0.9780570671001831
3.0203603360826583 87 0.9773025126869076
3.0201426083430873 91 0.975850473447539
3.0223807179704667 87 0.9748505186892222
3.022940603308026 91 0.9733938175088003
3.027555204529694 89 0.9689231128210873
3.035689641772915 89 0.9660148719852275
3.031104903189638 85 0.9636177775032336
3.0335425119656576 80 0.95872637154018
3.0339497094686263 75 0.9584176833873609
3.03900817398311 76 0.956345420147876
3.0406233034151104 71 0.956378760093041
3.046408523252442 74 0.9553449516011512
3.0489059469740973 66 0.9545172515184922
3.052109839109935 72 0.953339170269865
3.0525949353115265 69 0.951874318617208
3.0622749104485156 64 0.9487682856526631
3.0762939417674824 44 0.9445922855401546
3.0832399425591177 31 0.9441585865619326
3.0855092552627843 25 0.9432370430083901
3.0881382566719195 14 0.9420403938396371
3.09564269409039 8 0.941157146838519
3.0989863175446675 7 0.9406722644463275
3.1081331850310163 8 0.9392362766598696
3.1178685347490145 8 0.9369697040462117
3.1232943613413973 2 0.9349840863011533
3.1304129589986704 1 0.9341778512983793
3.1360969836869486 1 0.9332821305218231
3.1388911456651716 6 0.9333703526703496
3.143483085568115 2 0.9334866000806974
3.152970707509337 2 0.9341984182673515
3.152761808586153 4 0.9350281448589345
3.1558417368251983 3 0.9356134239322331
3.1586682325499527 3 0.9358474870823802
3.164369625595789 2 0.9379898818355776
3.1663939678006794 3 0.937446691697214
3.169758721648032 3 0.9372713066043269
3.1716218312556914 2 0.9376603058180982
3.181928507487152 2 0.9385458485103668
3.1835233700495196 2 0.9392116116123769
3.1860019045329238 1 0.9401042106311477
3.192426718446863 2 0.9418863771010914
3.196659065426644 3 0.9423081712952222
3.1974159303553535 2 0.9428602950692667
3.1989657974615278 2 0.9419760382718018
3.2016678891239425 2 0.9442409842115308
3.201126513502509 1 0.9455583726600725
3.200225132237691 3 0.945926322582785
3.1977995373305466 3 0.9464469412068013
3.1968439040062573 3 0.9471728794276468
3.196557428388387 2 0.948774751237864
3.1959240116372993 2 0.9505163033819853
3.1939207330332633 1 0.9507392429990251
3.1903248997191627 2 0.9501424564292402
3.1890310863806954 2 0.9504158917608432
3.191408182356338 1 0.9508154863324347
3.185711652735638 2 0.952009373336215
3.1851654677957244 2 0.951688381930565
3.181795702111025 2 0.9516505711846707
3.1786494516235897 1 0.952184221877747
3.176391409111298 2 0.9521541244199984
3.174678154914022 1 0.9521384147219262
3.169383685251468 2 0.9522146390001698
3.156781050532522 2 0.9518686244864759
3.1548234735787286 3 0.951821844729017
3.1517526531144613 6 0.9520443954295832
3.1495627808782163 4 0.9517540792400015
3.143279410081779 1 0.9518846375035686
3.143912000626954 3 0.9520326888789619
3.139530469871227 8 0.9527600316640803
3.1363727111714286 9 0.953529183283353
3.129760435911397 13 0.9548374134356106
3.126256040582213 19 0.9561004483126997
3.120652859290524 42 0.9574411352589308
3.1174550749524625 60 0.9598725220446489
3.1155629192530028 62 0.9610084007492247
3.112543261856686 71 0.9626755027650822
3.1020702328857364 78 0.9691081072847413
3.1057029643011367 82 0.971266179848268
3.104326398213844 79 0.972964721347504
3.1041960813077476 90 0.9759117802148028
3.102473128561174 89 0.9780391449917208
3.1017788655717125 86 0.9801044221813798
3.101829921353176 92 0.9816471695787881
3.1027064699032403 90 0.9836349947368185
3.105729962497394 96 0.9843198434420155
3.1080529043333276 92 0.9857430663029505
3.108320963623513 96 0.986108515421075
3.11481134977531 99 0.9867955571302367
3.108652330998383 96 0.9882316804183161
3.1087529323248306 91 0.9884720567814088
3.1088397639337377 95 0.9887953919731068
3.11000829727732 91 0.9891418103769962
3.1107281679356045 96 0.9892364401527691
3.1111370682475026 94 0.9891192071872017
3.1112950854601853 93 0.989124764134935
3.112212549549185 96 0.9889321145007505
3.1125623100127178 92 0.9885213798140877
3.1131582208586783 96 0.9883450735332971
3.11361933618824 97 0.9881588657311638
3.1129892747908388 96 0.9873366107743168
3.115145528322482 95 0.9864824545689076
3.1160255999210826 93 0.985474061223419
3.1165260578794647 98 0.9844774372092573
3.117165378061361 95 0.982965608313737
3.1169975725340784 93 0.9809340639589128
3.1212596512992965 90 0.9778341116664506
3.1227866576149728 94 0.9767517094414169
3.1235018358248694 94 0.9757650463329747
3.125144326313695 94 0.9738057085533107
3.1265152507253804 88 0.9694179309981557
3.1284086836043423 87 0.9643266703383269
3.1291132979968785 91 0.9571855914197595
3.133168694095208 88 0.9467798589632013
3.133516080409973 94 0.9458300053616087
3.1357187759111964 88 0.9414814900500789
3.1361417736824397 90 0.9402426035021284
3.137926170465337 90 0.9371007271945188
3.1387338162819236 84 0.9351826268024896
3.139427535342048 89 0.9318696851046986
3.141632796644673 90 0.9314404770104963
3.1440746342527857 86 0.9264277050564093
3.1474489375648282 89 0.9239481932564729
3.1494701895563644 84 0.9211499020250087
3.155303351808194 81 0.9134879174241517
3.1566350996239985 82 0.9119590904443435
3.1612447504061403 75 0.9054133696478824
3.1659172001338427 82 0.899270562575285
3.1708832351819516 77 0.8961463345026548
3.175887266872278 70 0.8902539066588433
3.1787195143600124 72 0.8879139127719223
3.1826889023699683 66 0.8832655104050492
3.1927691525452686 64 0.8723100949464073
3.198837387386314 64 0.8660503792420533
3.200640675149447 65 0.8642405428755212
3.2040305658990587 58 0.8630498436954683
3.207567199322273 57 0.858129892819153
3.211193017335646 50 0.8548431105527858
3.2155881099357346 41 0.8509400933835622
3.2280790334778415 12 0.8419696863980076
3.235789134794205 8 0.8369352285053072
3.239377477326913 2 0.8344727829968698
3.2416116270964666 5 0.8330464181291611
3.245990247569848 6 0.8306360231906755
3.250790500169031 6 0.8276363056500571
3.2543918592670606 5 0.8267911820662448
3.2604905224801595 5 0.8236925842122661
3.2620142468306583 1 0.822727373474431
3.269359344635257 4 0.8188680789724836
3.2762572715870553 1 0.8164197208767721
3.278171323328518 3 0.8157623672135244
3.2855916993734247 1 0.8135837701882582
3.2926889435322932 1 0.8106875106955479
3.29585816932846 1 0.8094423135435559
3.300036832379484 1 0.8078905430177946
3.3046411561172397 3 0.8069637629107029
3.3258049258163784 1 0.8044190532126925
3.327980553413653 4 0.8043408470649872
3.332334280648679 1 0.8035464415790593
3.33765766469761 4 0.8038309816052399
3.340923535543724 1 0.8038786685998643
3.3423499050158765 1 0.803524725732295
3.343682878213183 2 0.8030720617018859
3.3433802689056127 3 0.8046371867511978
3.342906391939863 1 0.8056943706301298
3.341188108160541 3 0.8071908278552666
3.338754679400416 3 0.8077207916219755
3.336602626531107 2 0.8077041013795918
3.334706291040662 1 0.8077589254058916
3.3322620486618084 1 0.8079833121327129
3.330780442589837 3 0.8082335118339623
3.3273176812205483 4 0.8092753466295819
3.3260238941612097 2 0.8098068279098852
3.322245860782757 2 0.8107793410770198
3.3155005374118782 1 0.8120458802491459
3.307890663080303 1 0.814325122760228
3.3063903820804823 2 0.8156360957500125
3.2982955370268203 1 0.8173763051908428
3.2902601237163522 4 0.8194634588776794
3.267237005803184 5 0.8301724903716168
3.26816669146339 4 0.8303504791294927
3.2651887568975235 9 0.8317357792866416
3.258236267580713 3 0.8349527933663448
3.2570385597075693 10 0.836252790326855
3.251189181406194 21 0.8400564448033679
3.238930232430071 41 0.8500634574880264
3.2385358315145263 47 0.8517293875502141
3.2340058691506153 49 0.8562013249097234
3.2294436281563472 63 0.8609064642769253
3.2209239975297006 63 0.8687851805398332
3.2170305283222653 69 0.8708626131464061
3.2093068699990117 66 0.8780799337275176
3.205422729931725 70 0.8851774834812576
3.1990507268067048 76 0.8924754731480372
3.1951180437996043 75 0.8969631437746083
3.1895580160387924 76 0.9019274530865098
3.1810825798571845 80 0.9125624153033388
3.177776176806416 82 0.9184222026815805
3.1768878124349147 87 0.9194763972588432
3.170945894283871 80 0.9262655302348185
3.1649201553141166 89 0.933564467602743
3.162054474326208 82 0.9363944755595521
3.157708310941017 87 0.9416249319112299
3.1559444795387517 90 0.9428784374864247
3.152280607426222 82 0.9482052431604847
3.1493414154427883 83 0.9508236119269572
3.1454631626814256 89 0.9553204899263361
3.144321195705517 83 0.9565938195138725
3.1399184403970937 82 0.9597672845227313
3.138374729074386 90 0.9616812219200553
3.1345958046673434 84 0.9625995077526451
3.1340727187026105 84 0.9653469513542982
3.1309209604394406 90 0.967129431016142
3.1303920593420336 82 0.9673109704721443
3.128431479463062 84 0.9694168430193673
3.126734453587461 85 0.9715391516345961
3.125510108755308 89 0.9742443632467834
3.1248495938334364 86 0.9751692432583788
3.124433434072894 84 0.9764317379356757
3.1242699010299786 91 0.9777061172768974
3.123594402061978 84 0.9834459108077211
3.1238248821639063 87 0.9844725602694397
3.123717792322304 89 0.9861847534443329
3.1236938431304395 87 0.9881183971397351
3.1234419715037056 87 0.989176511643589
3.1230664739259835 90 0.9908592391030265
3.122664934139911 89 0.9912820541217854
3.122451385287373 95 0.9919604667110666
3.122628275189736 89 0.9931590092017695
3.122409289705616 97 0.9932180477563937
3.1228905818683836 92 0.9935816381723068
3.123627351129029 94 0.9938536586236499
3.1293705752376457 101 0.9925640877474395
3.130698262505339 98 0.9914016064326892
3.1316032746270026 97 0.9910731088428504
3.1338886186062713 98 0.990515514061584
3.1358331729966142 103 0.9893719430480737
3.1391261153587884 97 0.9889445206533174
3.143324179422653 98 0.9877139544339552
3.146561318865356 102 0.9866365084460117
3.1490499641998597 97 0.9855092176519794
3.148952645034329 94 0.9850504780679421
3.1533285636920536 103 0.9839448472775926
3.1547277283505775 96 0.9833304925728235
3.1623160320171593 94 0.980489319264818
3.1631734950906827 103 0.980049571332157
3.1677071408231274 102 0.9774827800744703
3.168583842844079 97 0.9770981590740044
3.170639487270139 99 0.9760920145701345
3.171370658283079 97 0.9757130973254056
3.1737477626438704 101 0.9745313243194481
3.1764601383771245 97 0.9728190315153118
3.1777041171576 101 0.9722258937928031
3.180233083254208 93 0.9705194132324405
3.1874100245150188 94 0.9694204514609875
3.1956543523517347 97 0.9687790683775633
3.2009644887762088 91 0.9685935125493538
3.204291517799249 87 0.9686173169539243
3.214511658926315 87 0.9681622801655055
3.2268200296353493 89 0.9669547248357466
3.2395803846492974 85 0.965073620891969
3.2527944629048244 82 0.9634939045265861
3.263222860895369 78 0.9632151075971136
3.2646537778453446 83 0.9633022721679855
3.276695069987829 80 0.9633386549725409
3.2816024352183053 84 0.9632938323609374
3.287793286447646 83 0.9632412966887657
3.294336229971518 76 0.9629985237407561
3.3008509621727353 76 0.9626222090670072
3.312383391112444 77 0.9619283005103951
3.333853162683276 75 0.9605977448343175
3.3405400553181446 70 0.9601807197021223
3.3504688939240124 71 0.9602238808832281
3.353737083468644 72 0.9601743681869063
3.368846567549485 73 0.9603530648401196
3.3798314876407693 62 0.9605617799405991
3.3979398896227124 59 0.961432010868518
3.4019212294333303 54 0.9617169161249033
3.42097998295713 51 0.9626231531050272
3.427356559991588 38 0.9628842392310105
3.435455620790182 37 0.9640690009393631
3.4405634024254703 35 0.9648338734214473
3.455077957705346 26 0.9660465368532448
3.4572535234585473 27 0.9662081463823057
3.4658032553103024 18 0.9659386846851649
3.470367934058845 19 0.9654774580370162
3.476459109348616 10 0.9653358086904471
3.484214765074653 6 0.965573868611512
3.4900278150915893 6 0.9662667569193695
3.5001917422282722 2 0.9675455438490842
3.5061441327701437 6 0.9679767991988493
3.515742390902176 7 0.9681368010180679
3.517825440912038 7 0.9682607215286276
3.519386789740432 9 0.9685767776660847
3.520089145342461 16 0.9688176052886354
3.519268171046185 58 0.9726703758713754
3.514727732802636 70 0.9750936768532589
3.5136472421537914 67 0.9755899550829747
3.511267921784219 74 0.9769282341035789
3.5027867946274336 83 0.9841010622317937
3.5025376936966697 91 0.9847280386093761
3.5016361207545925 92 0.9858045550197058
3.501113683193464 104 0.9881334468734608
3.5013482036807897 94 0.9898083291210689
3.501191356401762 102 0.9910305519216207
3.5022533679701024 107 0.9929109200536573
3.503324411549704 103 0.9938369555134539
3.505202420325532 103 0.9947942104721855
3.5059957569204485 97 0.9953109633905147
3.5094593834734 111 0.9957477498728874
3.5084822389194623 97 0.9965771411282328
3.5087676631626645 104 0.9968264910565047
3.5087399935408947 98 0.9972827901184794
3.509211957182702 106 0.9973492825475563
3.5096489620646345 98 0.997291296849136
3.5096516144149725 99 0.9971391363269744
3.509260785520701 96 0.9971164695808278
3.509019680591778 103 0.9968659230115287
3.5061619421505155 97 0.9960996929896342
3.506358259733023 100 0.9952303670178942
3.504633750780381 95 0.9948805891127878
3.5061910610902887 95 0.9949681152547845
3.5048530134175615 99 0.9939994825080006
3.502119886068645 94 0.9927634957086782
3.503061406437373 93 0.9924219120382894
3.501871859945899 98 0.9916692710144043
3.4997176065710254 92 0.991098116005846
3.4990968903322015 92 0.9894376162955646
3.496948751014775 89 0.986931628652048
3.4944416788090744 97 0.9852794666683554
3.495623148039778 90 0.9845390435970481
3.495073493686434 90 0.9840631852122549
3.4938547272332827 95 0.9816586551708829
3.491083788765494 87 0.977880245952879
3.4927062734739023 92 0.9765708978188018
3.4920946676898867 85 0.9737135144976993
3.4922010548878726 86 0.972069571767419
3.4929843486130285 87 0.9707782600858847
3.4931160146095475 84 0.9663176657003242
3.493492785752564 83 0.9641517873655081
3.4936494850226896 86 0.9604120482587963
3.496142005452935 80 0.9579782410755596
3.498240893299008 80 0.95507805957101
3.4997832066232606 85 0.9523168389719169
3.501643912710383 78 0.949455292658872
3.506369789917259 83 0.942347860458286
3.507765250682974 77 0.9405311940590616
3.5114908850135715 76 0.935055668096694
3.5165648904628557 72 0.9271552234136952
3.5177522536508508 70 0.9256466439261528
3.522445552277166 73 0.9184134766205203
3.5258150375354815 69 0.9157956628638803
3.5275216412928 68 0.9095254776069206
3.5279926981293883 72 0.905437839109656
3.5327830801670568 67 0.8994224211641503
3.538456264537731 65 0.8892010849441276
3.54492036966622 55 0.8793621946849656
3.5470589377511224 56 0.8771962661777674
3.550521448923514 53 0.869323208984794
3.555380736898159 50 0.861429312457548
3.5621642449113637 44 0.8506800464370801
3.5680005358817124 40 0.8416852730667611
3.571106877570271 37 0.8384270517036936
3.5738623970567542 40 0.8360750258747787
3.5765777123470204 36 0.8309479665031639
3.586379671255391 28 0.8267565154579216
3.5949994585211087 10 0.8195688952149546
3.5985984459188067 3 0.8178182601798825
3.6028080067824404 3 0.814400857068603
3.6083569214799427 2 0.811006058601319
3.6151629557339073 1 0.8065277687902431
3.620129571675066 2 0.8040001202321335
3.6264446322652706 2 0.8022256075724465
3.629234822645391 2 0.800788692808398
3.6302014637011344 2 0.8002886222052673
3.631830687329164 1 0.799980036649904
3.6330207181389604 2 0.8013050381980623
3.635526561797282 1 0.8023218063690221
3.6352914197274186 2 0.8024252244693209
3.638106620007542 1 0.8002256870793129
3.640626321476454 1 0.8002438928734811
3.6436348848331495 2 0.7983053705024232
3.6459983823603395 2 0.7981682953800404
3.6472444954166425 4 0.7974800300338935
3.649774728368588 1 0.7962613123154673
3.650870923640313 2 0.7957608059750273
3.6520817644812036 1 0.7943772797868196
3.652995989387925 1 0.79595912941628
3.6525828762296926 1 0.7987581171456535
3.6506092126934706 1 0.798183875762676
3.647225895476827 2 0.7951885787667458
3.6444064993413607 1 0.7945111453470346
3.641353574900965 2 0.7919281419298801
3.639183367370148 1 0.7906130417619147
3.635668037669657 1 0.7898294782784198
3.634849169350109 2 0.7900863271171705
3.624897571412366 1 0.7896330380084913
3.624061967745913 1 0.7887931868254552
3.618771413784418 3 0.7892455900570549
3.61473804803961 1 0.7908954118196567
3.611064831404974 2 0.7940180428026923
3.5991232718374593 2 0.8055276763761936
3.5943028857362376 2 0.8095251094770958
3.5921411315316187 2 0.8112297867509651
3.5865107532179175 2 0.8165162809046336
3.5855255670407358 3 0.8176409481162675
3.5767852296301994 10 0.8259764209452982
3.5682978933485643 29 0.8349016734950956
3.5660258664267066 32 0.8353617392988881
3.563314422072843 38 0.8402971718728043
3.5605174395308365 39 0.8440783477217243
3.5554250881381995 40 0.8483843917616031
3.5541227220392244 44 0.8515748631342295
3.5503441331904844 43 0.8537980278205405
3.5479679996150777 45 0.8604316752067361
3.5423130888674446 49 0.8691789954420107
3.5376348126215644 48 0.8740250759730793
3.535933006105626 57 0.875748566754923
3.5296080003182886 54 0.8820191428280629
3.5227168353849017 59 0.8892726090622984
3.5180703362693104 64 0.894638467605358
3.5101678430480168 67 0.9043866851892762
3.5070992338344906 65 0.909572498989479
3.5048674710299297 70 0.913730296552476
3.5037704400434047 66 0.9174744208754003
3.499053230609743 71 0.925211377582624
3.497490650846001 66 0.9274006597119053
3.4952083098145916 68 0.930598338575779
3.4927839395857267 73 0.9346410103289764
3.48857664547776 73 0.9432851218731427
3.4868918151382653 76 0.9459882282508041
3.4828908812616035 74 0.9496639482963807
3.480865365050986 80 0.95475913082347
3.4785203787637116 75 0.9579359349515644
3.4796435041898963 75 0.9589468025704082
3.4744537005254172 74 0.9633778867072614
3.4704357641473242 83 0.9661525933459854
3.4705240437216616 77 0.9662013058553262
3.468516139849223 78 0.9677539928374815
3.467977063838849 82 0.9681084320714074
3.467235547736124 79 0.9696316210230158
3.4646133727544397 83 0.9710566958551703
3.4621991884574377 79 0.971443147859037
3.4616437495371817 83 0.9726621244293465
3.4581107443561927 76 0.9720609062833087
3.458697298445551 77 0.9729061456287438
3.457364435839875 81 0.9731888166862743
3.455469522556443 76 0.9737823437531313
3.453592694166807 76 0.9734722074334958
3.4517012926031763 80 0.9746194635717161
3.450652866911088 76 0.9745788892867503
3.4470799956843075 75 0.9739539513372024
3.4453905925043724 81 0.9749266602385893
3.443617582958782 74 0.975139634318277
3.4421574489937354 76 0.9753037684524711
3.439815637701127 81 0.9756858385079173
3.4362866935423253 74 0.9761638681806516
3.4343385996833806 78 0.9762245765222117
3.431405615820625 73 0.9755004339554425
3.4198506862456526 75 0.9763775611186694
3.4143782644521616 72 0.9767523987477073
3.4112980403757205 73 0.9766715355378949
3.4079252604824735 78 0.9769497147087962
3.3962489538005856 72 0.9766678860107213
3.3935762341574525 77 0.9767936884649681
3.3852486893344165 71 0.9768886111272949
3.3804790706448933 72 0.9774493064389677
3.3753833296805413 76 0.977323942879958
3.357648190177561 74 0.9769967924721772
3.353287805092945 78 0.9775056914392827
3.327528923782467 76 0.9784872904074221
3.3181308394917397 69 0.9782865377796192
3.3066906834190926 70 0.9791662289942115
3.299714612362124 75 0.9795272776994834
3.286040377789978 65 0.9802735966019317
3.258349442470913 67 0.9814660804842626
3.2398793786276614 74 0.981896413212901
3.2219844311970993 67 0.9822768870652561
3.213163170520842 74 0.9823677905180459
3.205548051190473 68 0.9824149134459054
3.196423215572251 66 0.9826719128016133
3.192335799234705 72 0.9830624302617222
3.1887608777304393 67 0.9834507608320116
3.172909121687472 64 0.9853086958626388
3.169088616279478 65 0.9855318258326756
3.1674394147372342 68 0.9857865910709039
3.1644639678025626 61 0.9858674222631725
3.154232281724096 61 0.9860836842678521
3.1536042752138718 61 0.9860830226069399
3.150403716502713 57 0.9863015143627472
3.1495977252409983 63 0.9862628240834702
3.149363426376982 58 0.9865469145539201
3.149139653197852 57 0.986625619995583
3.149043956973527 60 0.986716118620349
3.1492724241533008 56 0.9868420400969377
3.149580156625451 53 0.9869217244377282
3.1504150006379485 56 0.9866213602543774
3.152465122058295 52 0.9868542949944035
3.1530559442335595 50 0.9870668626394605
3.1547680078140363 56 0.9870016096645146
3.1629301543851946 50 0.9867657500996024
3.165965180242384 51 0.9871445788831781
3.17027678442368 46 0.9873075828923784
3.1838525864148264 42 0.986888259400005
3.193476457459583 41 0.9859497674785707
3.195877375548747 39 0.9857381146710668
3.199734093418631 42 0.9850166548764236
3.204694275875838 41 0.983811416181879
3.208318572350795 39 0.983348287750398
3.213857966600461 36 0.9827539393259481
3.2181635169255447 36 0.9821335895428442
3.2222915247953416 38 0.9820512153802426
3.2272822512273582 36 0.9817263146990396
3.2288296822969302 38 0.9815778981748198
3.2314984644603864 34 0.9814961724266577
3.236525977520874 39 0.981891741041763
3.237200455088917 36 0.9820267456500877
3.2420319204277215 37 0.9826507721881302
3.2432144451910867 38 0.9830432659313276
3.2441999188605064 37 0.9846821011488577
3.2448452128849903 40 0.9849354466108811
3.2506791394066585 37 0.9868419136867144
3.2515118435880344 39 0.9870917069272771
3.253886923560401 43 0.9879168622553363
3.2563492931715072 41 0.9889152591932255
3.259535060584642 41 0.9902869074987494
3.2614815951260168 47 0.9910831470460071
3.2639223255027474 43 0.9922953433577446
3.264499625459763 44 0.9926427200786568
3.266078873036899 46 0.993378492765802
3.2665868595472527 43 0.9937494962098703
3.268839110250002 48 0.994383702143005
3.2761751168691298 50 0.9948944921692865
3.281025032831264 51 0.9946604407592033
3.2863981647686638 57 0.9941890680933427
3.2928052409634563 61 0.9941449395631171
3.29821630843782 60 0.9939428958148283
3.2987246383328013 61 0.993938987267757
3.3022719905883493 59 0.9937338882573589
3.3053520498682363 61 0.9933824073964548
3.3078275879611048 63 0.993037445179904
3.311649191181889 64 0.9924682261252831
3.3181556370043728 63 0.9914808191181834
3.339229540151967 69 0.9881752946764372
3.347640989632488 64 0.9869017472452866
3.352908892227487 69 0.9858754910474475
3.362478191134041 63 0.9843795583413671
3.3706172242297012 72 0.9825976288505833
3.3770425382656266 65 0.981610947122941
3.383868351725051 67 0.979791828609307
3.3937797131890295 66 0.9775162694949032
3.3970435203385443 68 0.9768937400890071
3.40560995365144 62 0.9763106087819019
3.4081381072395343 67 0.9759893745799528
3.4111281022391706 61 0.9759122894223359
3.4193738714893507 58 0.9758954745759594
3.421127579547739 58 0.9755582706964563
3.4239797902821305 60 0.9758955557274082
3.429769325216184 54 0.975940041110307
3.4315263789565575 58 0.9759346017605107
3.4385110133731454 55 0.9756344484317048
3.4389023772923064 53 0.9756512059393001
3.4427962392319036 54 0.9753834785662906
3.4534032048485304 52 0.9734634615798378
3.4563715818564353 53 0.973588507656999
3.463187336163019 48 0.9733082609482905
3.4663374498450876 50 0.9731077389025673
3.4768563923013724 50 0.9733011916124515
3.4901730028058844 48 0.9736595478054605
3.4938988109811002 46 0.9740542583657914
3.5143898852822875 48 0.9763528653243606
3.5228546202141575 43 0.977443801352791
3.5424396577952315 50 0.9802218998698572
3.5486918141862946 42 0.9808994658433725
3.562052690799743 43 0.9824346940049508
3.5688014275813718 46 0.9829840945398621
3.5854689385045617 40 0.9844589745882171
3.5932270534604425 46 0.985233165393624
3.608342519562485 45 0.986549051769009
3.655427117716429 43 0.9909334130960302
3.6824692936472685 40 0.9925282386381454
3.690179539246174 42 0.9931142592137185
3.711993247100293 39 0.9951249543607298
3.726473428456577 41 0.9960838857161824
3.731828893009383 40 0.9967838517056834
3.7364317372260074 40 0.9971119043105587
3.73821085320231 42 0.9972384391246633
3.738634895760095 37 0.9973208480758388
3.741121901017915 40 0.9974051515090021
3.7395909984924485 36 0.9974120714247942
3.7421389293631586 37 0.997235361416507
3.7443058901307813 35 0.9960786586247208
3.744746824480325 36 0.9953965605668844
3.7447495208170314 35 0.9946915073462801
3.7444805683901023 37 0.9939350865599283
3.743391228203095 39 0.9928539378664409
3.7421765261994393 34 0.9924694085619631
3.7355553807789645 33 0.9898396782874662
3.7318133532734565 29 0.988349095164658
3.729460408278316 30 0.988442421625598
3.723478314807786 32 0.9885609059245353
3.7179504043996645 30 0.9886398580576479
3.7135280176901073 27 0.9881340162469134
3.708069510691493 28 0.9887786196761612
3.704172162022473 25 0.9896161392847105
3.70491764063151 24 0.9899938372467434
3.7018968736865108 26 0.9903369082364358
3.701234642843718 23 0.9909944470769837
3.699659106605299 21 0.9913728988553437
3.6982816511793777 23 0.9897699955175265
3.7005181999344465 25 0.9889073149330261
3.7017265098083025 24 0.9879016568718166
3.7021095576274545 24 0.9874135675094872
3.7045094045825415 20 0.9864039057225276
3.7054436068035517 20 0.9873685492405555
3.705905398370635 25 0.9887955059923608
3.7072510563727157 24 0.9922313667717972
3.708873015410396 19 0.9957771888667541
3.708006552725464 25 0.9967901822621144
3.710436460615321 27 0.9975282484520868
3.712248806810192 27 0.996142769657803
3.712619916250144 23 0.9955619498695867
3.7147602761497147 26 0.9947862923659067
3.7162485237634244 22 0.9929360221989139
3.72028812140555 26 0.9931952668727153
3.725448471785441 25 0.9913212149100367
3.73040024396464 29 0.9879564212592371
3.7339222417179423 26 0.9855921651632956
3.7379764951004795 29 0.9825335959296991
3.741312751239402 30 0.9794621732107702
3.753914506876521 27 0.971191997724348
3.7568410488306454 27 0.9696093759798025
3.7637917999952224 25 0.9670123542470106
3.77336807371578 26 0.9637869007342565
3.7828579991417026 24 0.9624044502432124
3.7869834310335135 27 0.9616781064009389
3.8037760254793476 23 0.9611013731523522
3.8058834519068094 24 0.9616801587696204
3.807012863958104 26 0.9612798171637206
3.8107236679361023 27 0.9617856346160498
3.8113149418145396 25 0.9619549713558577
3.811392489610356 27 0.9631064522216214
3.813235767788543 24 0.9641047756035204
3.812330872294435 28 0.9661199421799533
3.8120349249359595 28 0.9667416755253784
3.8096128972768546 24 0.9674827826075816
3.810493185716181 25 0.9678989153352482
3.8062846489336097 24 0.9692699244652677
3.804801758512019 27 0.9710923474870236
3.8030305548470067 26 0.9724805303198382
3.8016550181048254 28 0.9736377738381592
3.7936134711987433 27 0.9780742125572033
3.7924659122200777 31 0.9791770194215048
3.7854869685575014 27 0.9819152031792658
3.7837059644948132 29 0.9827222978009563
3.778076414600039 28 0.9847860858768672
3.7690342684307074 27 0.9877676439926398
3.7550960875663404 28 0.9910717457048249
3.7457773399451018 26 0.9942484309063124
3.7420871404125915 28 0.9956929107471443
3.7357370161022896 24 0.9974002609059704
3.732004089880089 28 0.9981486696344958
3.7311277627089754 27 0.9989845176116091
3.729487203441831 27 0.9987424775020868
3.736429659446706 28 0.997781153393405
3.7395509841159895 27 0.9973466748551312
3.741027085126166 25 0.9971938936221063
3.7460329176570286 27 0.9965328327253011
3.7468449468306266 29 0.9959004793378059
3.7517036436232307 30 0.9953317570353014
3.7543599088658044 27 0.9940532020941987
3.754202605149554 28 0.9937550768495158
3.7536844598671166 27 0.9936925211173901
3.7533339265988785 29 0.9932896250466374
3.75375585381462 27 0.9930839043064256
3.7540235937165645 29 0.9931709541204089
3.754480425747075 30 0.9930943493339156
3.7541882129742277 31 0.9932257848620356
3.752584711279302 32 0.993290801832799
3.75400760406285 34 0.993050366543562
3.7537882119885135 33 0.9928646957972718
3.753858262244326 36 0.9923039067231729
3.752779802817112 33 0.992019648281807
3.7557467603682113 39 0.9911681810378986
3.759139581828501 39 0.9909621977214057
3.760869904931878 40 0.9911127448998187
3.761013730651114 42 0.990804545055236
3.761589890628248 40 0.9904835777508569
3.7620679389771783 46 0.990360032672024
3.759690756711152 46 0.9900471029519212
3.760995818159887 47 0.9901052198295934
3.7590723012003515 45 0.9901626148336495
3.756963759052891 46 0.9900776995061965
3.7565377830275026 50 0.9901374824628892
3.7550910386021004 53 0.9898984113931925
3.742090204086136 52 0.9891814507627547
3.7344258347457338 57 0.9889778619347238
3.7029467940663934 56 0.9881657543801693
3.686948379518267 62 0.988759795831635
3.67542350946905 61 0.9883947503314641
3.6649606689691647 62 0.9882914429075739
3.6564303032565943 64 0.9878575395235112
3.652593379970986 60 0.9874947628915202
3.6381038591665025 66 0.987575933936939
3.6348086959150923 65 0.9872078876983919
3.6168800069499234 67 0.9868696337739815
3.603489983203362 64 0.9859808664512762
3.5906189365181644 67 0.9854292442079476
3.589052932260155 68 0.9853776080403103
3.578395692736159 64 0.9835435002616975
3.5730815095497896 69 0.9833597804318196
3.5667768218701337 73 0.9826792036544042
3.5599948759166855 65 0.9820636654973292
3.55066268940269 69 0.9819209405535133
3.5437622307175287 65 0.9812864501959014
3.533340877147106 72 0.9811355509983269
3.5320672675331677 66 0.9811542429303834
3.5249802498106044 73 0.980924876957586
3.521411694750235 74 0.9808132997170779
3.5155918609282852 70 0.9803809285098528
3.512952975623595 73 0.9800477599180821
3.507790375996067 74 0.9794012124714071
3.5070694831147176 67 0.9792587625379491
3.4995765799452925 73 0.9784241440794212
3.4981514923355324 66 0.9782107333028316
3.495063232172662 73 0.977879919861904
3.4940645871122267 69 0.9780806478647854
3.49214056883702 66 0.9782286672719187
3.489271581612719 72 0.9778556014493416
3.4887356824208853 66 0.9757879655367674
3.488957382298069 66 0.973173940363665
3.4897033879459305 63 0.972162786175732
3.4909937092786745 66 0.9712613531716634
3.494320508812723 67 0.9703747180288437
3.496989296376782 62 0.9699393262855218
3.5004076817295964 65 0.9694400747501414
3.504263967926058 64 0.9693960674416991
3.5124500419040436 65 0.9687918038190579
3.529514935766792 59 0.9708506236057222
3.5363588214155817 62 0.9714733753894109
3.543589913510972 61 0.9716939008586835
3.556619592075428 62 0.9718621372148082
3.5686396917553074 60 0.9718099870852903
3.5783676875484147 59 0.9710036133149392
3.5885261845376952 63 0.9704282424013827
3.6005595911710344 59 0.9704822904480054
3.6084322322926083 56 0.9711783468449664
3.6821246501980385 58 0.9749307480118062
3.697768223977859 49 0.9740106725315925
3.704837490179945 55 0.9738673429545763
3.71386428061298 51 0.9732660773829898
3.727340880479537 53 0.9734653592554955
3.72950616668743 48 0.9733300676669218
3.742541050045859 47 0.9751399016042227
3.743872936673018 49 0.9756896338715522
3.749756211067524 46 0.9783010037673491
3.7535083942667886 48 0.9800864176914241
3.754784590053523 48 0.9814429317863069
3.758717958769914 43 0.9826713547966156
3.7596645751025513 46 0.9835800029575669
3.767616594487865 42 0.9860703586661486
3.7692698125830972 47 0.9871610115049789
3.77137134544384 43 0.9881039202454983
3.7715129088074564 42 0.9878166414478288
3.770594052576219 40 0.9876182437962293
3.769138249630575 43 0.9869235590997142
3.7643915590449386 38 0.9845031709582827
3.762636227140711 41 0.9834962718069608
3.756552237459136 36 0.979731553347392
3.756110070875726 40 0.9779011569295472
3.7553468676536212 34 0.9761335594491171
3.7549360392238205 39 0.975000560062603
3.7558387517388256 35 0.9723572018816694
3.766622538446646 37 0.9662940207507144
3.7712540905630223 32 0.9638106435842523
3.772467169461058 33 0.9632788569683646
3.784254502904947 33 0.9585496063822869
3.789027771565328 31 0.9575741107425118
3.796707504461274 29 0.9560343215727464
3.7988188305507804 33 0.9557754558869713
3.8118749222107935 30 0.9549883876019931
3.823914184319615 28 0.9547283187212624
3.8383502732438335 31 0.9536926356607238
3.855990082210178 29 0.9515581963586132
3.8604845074822283 27 0.9509407390098196
3.887442984718469 29 0.9495657416573638
3.9062595934631488 25 0.9473103638212667
3.9130449897650705 27 0.9456670725363132
3.921909294893162 28 0.9428026222796786
3.9389483759209427 25 0.9369362682212545
3.9569668924628947 25 0.9329006327982745
3.9718433720013597 25 0.9319418057139105
3.9785772464051665 20 0.9324999201434677
3.9849568467375693 26 0.9333402864214808
3.9928745118451383 25 0.9349921218138646
3.996737149244934 23 0.9358987348309663
3.9993438434876776 26 0.9364671527448448
4.002589311440258 28 0.9365897183726647
4.002523964316958 22 0.9323307289432397
4.000559269178716 21 0.932810268556644
3.9943338344498245 22 0.9333498941787488
3.9908120184147244 24 0.9337259341164298
3.9858042569400682 22 0.9329918851064072
3.9798566094744543 24 0.9349726602693164
3.965787820292788 23 0.9363224830927054
3.959954765703608 24 0.9367651447576681
3.9504773494086125 24 0.9377501055962929
3.924323235592945 25 0.9397521147715113
3.908009113479383 27 0.941294256240727
3.9036184214342238 23 0.941676046471016
3.886036364869496 25 0.942391383693064
3.8666742893739663 27 0.944093130247033
3.8288449238114777 27 0.9457655386215594
3.7583470513636783 27 0.9451666041045089
3.707640670016755 30 0.948760824705813
3.6909831680859875 30 0.9495171497422207
3.6490167528019803 30 0.9493421897022144
3.6387766180351466 33 0.9500256173420957
3.5932857141831156 36 0.9516510501406686
3.577023801066812 36 0.9521435403997031
3.5713164732429457 35 0.9522201555336721
3.5227493940786423 40 0.9518766598058815
3.4795748220868448 40 0.9530865893628254
3.4749756644712444 40 0.9532623688263832
3.456002586490279 41 0.953850861452892
3.443357428385895 43 0.9538657123134188
3.432811183970332 42 0.9543533431209742
3.4144042027258314 42 0.9544894848003894
3.4051419033785417 46 0.9545696526526399
3.3782649494212125 43 0.9543485347145021
3.349246431381135 50 0.9538440889227155
3.3092647554085066 46 0.9536651382801319
3.3052143425886165 50 0.9536633372663591
3.2778435800804235 49 0.9539351195078842
3.266887153120311 47 0.9546113866152673
3.239751882732102 51 0.9564358451915463
3.2354478479038287 49 0.9565914791863697
3.2203558818617517 50 0.9577185635510849
3.167734933189824 55 0.958178634722724
3.139197330728187 53 0.9575652911312652
3.1263306768100767 55 0.9569555081711255
3.0981496904991803 57 0.9559767510731981
3.0828163789854095 58 0.956391086669452
3.0720256912528967 60 0.9568199215268214
3.060117357584055 61 0.9575375198832798
3.0519599353437177 60 0.9572369904146861
3.0375992007395287 63 0.9566608078718098
3.0382692107757596 58 0.9564920844567187
3.014799357380662 70 0.9557095411020073
3.0043514649559464 67 0.9567915185283705
3.001717598405455 76 0.9574739742711199
2.9976637272218647 69 0.9594108946691307
3.0024225976378944 80 0.9620707898436529
2.999740036439649 73 0.9655121461514721
2.999964452589492 75 0.9689217252411506
2.9998977036813415 74 0.9692123964663282
2.9979960343389656 83 0.9702359199627378
2.995516290239222 77 0.9704448259549081
2.99514949472859 77 0.9704055055736784
2.991717664885382 79 0.970284248702664
2.9899637168230977 79 0.97026402842241
2.9869374972750125 77 0.9701940656158146
2.9839247127162376 81 0.969447691423301
2.9816363393523138 79 0.9686485007951239
2.9800491538288734 77 0.9679699794714723
2.978743640301218 79 0.9667457363565243
2.977132666013659 80 0.9655993494366143
2.977636955122081 79 0.9646338130584049
2.983894798871809 78 0.965596665623611
2.986264299406105 76 0.9664723785165437
2.988743007879319 81 0.9678944047420034
2.9965002928736086 75 0.9703121267501669
2.99854219698233 77 0.9723443943080526
3.0024073326863325 71 0.9732970126192401
3.0058243916707736 69 0.9738272532240451
3.008858966967612 71 0.9751950141209569
3.0079460154570516 63 0.9750654748734622
3.0140275112554833 65 0.9721175585156995
3.0160170475496604 57 0.9710761549852021
3.018846080408182 58 0.9696033680800067
3.0262642826569444 58 0.967467493137188
3.035330633390546 53 0.9665418627837769
3.043091142580397 57 0.9673440776959694
3.0615777896068175 52 0.9718250857450863
3.0774371110095413 49 0.9769332636172051
3.09976328206582 46 0.9810005801098209
3.1034849740630612 45 0.9817021652860436
3.115666009435836 45 0.9825423324012637
3.1331821338321935 41 0.9839240636473935
3.148770103794325 37 0.9849917377554104
3.154462498455884 39 0.9862451462855025
3.164026206290142 34 0.9877438629387122
3.1674724644761936 35 0.9883438263233393
3.168275975211266 39 0.9884312038868901
3.170365363687716 34 0.9886034372833066
3.172486557369912 29 0.9907913784979171
3.17144269165947 31 0.9903534601018741
3.1702770419379624 27 0.9914846584429586
3.169195061128907 29 0.9914245301271637
3.1649412042924485 30 0.9917303175841814
3.1633517469698114 25 0.9919307830153307
3.159153576535969 27 0.9923752988812954
3.154927295258599 24 0.9925757961152772
3.152746286888835 27 0.9926605984982332
3.1509978903345885 25 0.9910846237599563
3.149033528902416 23 0.9886040378833612
3.148153326865051 20 0.9874405982864594
3.1474933187414202 22 0.9863911925901687
3.1471474248143174 16 0.9849377195694095
3.1470313863665687 20 0.9819257250768266
3.1466212144995134 21 0.9791089675656843
3.14771802462705 18 0.9768332868230946
3.1470439188550756 15 0.9755798672244924
3.1469927704338296 20 0.974027805975803
3.148663710567135 15 0.9718321889751049
3.1478406812277613 15 0.9703095645472593
3.149475346648431 17 0.9702370326208158
3.1549925096549924 13 0.9696730433927772
3.158161859087258 13 0.9697912384832653
3.160490635130474 12 0.9696698935526952
3.162282390198091 16 0.9695187521388202
3.1644634224888692 13 0.968954723171572
3.167746999934815 13 0.9670373332040091
3.1689072759083308 14 0.9658374419995044
3.1692195710750064 12 0.9642123535801075
3.176755220236902 13 0.9593156134703964
3.1785646083160684 14 0.9577022655161136
3.182164183764376 15 0.9531974742519086
3.186194832741997 9 0.951659474984244
3.190826373024079 15 0.9497592223336523
3.1968072524931985 15 0.9463948121889669
3.206484230427638 13 0.9432600978555193
3.2086615162936 13 0.9416729942847156
3.2152217743927825 13 0.9382051560378861
3.219310406769316 10 0.9365077093661716
3.231148570487128 17 0.9330750589162055
3.239142039231682 10 0.932164313931919
3.24681567470787 13 0.9318264938827276
3.2566275382655556 14 0.9309849219882923
3.2716695910325964 13 0.9295048187721425
3.279124260511374 14 0.9286833772492818
3.2975259481010046 16 0.9278066808730471
3.304720068213262 15 0.9274270072310972
3.3163245551294236 9 0.9268430264080739
3.323241058811876 12 0.9264985077658516
3.3317432266508757 15 0.9259183929829071
3.341837615249692 11 0.9245665095516472
3.3614210564098634 9 0.9222865701415507
3.370376304217061 13 0.9203642731240239
3.3829078526004146 12 0.9176156939600492
3.4001019663747107 12 0.9116939255217996
3.4029003606245682 10 0.9102489376656582
3.4225141050224974 8 0.8986892304907401
3.4314038898437444 12 0.8955234998913882
3.433545453993135 9 0.8951722920382222
3.4366418435967208 10 0.8948862480698773
3.438596814724235 12 0.8950261995128128
3.440603204945849 10 0.8961942379617219
3.443562389559501 13 0.9004160993176713
3.442609279190133 12 0.9006880209145773
3.4452410801475315 9 0.9020700350240712
3.44526208112545 12 0.9034826717043947
3.443349467890517 14 0.9095993149265393
3.4411800465244533 14 0.9145224343904161
3.4393676983184136 12 0.9176361108971005
3.429817438256526 18 0.9317340919695867
3.423830143110327 18 0.9403677526075512
3.4188521756184533 18 0.94855722135303
3.4107182652160093 14 0.9576416446445801
3.4085697858775896 18 0.9613874094123173
3.4030400595507624 19 0.9650708217020493
3.400302922596488 17 0.9678526459058633
3.39133114387886 21 0.9725722816747279
3.38410713540369 17 0.97480214140398
3.377723067584121 20 0.9760628324851219
3.3682710061151977 20 0.9774350116928904
3.358396005667058 23 0.9790931064124628
3.3353457762171788 22 0.9821642406656041
3.3290736440479893 21 0.9828448845079837
3.3225793582365655 24 0.9833657125288064
3.3164723446215123 25 0.9836949527225642
3.30777281031292 28 0.9842341029585012
3.301259596042466 25 0.9847139291083903
3.29287256779069 25 0.9858176106397278
3.266659916403841 28 0.9899491113617912
3.2463974726232196 27 0.9923164285507815
3.2365370540564964 28 0.9932230127112098
3.2031034835253096 31 0.9950813763040046
3.1900868563619484 34 0.995372732676153
3.1734038687887605 32 0.9955153650978066
3.1584048088401793 29 0.9952866159297944
3.1131535269072663 43 0.9939535818448246
3.1022922812367035 37 0.9935269258855954
3.0658408522394507 44 0.992217300163332
3.0535072257703657 45 0.9918563905623419
3.0341909027514395 44 0.991339716467774
3.0141094851272565 48 0.9909354097239353
2.9820016019585087 49 0.9908751527662017
2.9760647085609286 49 0.991122243555887
2.92322610864905 55 0.9916237789908258
2.911547440389384 54 0.9922595236657342
2.878155911827971 63 0.9943529700398261
2.86550246904442 60 0.9951309592842124
2.838834959020719 67 0.9963250422223034
2.8125670813847274 71 0.9960919382160389
2.78897901466051 74 0.9952654862879994
2.781118500699612 78 0.9952586774316757
2.7668912022769523 78 0.9954372214143279
2.7630806578004474 73 0.9960742674036873
2.753555899020981 84 0.996210125867046
2.73537223618156 77 0.9960804653874833
2.7308761042184293 84 0.9963353871952145
2.7207262975171274 83 0.9964889211425201
2.7142561879489784 82 0.9961358702932478
2.7083504793434074 87 0.9960473750996857
2.7008133744115415 86 0.9960974981352051
2.6958893111337052 80 0.9960719826517731
2.686645974483241 87 0.996610087195046
2.6835252232417566 81 0.9969182585569438
2.679516763345388 86 0.997021576266646
2.6755611589300528 79 0.9978026391219978
2.6724747856052886 85 0.9982000843293058
2.672093754405434 80 0.9983517910054014
2.670274945049866 89 0.9984551827298164
2.673000051026106 81 0.998657286113788
2.677910565635154 83 0.9974482835743458
2.679665993183343 79 0.996727012812538
2.6806973457274514 80 0.9956804025715986
2.6841445881451516 79 0.993580942793288
2.689598528194697 82 0.9924409555683402
2.688570296562983 80 0.9916761442701371
2.688826327217326 84 0.9916524781110877
2.6911838413965152 81 0.9915795326798028
2.691539483687885 79 0.9913581806819529
2.690667156192302 85 0.9912472568969674
2.688812045274122 79 0.9914867142867061
2.69005324667672 84 0.9916416451521401
2.6907054839842024 86 0.9914685011549845
2.691604049450417 80 0.9919683523109366
2.691579960004625 78 0.9924464052920289
2.6916445151356547 86 0.9929997409037084
2.6926038228717037 83 0.9939838700997565
2.69182067073033 80 0.9932123552269072
2.6935612773553834 84 0.9929084063454844
2.694933487246391 80 0.992697648365329
2.6929092788475337 85 0.9927560880740394
2.694186620946827 84 0.9930966637751897
2.6935564897105855 78 0.9928844358838066
2.6936748207668963 82 0.9928467252780951
2.6939562974340325 78 0.9927303400659823
2.694245083306391 84 0.9925984162417417
2.6941419274833085 80 0.992569857885508
2.6940820768654477 79 0.9928220833524627
2.6920559327765616 81 0.9927099536921998
2.693833827264199 78 0.9927138381445362
2.6948139523078094 85 0.9924828423174784
2.6944827177706565 84 0.9922085936177844
2.6975301445616062 80 0.9919463017002481
2.698803175736854 85 0.9911995491409694
2.700970448491548 82 0.990411519073258
2.7016105688679124 79 0.9899415233742727
2.7022213971994002 80 0.989726539248596
2.7014810915221945 80 0.9899061107522026
2.7012214340526937 84 0.9901710805379791
2.7010628563291186 79 0.9899449032548265
2.7016725385012124 79 0.9899020407673678
2.701758005388405 84 0.9897688755976262
2.7018311879818744 80 0.9897663268893724
2.7012677089604136 84 0.9898966936088581
2.6995569190901345 77 0.9898731032537226
2.7012861519686395 88 0.9899052812626132
2.7011809635309234 84 0.9899445850480999
2.701153135056719 82 0.9900998803235437
2.6999372145880733 77 0.9899814167949036
2.701100265717171 82 0.9899424514672309
2.7010675820974797 79 0.989937351896384
2.7008788090700535 81 0.9899810769432342
2.699845727459148 80 0.9901125976435414
2.7012878216519938 86 0.9901320884902307
2.7010050043710163 80 0.989976774360582
2.7009866454454854 79 0.9899732974175938
2.7009484320654824 86 0.98994036991441
2.701184231957174 82 0.9899631376966131
2.7010052194630974 79 0.9901401945344988
2.701293137919929 80 0.990117844196143
2.7010103212304855 82 0.9899703110635325
2.700952836345606 87 0.9899700509413021
2.701002228406058 81 0.9899626499200149
2.7010873635219625 83 0.9899814337241732
2.7012971096047207 82 0.9901353208899288
2.699072450478306 82 0.9899497001432196
2.70104679378089 80 0.9899670335331952
2.701022633142022 81 0.9899890152272723
2.70107150895973 83 0.9899813356980224
2.7009439344665944 79 0.9899684792487127
2.700855091275478 81 0.9899670384976096
2.699687784271891 84 0.9899530948516281
2.700822978755713 81 0.9899673448737136
2.701163893044527 79 0.9899706190671211
2.70106029370207 79 0.9899794719114522
2.701076810815381 89 0.9899687111857244
2.701091136707889 80 0.9899658449656127
2.700915256186926 80 0.9899676215399755
2.701035904129337 85 0.9899615977493447
2.7008116046057515 80 0.9899708409779888
2.7011969388926427 79 0.9900171817742355
2.7011043114182836 80 0.9900338205187652
2.6996911096185143 83 0.9900117872531623
2.7013440277297067 81 0.9900378557255798
2.700966237496071 82 0.9900260628153064
2.699597096198076 83 0.990010235925056
2.7010089205678645 82 0.9900290468953029
2.6995302562574635 80 0.9900157166691391
