2.6744839253053714 187
2.6758771869524707 177
2.675647997814084 181
2.6737586913022247 189
2.6758236130345567 176
2.6744310453416755 179
2.6756939029808486 188
2.675574173840137 177
2.6756917352219 182
2.674458789681162 187
2.6756645587054466 176
2.675615633155005 182
2.675828523150676 186
2.6755582649195593 178
2.675680786855037 181
2.6754759039028517 187
2.675688623841723 179
2.6756563081844527 183
2.675764664958998 187
2.67400932431305 177
2.6743272358115857 182
2.674271121600833 188
2.6778900240684824 177
2.677717432513498 184
2.6756271547002655 187
2.6758234891458033 177
2.6757521196371417 184
2.6755080020505244 187
2.6756491042332464 177
2.6756856284750032 182
2.675766864278281 187
2.675848106559707 177
2.674222670837444 185
2.6758923510685166 187
2.6756538293189087 178
2.6756645102526813 184
2.6756139890456834 187
2.675552711218403 175
2.6742679332968127 184
2.6739596952023694 185
2.6756287016486544 177
2.6757613960517745 186
2.675803054292258 185
2.675729358271516 176
2.6755687422620427 183
2.677969569801768 186
2.6780248670247953 177
2.6745483961167853 185
2.67574743044704 186
2.6756856135194464 177
2.6757954071629593 185
2.675535697646137 184
2.6756480818781556 177
2.6739170071305005 185
2.6757860649822454 185
2.6755691072509844 176
2.6756422462119684 185
2.675677282098719 184
2.675555595870242 177
2.6756974529759345 187
2.674142645767923 184
2.67555252332044 187
2.675739216306218 185
2.675531587544796 176
2.6757084794401376 187
2.675714097255564 185
2.6742697443837744 187
2.675628974897819 184
2.675729022860362 177
2.6757242640603596 187
2.6755034335155137 183
2.675649495088093 176
2.675749026147356 187
2.6757054411559174 184
2.675662280260768 175
2.675677661025093 186
2.6758944772504996 183
2.675632033951001 177
2.6754325160790384 187
2.6758223445718006 183
2.6759213369647856 181
2.6756941024742074 176
2.674097620670258 187
2.675816334156192 182
2.675849175296374 178
2.6756516548415683 186
2.6758689514926255 182
2.675844704970389 176
2.675824412436802 188
2.6756591343217413 181
2.675715223606235 177
2.6756749781241855 188
2.675599933461402 179
2.6756547314169143 179
2.6756520515966113 187
2.675687265633132 182
2.6742137912910833 176
2.6757074135079515 187
2.675645106114588 182
2.6739918269512977 178
2.675654321228363 181
2.675603287025918 177
2.6755877901851677 186
2.675728047626139 180
2.6756960550785647 179
2.675666907057046 189
2.6757212403861375 181
2.675839111680965 179
2.675597555718626 189
2.6742892051998117 179
2.6757270027066915 178
2.675833604602807 189
2.674322126976324 179
2.6756282937581446 178
2.6756922817428657 187
2.6755820969120885 179
2.6755502285825052 177
2.6756525585383963 188
2.6751973896275776 183
2.675732157532617 179
2.6755089707717437 188
2.67601504199941 177
2.6755515932668703 180
2.675466497268036 188
2.6754627523506374 176
2.6754541826522686 179
2.6754598048772675 189
2.6758829779400917 179
2.6756161475462217 179
2.6756538579278146 189
2.6740334506822996 179
2.6757524792948217 179
2.6755920431158304 189
2.675500099423355 176
2.6757104777085408 181
2.675594871451642 187
2.6755307599975673 180
2.6757585205522134 179
2.6758186723215505 188
2.6737418760392866 178
2.6757699271042066 188
2.6755797012773397 180
2.6738632341261646 178
2.6778786864893935 189
2.6744006720387192 178
2.6756776672347513 179
2.6756570865575315 188
2.6742631289493928 178
2.6738508110277133 181
2.6755836504916783 188
2.677669493317466 177
2.6753368931461416 183
2.6754699798424104 186
2.6758365139816433 178
2.6741524198979514 182
2.678026648146252 187
2.6756576396640415 178
2.675681589172148 182
2.6756456062623464 186
2.6744426425786636 176
2.677835536690465 182
2.6780305564717652 186
2.678141977334472 177
2.6779967825247732 183
2.675784787284687 186
2.6757847969864015 175
2.6757279835937635 183
2.6756254686049474 187
2.6755634870125142 177
2.6756385423529467 184
2.6739735617142113 187
2.67429401525269 175
2.6756526345117586 184
2.674297493606335 185
2.6757330249603326 177
2.675717988243825 183
2.6755338013801393 188
2.6739322977766458 177
2.6757652191869354 185
2.674156587037794 185
2.6781607557119185 176
2.675657009941334 182
2.6758523064976454 187
2.674096481885156 174
2.6757773102120637 184
2.6758020062979457 185
2.675735581890386 178
2.674081788989171 185
