2.5141152824536555 174.0504 0.9946104926894942
2.514674502098284 172.906 0.9945681627277688
2.5185180924685366 175.83779999999996 0.9942852600090948
2.52159515699919 173.6922 0.9940556291021343
2.523453336310526 174.263 0.9938911444707792
2.5184467375963497 171.1162 0.994361810302656
2.524298915780619 173.977 0.9940039925551889
2.526280188346329 172.69219999999999 0.9939157848030995
2.528623690658686 173.977 0.9938239612594634
2.540661112816618 171.259 0.9931120171731285
2.543966395671654 170.0452 0.9929066145113413
2.5460376324777734 169.83259999999999 0.9927846227923551
2.5464158542934516 171.26299999999998 0.9929059622860271
2.5456317639493373 171.55059999999997 0.9931737752219442
2.5427019299207387 173.1186 0.9933875931139943
2.5429383397374643 172.91 0.9934099094397021
2.5417560539902873 175.263 0.9934643738163744
2.5343220635945123 175.0504 0.9938169696365424
2.532266571052484 172.69219999999999 0.9937713984702068
2.5331562593185106 176.5518 0.9935136924096265
2.5313518828586874 173.977 0.9931739281628754
2.5303505495453757 174.97299999999998 0.9930148787676174
2.523156903424351 172.91 0.9928270413451984
2.5171108310890893 174.263 0.9920270120998271
2.51055556003086 175.55180000000001 0.9912989971178995
2.5100153537839534 175.55180000000001 0.9911606769563929
2.5098233027910437 175.55180000000001 0.9911677520766492
2.5055091412475283 171.9782 0.9911082705267048
2.500595041180175 175.12259999999998 0.9914983327886171
2.4993246045060142 173.1226 0.9916899748894049
2.4984938018075975 176.624 0.9918415459036011
2.4993421138143948 173.90879999999999 0.991882234589068
2.4986400132418862 176.624 0.9919420699054542
2.4971102812216013 176.624 0.9919502998831196
2.4944703678033937 174.628 0.9919488625246157
2.49185128444377 175.12259999999998 0.9918592243863321
2.491952100770061 172.76439999999997 0.9918330391023676
2.494348870391981 177.1948 0.9915831376168974
2.496698127269988 175.973 0.9913237791660705
2.4983394730197688 175.1266 0.990970950975261
2.500003723360506 173.1226 0.9906058970319768
2.5018129667317193 176.624 0.9901190384554002
2.501681856132463 175.12259999999998 0.9902592705438881
2.5017276347621884 173.7604 0.9902442013646751
2.501756737828066 174.83659999999998 0.9906183785591937
2.5010880337765 175.12259999999998 0.9907878099930781
2.5005961300934434 167.90479999999997 0.9909135623748531
2.5001346121770487 176.624 0.9909537004107147
2.499420496658597 173.90879999999999 0.9909660793763098
2.4989475969823465 176.76839999999999 0.9909482294298013
2.4992073627953073 173.90879999999999 0.9909400178678178
2.4995094290655815 173.5518 0.9909928663337092
2.4988807060463802 177.69619999999998 0.9915630257547844
2.502049886216608 174.11739999999998 0.9915190089188899
2.502410874367984 175.6962 0.991511964421602
2.5037692565855565 175.624 0.9914763266562843
2.5048581346862075 176.98219999999998 0.9914366907076664
2.5063672675962887 173.5518 0.991343059064954
2.5071107725886264 177.69619999999998 0.9912761653077107
2.506846993780693 177.69619999999998 0.9912601942755713
2.5066763381861983 177.7644 0.9912687318653575
2.5059389761432627 176.624 0.9911732322929634
2.503642136373373 172.76439999999997 0.9913651812361566
2.4996118353653785 171.7644 0.9913182124962642
2.4957232878225764 177.977 0.9908805463342913
2.492116852694025 171.19079999999997 0.9906548366226154
2.4881149766571204 176.41539999999998 0.989882234246633
2.4852830370544594 171.7644 0.9884068504600184
2.479071091295094 177.90999999999997 0.9864238275128793
2.4713687828539794 174.90999999999997 0.9849168443413852
2.4641266248067266 169.3352 0.9801434131416804
2.4581331081511806 176.76839999999999 0.9778771122104916
2.4510131290711827 176.84459999999999 0.9762088987476187
2.448042045980993 177.62399999999997 0.9758539866187341
2.446373079822123 178.1266 0.9757027818517965
2.4273814293997305 174.5558 0.973715194004626
2.4221112410835253 176.55579999999998 0.9730992164476704
2.4120808895210457 178.76839999999999 0.9715858252565146
2.4114203078683456 173.3432 0.9727896596191669
2.4116526490659727 175.9116 0.9731694434948436
2.413379744869102 175.9116 0.9739380237278091
2.414628688930204 174.4784 0.9746192006675942
2.416961349250023 176.76839999999999 0.9765781737672872
2.4179867058655713 176.76839999999999 0.9786573246877672
2.4167321190392532 178.76839999999999 0.9805009099259764
2.408954058596695 173.5558 0.9860975217626846
2.409048564893506 176.4114 0.9861251300660406
2.4109088808834 173.5558 0.9863441076555315
2.4137683324319874 177.70139999999998 0.9868298251467981
2.413669398853588 174.699 0.9869183930343961
2.4102671599627192 175.7712 0.9875517426632223
2.4047553147252807 177.5586 0.9881204220538654
2.403286169446925 178.7002 0.9884870896343192
2.401155525901044 174.55059999999997 0.9888372412379204
2.3731881635679732 178.1976 0.9928065075129539
2.371667254902872 176.338 0.9933560539398141
2.3710631626487726 176.338 0.9935561495589885
2.3696859355358066 176.338 0.9939528365544733
2.3679578865309265 181.41539999999998 0.9940080397208305
2.3678101236128306 176.55579999999998 0.9940170535166665
2.36739259770076 176.338 0.9940150994330281
2.3668510977224098 179.48239999999998 0.9939899499185816
2.3552251237723985 178.1976 0.993075490172081
2.3545262300591956 173.1202 0.9927312688629416
2.354701832340226 178.1976 0.992684432522793
2.3577864777215725 178.7712 0.9923868406686274
2.363945899300504 177.48239999999998 0.9922621949602014
2.3648004819028454 175.699 0.9922380255914828
2.3701677922524826 175.699 0.992070634640132
2.3705908787248138 174.77120000000002 0.9920344629826378
2.373117324619691 173.69619999999998 0.9916027415648794
2.3771384965298283 179.48760000000001 0.990329345876048
2.370713430686284 176.34319999999997 0.9891502077342202
2.3703660315195454 175.338 0.9888936010303258
2.370270638887962 171.699 0.988661472418218
2.372937927629152 178.34319999999997 0.9880157124451187
2.377703373804662 175.8434 0.9874843686345457
2.3787711110127043 170.624 0.9872343830105031
2.380195258396487 174.5586 0.9867390428913013
2.387222007007121 176.69619999999998 0.9851152950411646
2.4013183012012025 175.7712 0.9828827052577592
2.404698255895246 173.48360000000002 0.9824462697627995
2.4072664919572353 175.9862 0.9820934798743565
2.409312302812532 173.70420000000001 0.9817381851846447
2.4124189782825853 171.62399999999997 0.9807667716113232
2.4149570938930176 176.48359999999997 0.9793000688115706
2.416794435121387 172.8394 0.9785709589954367
2.4283677416554075 174.989 0.9759683235202565
2.4426764157967122 172.76439999999997 0.9713660662670978
2.4448308065547937 176.55579999999998 0.970600113095993
2.446871594043275 169.6962 0.9700051293787976
2.446923997250522 172.76839999999999 0.9697870182520422
2.4511725195295497 170.69619999999998 0.9678982257171982
2.455932333219949 172.985 0.9663199385585475
2.4594515263264056 173.69619999999998 0.9646596707882367
2.4637871136750764 175.90999999999997 0.9628251200689589
2.4700407894239484 170.7644 0.9613019196742251
2.4744253982571376 173.5518 0.9602580917633604
2.4814058117608644 170.26299999999998 0.9584858301546083
2.48751818666529 175.12259999999998 0.9571335748452205
2.4941816502678145 171.9782 0.9558735895730487
2.4988837800122616 166.0452 0.9547123815801523
2.5033581347232605 170.25379999999998 0.9531293774439098
2.5076540664061198 171.9048 0.9518476078419441
2.5128886859348194 169.6962 0.9506552765150103
2.5293394734198182 168.11860000000001 0.9476368443241181
2.53524717628033 170.69099999999997 0.9460979337236548
2.538893938640699 168.90079999999998 0.945339496811686
2.5406414242505337 169.0464 0.9451207950058225
2.5444537192569707 172.0504 0.9446149147355983
2.5487088421580784 173.0464 0.9440485540019812
2.5528722514263977 169.973 0.9434849700008705
2.553252396344672 171.18679999999998 0.9427103530721956
2.5536983345909325 170.196 0.9415553091172704
2.5556255600743243 169.973 0.9406159557132969
2.55850514571221 172.11860000000001 0.939648013247139
2.5588084437127225 170.18559999999997 0.9384478983827513
2.5596914138951843 173.25900000000001 0.9371240121963721
2.56144283070653 170.18559999999997 0.9361326540642323
2.563580382904967 170.9008 0.9351555522515907
2.5661359521400193 169.04119999999998 0.9346921163238417
2.570670963589807 172.1908 0.9337610605716493
2.574098234596331 170.255 0.9327102968004591
2.5748153979896524 170.255 0.9320916396081708
2.5732162785035944 170.612 0.9317672524898319
2.5735773992185003 167.1816 0.9321888963859339
2.5747639836544876 172.11339999999998 0.9322862961186668
2.5744971516591 168.18679999999998 0.932083255991607
2.5755567106883017 169.32719999999998 0.9319244327617302
2.575766581790879 172.1908 0.9318253988829912
2.5763719684225896 171.18679999999998 0.9320261772434869
2.576218199322099 169.75639999999999 0.9319212453918618
2.575825486728813 172.1908 0.9324919158640098
2.5742126725692267 172.1908 0.933059090267869
2.5699690859131357 171.18679999999998 0.9352556352196679
2.564037061288348 169.6092 0.9370590858212513
2.5579418414789608 169.32719999999998 0.9391496044667814
2.548456514750498 171.40339999999998 0.9422213555459864
2.5386060942615605 168.90079999999998 0.9443737104949584
2.530141881639851 169.4716 0.9467060769907709
2.5202937108354657 171.9048 0.9501750958125845
2.5191117154692626 169.83259999999999 0.950576233595267
2.4984798787614086 172.76439999999997 0.9565104724626877
2.4898544678050456 168.6854 0.9591275018916239
2.4791188830835655 170.7644 0.9627152391922862
2.471327540930335 173.1226 0.9651079598898594
2.458260785042938 175.55579999999998 0.9689763097428966
2.4440366486101386 173.8406 0.9724993125231663
2.4310445959069624 173.5558 0.9760086987745118
2.423045739238583 173.84179999999998 0.9782367901910192
2.415468450375785 175.6962 0.9802776479832981
2.4024710411593424 174.4784 0.9835798416928746
2.3951265582617056 172.9168 0.9853865659844825
2.388397119406548 178.7002 0.986770977830012
2.383784098416151 177.48239999999998 0.9879701488833007
2.3842047368623223 174.4102 0.9892620260784926
2.383441666802975 178.2698 0.990111332110857
2.3807529531090457 177.1254 0.9903356379353084
2.375750392006014 176.7002 0.9906768913743105
2.376275161177941 171.4836 0.9907296978015434
2.3800428710251396 179.48760000000001 0.9907343024951529
2.3934325850928615 175.55579999999998 0.9903620477482141
2.3957976756101216 177.41539999999998 0.9902477850249937
2.400808982395617 173.338 0.9899500079039371
2.405842670472498 178.4876 0.9891323282194968
2.41267224604044 176.34319999999997 0.9885232776035429
2.416084420709438 178.7002 0.9878308081964078
2.4212665464945515 173.69379999999998 0.9856260063613091
2.423613476103495 173.76839999999999 0.9845433307104824
2.429403895900138 176.55579999999998 0.9829984358685738
2.429954855772903 173.6268 0.9827982156860056
2.4327470278062187 176.69619999999998 0.9814703702723501
2.433818245551534 175.7764 0.9799396210571582
2.435736653746752 173.76839999999999 0.9783424880928184
2.4368768471941307 176.69899999999998 0.9768896338024148
2.44029787172465 176.76839999999999 0.974319759654208
2.442371299337978 178.76839999999999 0.9718939879047558
2.443240425257225 177.69619999999998 0.9696387303711675
2.440215264809882 177.69619999999998 0.9674000992153843
2.434187942808897 178.6962 0.9654089982414288
2.4306173612472874 176.624 0.9640321408141264
2.4271803363002133 176.624 0.9622463737140997
2.426818889098001 178.34319999999997 0.9608132160066101
2.426985817404774 178.91160000000002 0.9588703259522389
2.4280207195012777 178.90879999999999 0.9565444014365221
2.428603012672577 176.2646 0.954494998251154
2.426072189867671 175.4836 0.9524976427019661
2.425397764273743 179.90879999999999 0.9505338020319561
2.4240458319465965 175.05720000000002 0.9488488437063468
2.4233631249926906 179.76439999999997 0.9470013251094472
2.4247116260834627 178.12939999999998 0.945051530367095
2.4302390724835155 176.76839999999999 0.9425360340478399
2.436709383113702 178.9168 0.9402327417965904
2.4445737906385876 176.68699999999998 0.9378541185748747
2.4547707064596316 173.90879999999999 0.9350645378577971
2.4650754909188355 176.624 0.9323077879944933
2.4787664266798433 178.90879999999999 0.9292596038623744
2.490270663546997 177.83659999999998 0.9265453133332429
2.500166121236933 179.90879999999999 0.92412639579574
2.5120687984326446 176.7644 0.9210061093280009
2.46548739659453 176.8366 0.9194472686332966
2.4617366810983925 176.05039999999997 0.9216053871440057
2.45802426362106 176.624 0.9235588578394445
2.4526130260712646 176.624 0.9259927028305662
2.4494155383066536 177.9048 0.9277978767444156
2.4455941144780664 173.90879999999999 0.9302662931936361
2.4394210051825214 177.69619999999998 0.9332020137418986
2.4332900371601274 176.90479999999997 0.9357018923681086
2.4259178424331207 179.83659999999998 0.9386421183101421
2.4197492711418174 178.55579999999998 0.9415869120345027
2.4135652752153853 178.9168 0.9442705327452394
2.409473968029997 173.98499999999999 0.946011963830191
2.4053889281250216 176.48359999999997 0.9483237406272166
2.4016613421872886 179.69619999999998 0.9506071106915022
2.399767954835048 181.7684 0.9522853510240847
2.3965014353010075 177.5558 0.9543373625064006
2.3928074063725115 178.69099999999997 0.9559856321167511
2.390051105221532 176.9168 0.9578483852730199
2.3892527379133206 177.9116 0.9594667200198855
2.389354631812743 177.62679999999997 0.9609039883617677
2.3895133585189026 179.90879999999999 0.9622510677448415
2.389768871758553 178.6962 0.9627691775638203
2.3903389732577565 175.9116 0.9650156424670231
2.390160231930726 175.9168 0.9662964609464475
2.387653422643121 177.69899999999998 0.9676915763262323
2.385286084482575 178.91160000000002 0.9690070629539632
2.3843599324418263 181.628 0.9700178653378534
2.3786015154190885 180.41019999999997 0.9728609994041156
2.3755705246370713 175.41539999999998 0.9741916802593017
2.3751930589316803 179.7002 0.9758149505331167
2.3755231993544723 177.33799999999997 0.976122592844144
2.376846978577515 177.5558 0.9770776189914979
2.3785084776354033 176.338 0.9782836808262432
2.378665862621209 177.5558 0.9790716735276717
2.3785781736029517 178.9838 0.9803792034531739
2.3771168028976604 176.55579999999998 0.9815353817207767
2.3774773488933936 182.55979999999997 0.9822465434804557
2.378922266804995 175.98379999999997 0.9831930928784787
2.378660341555784 178.1976 0.9840119694044966
2.376635571699398 179.48239999999998 0.9849500020504305
2.373037778680062 176.5534 0.986042167205212
2.3709778542038267 178.8342 0.986752901532069
2.3680948370387735 176.7712 0.987671380198138
2.365705200246098 178.6256 0.9888204708326729
2.3643300137834147 174.1254 0.989482793674132
2.3611467557564394 178.2698 0.9902518767284376
2.359247410080484 176.052 0.9906387793659707
2.3641450234382284 176.9128 0.9921195291942891
2.3680798935056924 180.5598 0.9924882772228059
2.370069745275315 175.5534 0.9923598438098205
2.370477875587573 178.2698 0.9923749328412387
2.371413411835504 178.2698 0.9927712731825028
2.3699426161160906 178.5598 0.9929689320786037
2.3674751557102196 178.55859999999998 0.9928586161204368
2.3668129432860243 179.34199999999998 0.9933371487762871
2.366486140774272 176.48639999999997 0.993602309927222
2.3628373456261396 179.34199999999998 0.9937074436247864
2.358806828128302 175.7712 0.9937581713853888
2.3548335212006384 179.34199999999998 0.993833533181937
2.3503829874268254 174.1254 0.9936508777175289
2.3449569803948505 177.34079999999997 0.9937740064029569
2.343819516397766 179.34199999999998 0.993771034718162
2.3434223236851586 179.34199999999998 0.993865055210855
2.3413595869524966 179.1294 0.9939574822156511
2.338860794589524 179.34199999999998 0.9940541546224837
2.338467743066681 181.1294 0.9942138971904809
2.338301334921754 175.7712 0.9942915379568403
2.33784485460078 176.19759999999997 0.9942769493011431
2.3386172151912885 181.1294 0.9943106603864413
2.339466708617727 180.3472 0.9944164610025582
2.3394668388418713 177.052 0.9943480259944824
2.3393598329012195 171.409 0.9946242151779218
2.340912957293196 179.1294 0.9947564261326112
2.342129279459297 177.342 0.9947063418624066
2.3430781605980306 178.6256 0.9947923113896583
2.3417436910010063 177.052 0.9950080335864
2.339780487084382 178.6308 0.9950106519717321
2.3379973865699237 179.1294 0.9949084437128829
2.3378565444531842 177.052 0.9948968871701651
2.3379613950788554 173.7712 0.994713587129111
2.3378588131257967 180.3408 0.9948653649325165
2.33828573278735 179.34199999999998 0.9948869103257627
